1553
1884
2286
2453
3452
3573
3585
3592
3650
3858
4047
4146
4245
4261
4303
4336
4402
4410
4428
4469
4519
4527
4583
4626
4682
4740
4758
4766
4781
4880
4915
4923
5260
5285
5377
5491
5526
5559
5567
5757
5848
5947
6012
6053
6524
6558
6631
7093
7110
7275
7382
7417
7887
8316
8324
8381
8449
8514
8563
8696
8878
8977
8985
9075
9117
9224
9265
9299
9430
9513
9555
9612
9620
9661
9704
9737
9745
9885
9893
9951
9992
10033
10397
10439
10553
10579
10868
10876
10900
10991
11065
11073
11081
11172
11198
11214
11222
11230
11248
11255
11271
11289
11297
11503
11529
11552
11610
11669
11677
11727
11792
11800
11818
11834
11842
11859
11867
11875
11883
11891
11917
11925
11933
11966
12114
12130
12147
12155
12163
12189
12295
12304
12312
12320
12345
12353
12361
12478
12486
12493
12502
12510
12528
12592
12635
12642
12684
12718
12759
12825
12833
12874
12882
12924
12957
12965
12973
13071
13089
13105
13113
13170
13303
13329
13337
13344
13352
13469
13477
13492
13527
13550
13667
13675
13709
13766
13824
13849
13865
13898
13907
13915
14179
14186
14203
14211
14236
14244
14252
14293
14310
14559
14575
14582
14632
14658
14681
14765
14780
14830
14856
14864
14872
14897
14947
14955
14988
15053
15079
15178
15185
15202
15235
15243
15251
15284
15292
15301
15327
15334
15342
15383
15400
15433
15441
15517
15532
15558
15566
15574
15581
15599
15673
15707
15715
15723
15748
15756
15764
15789
15814
15839
15855
15863
15905
15921
15938
15954
15962
15995
16003
16011
16085
16093
16110
16127
16151
16169
16184
16333
16341
16359
16390
16424
16432
16466
16473
16499
16508
16516
16523
16549
16557
16580
16607
16664
16671
16739
16747
16796
16813
16862
16895
16912
16929
16961
16978
17010
17035
17043
17051
17069
17076
17134
17142
17218
17267
17274
17290
17309
17317
17324
17366
17431
17449
17472
17480
17498
17515
17522
17529
17564
17571
17606
17639
17655
17670
17688
17696
17713
17720
17738
17746
17779
17787
17795
17804
17812
17845
17853
17878
17933
17944
17952
18034
18042
18050
18075
18091
18117
18133
18141
18166
18224
18232
18240
18265
18280
18299
18315
18323
18331
18357
18364
18372
18398
18407
18448
18456
18471
18539
18547
18555
18570
18596
18605
18612
18643
18661
18679
18687
18695
18704
18711
18729
18737
18753
18778
18786
18803
18810
18844
18877
18893
18902
18927
18943
19025
19041
19059
19066
19074
19082
19090
19116
19132
19158
19173
19231
19298
19330
19348
19363
19389
19413
19439
19455
19462
19488
19505
19520
19538
19546
19587
19595
19611
19645
19653
19660
19678
19728
19752
19785
19802
19819
19835
19843
19876
19901
19918
19926
19934
19942
19950
19975
19983
20008
20032
20040
20073
20099
20107
20115
20123
20131
20149
20206
20214
20222
20271
20289
20297
20321
20388
20396
20503
20511
20529
20537
20545
20578
20586
20610
20628
20669
20685
20701
20750
20768
20818
20826
20867
20875
20891
20933
20958
20974
20982
21007
21031
21049
21056
21064
21072
21080
21106
21130
21148
21205
21213
21239
21247
21288
21338
21387
21395
21403
21429
21452
21460
21478
21536
21544
21551
21569
21577
21585
21593
21601
21635
21668
21684
21692
21700
21767
21775
21783
21791
21825
21841
21874
21882
21890
21916
21924
21940
21957
21981
22006
22022
22030
22055
22071
22096
22105
22113
22139
22146
22162
22188
22204
22220
22253
22279
22287
22378
22386
22393
22469
22485
22492
22501
22576
22584
22591
22600
22634
22641
22659
22667
22675
22690
22709
22717
22725
22774
22816
22832
22849
23070
23095
23112
23120
23145
23161
23211
23237
23252
23260
23286
23336
23351
23369
23377
23385
23392
23401
23435
23468
23476
23484
23491
23518
23534
23575
23609
23749
23765
23781
23880
23906
23914
23971
24061
24251
24277
24319
24327
24334
24350
24368
24517
24525
24532
24616
24624
24631
24649
24657
24665
24730
24748
24756
24789
24814
24847
24863
24888
24913
24921
24987
25003
25036
25060
25110
25128
25151
25169
25184
25219
25227
25242
25359
25367
25425
25432
25672
25722
25796
25832
25846
25953
25961
26051
26069
43366
54237
71225
112233
220026
262400
330033
400004
400020
400023
400042
447225
600426
600428
600471
600518
600568
600685
600760
601341
601364
601475
601574
601577
601683
603017
603286
603604
604824
610011
610014
610020
610029
610031
610041
610053
610056
610077
610083
610084
610086
610090
610093
610097
610100
610106
610114
610118
610127
610133
610140
610141
610150
610155
610164
610170
610171
610174
610182
610186
610193
610194
610198
610208
610210
610211
610212
610214
610219
610220
610225
610228
610235
610237
610239
610241
610242
610243
610245
610255
610259
610268
610269
610272
610279
610280
610288
610298
610301
610302
610303
610305
610306
610308
610311
610312
610315
610325
610331
610338
610342
610346
610367
610378
610388
610396
610398
610415
610419
610449
610452
610455
610459
610468
610471
610473
610474
610475
610477
610480
610489
610490
610494
610499
610502
610511
610514
610515
610517
610524
610527
610544
610546
610548
610550
610560
610566
610568
610575
610591
610593
610600
610602
610603
610606
610613
610619
610621
610622
610623
610624
610631
610640
610641
610642
610647
610648
610649
610652
610674
610675
610679
610704
610705
610706
610709
610711
610713
610724
610728
610729
610737
610738
610739
610740
610743
610744
610746
610747
610748
610749
610770
610830
610852
610862
611776
636104
637639
637765
639861
639930
800001
800004
800005
800008
800010
808412
808413
900002
900014
900020
984000
