
02 31 35 30 36 37 30 31 36 34 35 45 46 30 35 00   ~1506701645EF05~
00 31 30 54 50 30 30 30 30 5A 58 31 35 43 45 52   ~10TP0000ZX15CER
4E 1B 3F 56 33 00 00 00 3F 01 2E 07 3F 00 02 00   N~?V3~~~?~.~?~~~
02 00 0D 00 23 00 2D 00 0B 00 00 00 23 55 3F 3F   ~~~~#~-~~~~~#U??
2F 00 03 00 08 00 00 33 3F 00 00 11 3F 5A 75 3F   /~~~~~~3?~~~?Zu?
14 00 33 44 30 42 31 20 20 20 57 41 41 00 00 58   ~~3D0B1   WAA~~X
3F 5A 75 3F 15 00 3F 44 30 42 31 20 20 20 36 33   ?Zu?~~?D0B1   63
33 00 09 4F 3F 5A 75 3F 15 00 0F 44 30 42 32 20   3~~O?Zu?~~~D0B2 
20 20 46 45 50 00 00 42 72 5A 75 3F 15 00 1E 44     FEP~~BrZu?~~~D
30 42 31 20 20 20 43 49 4D 00 00 61 38 5A 75 3F   0B1   CIM~~a8Zu?
15 00 2D 44 30 42 31 31 39 20 36 38 33 00 00 11   ~~-D0B119 683~~~
3F 5A 75 3F 16 00 3D 44 30 42 31 20 20 20 57 41   ?Zu?~~=D0B1   WA
41 00 00 4E 3F 5A 75 3F 17 00 22 44 30 42 31 55   A~~N?Zu?~~"D0B1U
37 20 49 53 20 00 00 58 3F 5A 75 3F 17 00 3B 44   7 IS ~~X?Zu?~~;D
30 42 31 37 36 20 36 33 33 00 00 11 3F 5A 75 3F   0B176 633~~~?Zu?
18 00 3C 44 30 42 31 20 20 20 57 41 41 00 00 4E   ~~<D0B1   WAA~~N
3F 5A 75 3F 18 00 49 44 30 42 31 20 20 20 49 53   ?Zu?~~ID0B1   IS
20 00 00 10 3F 5A 75 3F 18 00 20 44 30 42 31 20    ~~~?Zu?~~ D0B1 
20 20 41 44 56 00 09 51 2A 5A 75 3F 18 00 36 44     ADV~~Q*Zu?~~6D
30 42 31 20 20 20 4D 43 44 00 00 58 3F 5A 75 3F   0B1   MCD~~X?Zu?
19 00 6B 44 30 42 31 37 35 20 36 33 33 00 00 44   ~~kD0B175 633~~D
29 5A 75 3F 19 00 2D 44 30 42 32 20 20 20 36 37   )Zu?~~-D0B2   67
39 00 00 58 3F 5A 75 3F 19 00 3F 44 30 42 31 20   9~~X?Zu?~~?D0B1 
20 20 36 33 33 00 00 25 3F 5A 75 3F 19 00 2C 44     633~~%?Zu?~~,D
30 42 31 20 20 20 50 30 31 00 09 51 2A 5A 75 3F   0B1   P01~~Q*Zu?
19 00 54 44 30 42 31 20 20 20 4E 56 54 00 09 4F   ~~TD0B1   NVT~~O
3F 5A 75 3F 1A 00 25 44 30 42 31 20 20 20 46 45   ?Zu?~~%D0B1   FE
50 00 00 5F 3F 5A 75 3F 1A 01 17 44 30 42 31 37   P~~_?Zu?~~~D0B17
39 20 41 52 58 00 00 58 3F 5A 75 3F 1A 01 24 44   9 ARX~~X?Zu?~~$D
30 42 31 20 20 20 36 33 33 00 00 58 3F 5A 75 3F   0B1   633~~X?Zu?
1C 00 47 44 30 42 31 20 20 20 36 33 33 00 00 0F   ~~GD0B1   633~~~
12 5A 75 3F 1D 00 5D 44 30 42 31 36 39 20 4D 44   ~Zu?~~]D0B169 MD
20 00 09 4E 3F 5A 75 3F 1D 00 1E 44 30 42 31 20    ~~N?Zu?~~~D0B1 
20 20 4D 45 44 00 00 42 72 5A 75 3F 1D 00 3F 44     MED~~BrZu?~~?D
30 42 31 20 20 20 43 49 4D 00 00 58 3F 5A 75 3F   0B1   CIM~~X?Zu?
1E 00 46 44 30 42 31 20 20 20 36 33 33 00 00 10   ~~FD0B1   633~~~
3F 5A 75 3F 1E 00 40 44 30 42 31 20 20 20 4D 45   ?Zu?~~@D0B1   ME
44 00 09 4E 3F 5A 75 3F 1F 00 43 44 30 42 31 20   D~~N?Zu?~~CD0B1 
20 20 20 20 20 00 00 58 3F 5A 75 3F 20 00 3F 44        ~~X?Zu? ~?D
30 42 31 38 38 20 36 33 33 00 00 11 3F 5A 75 3F   0B188 633~~~?Zu?
21 00 48 44 30 42 31 20 20 20 57 41 41 00 09 4F   !~HD0B1   WAA~~O
24 5A 75 3F 21 00 6C 44 30 42 31 37 30 20 49 52   $Zu?!~lD0B170 IR
58 00 00 42 72 5A 75 3F 21 00 24 44 30 42 31 20   X~~BrZu?!~$D0B1 
20 20 43 49 4D 00 00 42 72 5A 75 3F 22 00 0A 44     CIM~~BrZu?"~~D
30 42 31 30 36 20 30 35 31 00 00 58 3F 5A 75 3F   0B106 051~~X?Zu?
22 00 5D 44 30 42 31 20 20 20 36 33 33 00 00 58   "~]D0B1   633~~X
3F 5A 75 3F 22 00 51 44 30 42 31 20 20 20 36 33   ?Zu?"~QD0B1   63
33 00 00 11 3F 5A 75 3F 23 00 44 44 30 42 31 20   3~~~?Zu?#~DD0B1 
20 20 57 41 41 00 00 58 3F 5A 75 3F 24 00 3F 44     WAA~~X?Zu?$~?D
30 42 31 20 20 20 36 33 33 00 00 11 3F 5A 75 3F   0B1   633~~~?Zu?
25 00 3A 44 30 42 31 20 20 20 57 41 41 00 00 42   %~:D0B1   WAA~~B
72 5A 75 3F 26 00 21 44 30 42 31 20 20 20 43 49   rZu?&~!D0B1   CI
4D 00 00 10 3F 5A 75 3F 26 00 3F 44 30 42 31 37   M~~~?Zu?&~?D0B17
39 20 41 44 56 00 00 10 3F 5A 75 3F 26 00 17 44   9 ADV~~~?Zu?&~~D
30 42 31 36 39 20 41 44 56 00 00 42 72 5A 75 3F   0B169 ADV~~BrZu?
26 00 27 44 30 42 31 20 20 20 43 49 4D 00 00 58   &~'D0B1   CIM~~X
3F 5A 75 3F 26 00 3F 44 30 42 31 20 20 20 36 33   ?Zu?&~?D0B1   63
33 00 00 11 3F 5A 75 3F 27 00 40 44 30 42 31 20   3~~~?Zu?'~@D0B1 
20 20 57 41 41 00 00 10 3F 5A 75 3F 28 00 23 44     WAA~~~?Zu?(~#D
30 42 31 20 20 20 4D 45 44 00 00 42 72 5A 75 3F   0B1   MED~~BrZu?
28 00 11 44 30 42 31 37 30 20 43 49 4D 00 00 12   (~~D0B170 CIM~~~
3F 5A 75 3F 29 00 2B 44 30 42 31 35 36 20 44 46   ?Zu?)~+D0B156 DF
36 00 00 42 72 5A 75 3F 2A 00 17 44 30 42 32 20   6~~BrZu?*~~D0B2 
20 20 43 49 4D 00 00 4E 3F 5A 75 3F 2B 00 23 44     CIM~~N?Zu?+~#D
30 42 31 20 20 20 49 53 20 00 00 10 3F 5A 75 3F   0B1   IS ~~~?Zu?
2C 00 1E 44 30 42 31 37 39 20 41 44 56 00 00 49   ,~~D0B179 ADV~~I
62 5A 75 3F 2C 00 57 44 30 42 31 20 20 20 32 32   bZu?,~WD0B1   22
32 00 00 10 3F 5A 75 3F 31 00 11 44 30 42 32 20   2~~~?Zu?1~~D0B2 
20 20 41 44 56 00 00 32 21 5A 75 3F 31 00 3C 44     ADV~~2!Zu?1~<D
30 42 31 20 20 20 46 4C 42 00 00 4E 3F 5A 75 3F   0B1   FLB~~N?Zu?
33 00 20 44 30 42 31 20 20 20 49 53 20 00 00 10   3~ D0B1   IS ~~~
3F 5A 75 3F 33 00 0D 44 30 42 32 33 31 20 41 44   ?Zu?3~~D0B231 AD
56 00 09 50 3F 5A 75 3F 34 00 27 44 30 42 31 38   V~~P?Zu?4~'D0B18
38 20 4D 45 44 00 00 58 3F 5A 75 3F 34 00 74 44   8 MED~~X?Zu?4~tD
30 42 31 38 33 20 36 33 33 00 00 3C 3A 5A 75 3F   0B183 633~~<:Zu?
34 00 51 44 30 42 31 37 35 20 53 44 4D 00 00 10   4~QD0B175 SDM~~~
3F 5A 75 3F 34 00 3F 44 30 42 31 37 39 20 41 44   ?Zu?4~?D0B179 AD
56 00 09 4E 3F 5A 75 3F 34 00 18 44 30 42 31 47   V~~N?Zu?4~~D0B1G
45 20 4D 45 44 00 00 10 3F 5A 75 3F 35 00 20 44   E MED~~~?Zu?5~ D
30 42 31 20 20 20 4D 45 44 00 00 49 62 5A 75 3F   0B1   MED~~IbZu?
36 00 2D 44 30 42 31 20 20 20 54 52 4F 00 00 42   6~-D0B1   TRO~~B
72 5A 75 3F 36 00 1F 44 30 42 31 20 20 20 43 49   rZu?6~~D0B1   CI
4D 00 00 10 3F 5A 75 3F 37 00 25 44 30 42 31 20   M~~~?Zu?7~%D0B1 
20 20 4D 45 44 00 00 10 3F 5A 75 3F 38 00 17 44     MED~~~?Zu?8~~D
30 42 31 36 39 20 41 44 56 00 00 4E 3F 5A 75 3F   0B169 ADV~~N?Zu?
39 00 2F 44 30 42 31 37 39 20 49 53 20 00 00 58   9~/D0B179 IS ~~X
3F 5A 75 3F 39 00 4D 44 30 42 31 20 20 20 36 33   ?Zu?9~MD0B1   63
33 00 00 10 3F 5A 75 3F 3A 00 31 44 30 42 31 20   3~~~?Zu?:~1D0B1 
20 20 4D 43 41 00 00 10 3F 5A 75 3F 3A 00 33 44     MCA~~~?Zu?:~3D
30 42 31 37 30 20 37 37 39 00 00 10 3F 5A 75 3F   0B170 779~~~?Zu?
3A 00 21 44 30 42 31 20 20 20 4D 45 44 00 00 34   :~!D0B1   MED~~4
28 5A 75 3F 3B 00 2F 44 30 42 31 4D 31 20 50 30   (Zu?;~/D0B1M1 P0
33 00 00 10 3F 5A 75 3F 3B 00 29 44 30 42 31 20   3~~~?Zu?;~)D0B1 
20 20 41 44 56 00 00 10 3F 5A 75 3F 3B 00 6D 44     ADV~~~?Zu?;~mD
30 42 31 37 39 20 41 44 56 00 09 4E 3F 5A 75 3F   0B179 ADV~~N?Zu?
3B 00 17 44 30 42 31 20 20 20 4D 45 44 00 00 42   ;~~D0B1   MED~~B
72 5A 75 3F 3B 00 1A 44 30 42 31 20 20 20 43 49   rZu?;~~D0B1   CI
4D 00 00 10 3F 5A 75 3F 3C 00 10 44 30 42 31 37   M~~~?Zu?<~~D0B17
36 20 41 44 56 00 00 42 72 5A 75 3F 3D 00 18 44   6 ADV~~BrZu?=~~D
30 42 31 20 20 20 43 49 4D 00 00 10 3F 5A 75 3F   0B1   CIM~~~?Zu?
3E 00 21 44 30 42 31 20 20 20 41 44 56 00 00 3E   >~!D0B1   ADV~~>
10 5A 75 3F 3E 00 1D 44 30 42 31 20 20 20 41 48   ~Zu?>~~D0B1   AH
46 00 00 10 3F 5A 75 3F 3E 00 21 44 30 42 31 20   F~~~?Zu?>~!D0B1 
20 20 4D 45 44 00 00 10 3F 5A 75 3F 40 00 1B 44     MED~~~?Zu?@~~D
30 42 31 20 20 20 4D 45 44 00 09 4F 31 5A 75 3F   0B1   MED~~O1Zu?
40 00 2B 44 30 42 31 20 20 20 39 39 39 00 00 10   @~+D0B1   999~~~
3F 5A 75 3F 42 00 13 44 30 42 32 20 20 20 41 44   ?Zu?B~~D0B2   AD
56 00 00 58 3F 5A 75 3F 42 00 3D 44 30 42 31 38   V~~X?Zu?B~=D0B18
38 20 36 33 33 00 00 58 3F 5A 75 3F 43 00 49 44   8 633~~X?Zu?C~ID
30 42 31 37 30 20 36 33 33 00 00 10 3F 5A 75 3F   0B170 633~~~?Zu?
44 00 1F 44 30 42 31 20 20 20 4D 45 44 00 00 10   D~~D0B1   MED~~~
3F 5A 75 3F 45 00 1D 44 30 42 31 37 39 20 41 44   ?Zu?E~~D0B179 AD
56 00 00 10 3F 5A 75 3F 46 00 12 44 30 42 31 37   V~~~?Zu?F~~D0B17
39 20 4D 45 44 00 00 2F 28 5A 75 3F 46 00 01 44   9 MED~~/(Zu?F~~D
30 42 31 20 20 20 20 20 20 00 00 34 28 5A 75 3F   0B1      ~~4(Zu?
47 00 26 44 30 42 31 4D 31 20 50 30 33 00 09 4F   G~&D0B1M1 P03~~O
31 5A 75 3F 47 00 1F 44 30 42 32 20 20 20 39 39   1Zu?G~~D0B2   99
39 00 09 4E 3F 5A 75 3F 47 00 2A 44 30 42 31 20   9~~N?Zu?G~*D0B1 
20 20 49 52 58 00 00 42 72 5A 75 3F 47 00 21 44     IRX~~BrZu?G~!D
30 42 31 20 20 20 43 49 4D 00 00 25 3F 5A 75 3F   0B1   CIM~~%?Zu?
49 00 5B 44 30 42 31 37 36 20 50 30 31 00 00 42   I~[D0B176 P01~~B
72 5A 75 3F 49 00 19 44 30 42 31 20 20 20 43 49   rZu?I~~D0B1   CI
4D 00 09 4E 3F 5A 75 3F 4A 00 0C 44 30 42 32 20   M~~N?Zu?J~~D0B2 
20 20 20 20 20 00 00 58 3F 5A 75 3F 4A 00 4B 44        ~~X?Zu?J~KD
30 42 31 37 30 20 36 33 33 00 00 42 72 5A 75 3F   0B170 633~~BrZu?
4A 00 1A 44 30 42 31 20 20 20 43 49 4D 00 00 4E   J~~D0B1   CIM~~N
3F 5A 75 3F 4A 00 29 44 30 42 31 20 20 20 57 47   ?Zu?J~)D0B1   WG
20 00 09 4E 3F 5A 75 3F 4B 00 3F 44 30 42 31 20    ~~N?Zu?K~?D0B1 
20 20 50 58 58 00 00 3E 10 5A 75 3F 4B 00 07 44     PXX~~>~Zu?K~~D
30 42 32 20 20 20 41 48 46 00 00 58 3F 5A 75 3F   0B2   AHF~~X?Zu?
4D 00 45 44 30 42 31 20 20 20 36 33 33 00 00 10   M~ED0B1   633~~~
3F 5A 75 3F 4D 00 20 44 30 42 31 20 20 20 41 44   ?Zu?M~ D0B1   AD
56 00 00 3E 10 5A 75 3F 4D 00 07 44 30 42 32 33   V~~>~Zu?M~~D0B23
31 20 41 48 46 00 09 4F 31 5A 75 3F 4D 00 27 44   1 AHF~~O1Zu?M~'D
30 42 31 20 20 20 39 39 39 00 00 0E 01 5A 75 3F   0B1   999~~~~Zu?
4D 00 22 44 30 42 31 20 20 20 39 37 38 00 09 50   M~"D0B1   978~~P
3F 5A 75 3F 4E 00 22 44 30 42 31 20 20 20 34 32   ?Zu?N~"D0B1   42
34 00 00 58 3F 5A 75 3F 4E 00 35 44 30 42 32 20   4~~X?Zu?N~5D0B2 
20 20 36 33 33 00 00 12 3F 5A 75 3F 4E 00 24 44     633~~~?Zu?N~$D
30 42 31 35 36 20 44 46 36 00 00 3C 3A 5A 75 3F   0B156 DF6~~<:Zu?
4F 00 49 44 30 42 31 37 35 20 53 44 4D 00 00 42   O~ID0B175 SDM~~B
72 5A 75 3F 50 00 10 44 30 42 31 37 37 20 30 32   rZu?P~~D0B177 02
31 00 09 50 3F 5A 75 3F 50 00 14 44 30 42 31 38   1~~P?Zu?P~~D0B18
38 20 4D 45 44 00 00 3C 3F 5A 75 3F 51 00 69 44   8 MED~~<?Zu?Q~iD
30 42 31 20 20 20 30 33 32 00 00 58 3F 5A 75 3F   0B1   032~~X?Zu?
51 00 40 44 30 42 31 38 38 20 36 33 33 00 00 3E   Q~@D0B188 633~~>
10 5A 75 3F 51 00 11 44 30 42 32 33 31 20 41 48   ~Zu?Q~~D0B231 AH
46 00 09 4E 3F 5A 75 3F 52 00 2C 44 30 42 31 47   F~~N?Zu?R~,D0B1G
39 20 50 45 55 00 00 10 3F 5A 75 3F 53 00 17 44   9 PEU~~~?Zu?S~~D
30 42 31 37 39 20 4D 45 44 00 00 49 62 5A 75 3F   0B179 MED~~IbZu?
53 00 2D 44 30 42 31 20 20 20 32 32 32 00 00 10   S~-D0B1   222~~~
3F 5A 75 3F 53 00 1C 44 30 42 31 20 20 20 41 44   ?Zu?S~~D0B1   AD
56 00 00 4E 3F 5A 75 3F 53 00 08 44 30 42 32 20   V~~N?Zu?S~~D0B2 
20 20 57 47 20 00 00 4E 3F 5A 75 3F 54 00 2B 44     WG ~~N?Zu?T~+D
30 42 31 37 39 20 49 53 20 00 00 42 72 5A 75 3F   0B179 IS ~~BrZu?
54 00 1E 44 30 42 31 20 20 20 43 49 4D 00 09 51   T~~D0B1   CIM~~Q
2A 5A 75 3F 55 00 5F 44 30 42 31 20 20 20 4D 43   *Zu?U~_D0B1   MC
44 00 00 3C 3F 5A 75 3F 55 00 2C 44 30 42 31 20   D~~<?Zu?U~,D0B1 
20 20 30 33 32 00 00 10 3F 5A 75 3F 55 00 1D 44     032~~~?Zu?U~~D
30 42 31 20 20 20 4D 45 44 00 00 42 72 5A 75 3F   0B1   MED~~BrZu?
56 00 0D 44 30 42 31 35 32 20 30 32 31 00 00 58   V~~D0B152 021~~X
3F 5A 75 3F 57 00 5F 44 30 42 31 20 20 20 36 33   ?Zu?W~_D0B1   63
33 00 00 32 21 5A 75 3F 58 00 3C 44 30 42 31 20   3~~2!Zu?X~<D0B1 
20 20 46 4C 42 00 00 58 3F 5A 75 3F 59 00 49 44     FLB~~X?Zu?Y~ID
30 42 31 20 20 20 36 33 33 00 00 10 3F 5A 75 3F   0B1   633~~~?Zu?
5B 00 21 44 30 42 31 20 20 20 4D 45 44 00 00 3E   [~!D0B1   MED~~>
10 5A 75 3F 5B 00 10 44 30 42 32 33 31 20 41 48   ~Zu?[~~D0B231 AH
46 00 00 2E 5B 5A 75 3F 5B 00 45 44 30 42 31 20   F~~.[Zu?[~ED0B1 
20 20 48 54 20 00 00 58 3F 5A 75 3F 5C 00 45 44     HT ~~X?Zu?\~ED
30 42 31 20 20 20 36 33 33 00 00 3C 3F 5A 75 3F   0B1   633~~<?Zu?
5D 00 3B 44 30 42 31 20 20 20 30 33 32 00 00 10   ]~;D0B1   032~~~
3F 5A 75 3F 5E 00 23 44 30 42 31 20 20 20 4D 45   ?Zu?^~#D0B1   ME
44 00 00 58 3F 5A 75 3F 5E 00 3F 44 30 42 31 38   D~~X?Zu?^~?D0B18
38 20 36 33 33 00 09 51 2A 5A 75 3F 5E 00 32 44   8 633~~Q*Zu?^~2D
30 42 31 37 39 20 4E 56 54 00 00 42 72 5A 75 3F   0B179 NVT~~BrZu?
5F 00 1D 44 30 42 31 20 20 20 43 49 4D 00 09 51   _~~D0B1   CIM~~Q
2A 5A 75 3F 60 00 35 44 30 42 31 20 20 20 4D 43   *Zu?`~5D0B1   MC
44 00 00 3E 10 5A 75 3F 61 00 1B 44 30 42 31 20   D~~>~Zu?a~~D0B1 
20 20 41 48 46 00 00 3C 3F 5A 75 3F 61 00 28 44     AHF~~<?Zu?a~(D
30 42 31 20 20 20 30 33 32 00 00 42 72 5A 75 3F   0B1   032~~BrZu?
61 00 24 44 30 42 31 20 20 20 43 49 4D 00 00 42   a~$D0B1   CIM~~B
72 5A 75 3F 62 00 19 44 30 42 31 20 20 20 43 49   rZu?b~~D0B1   CI
4D 00 00 42 72 5A 75 3F 63 00 0D 44 30 42 31 37   M~~BrZu?c~~D0B17
37 20 30 32 31 00 00 10 3F 5A 75 3F 63 00 1E 44   7 021~~~?Zu?c~~D
30 42 31 20 20 20 4D 43 41 00 00 58 3F 5A 75 3F   0B1   MCA~~X?Zu?
63 00 3F 44 30 42 31 20 20 20 36 33 33 00 00 42   c~?D0B1   633~~B
72 5A 75 3F 63 00 17 44 30 42 31 38 38 20 30 32   rZu?c~~D0B188 02
31 00 00 58 3F 5A 75 3F 64 00 50 44 30 42 31 20   1~~X?Zu?d~PD0B1 
20 20 36 33 33 00 00 10 3F 5A 75 3F 64 00 1E 44     633~~~?Zu?d~~D
30 42 31 20 20 20 41 44 56 00 00 32 21 5A 75 3F   0B1   ADV~~2!Zu?
65 00 47 44 30 42 31 20 20 20 46 4C 42 00 00 39   e~GD0B1   FLB~~9
3F 5A 75 3F 65 00 2D 44 30 45 31 4D 36 20 43 4F   ?Zu?e~-D0E1M6 CO
4D 00 00 42 72 5A 75 3F 65 00 24 44 30 42 31 20   M~~BrZu?e~$D0B1 
20 20 43 49 4D 00 00 3C 3F 5A 75 3F 65 00 30 44     CIM~~<?Zu?e~0D
30 42 31 20 20 20 30 33 32 00 00 4E 3F 5A 75 3F   0B1   032~~N?Zu?
66 00 1A 44 30 42 31 20 20 20 49 53 20 00 00 10   f~~D0B1   IS ~~~
3F 5A 75 3F 67 00 17 44 30 42 32 20 20 20 4D 45   ?Zu?g~~D0B2   ME
44 00 00 4E 3F 5A 75 3F 67 00 25 44 30 42 31 37   D~~N?Zu?g~%D0B17
36 20 57 47 20 00 00 49 62 5A 75 3F 69 00 30 44   6 WG ~~IbZu?i~0D
30 42 31 20 20 20 54 52 4F 00 00 10 3F 5A 75 3F   0B1   TRO~~~?Zu?
69 00 13 44 30 42 32 20 20 20 4D 45 44 00 00 3C   i~~D0B2   MED~~<
3F 5A 75 3F 69 00 3A 44 30 42 31 20 20 20 30 33   ?Zu?i~:D0B1   03
32 00 00 58 3F 5A 75 3F 69 00 6C 44 30 42 31 20   2~~X?Zu?i~lD0B1 
20 20 36 33 33 00 09 50 3F 5A 75 3F 6A 00 1C 44     633~~P?Zu?j~~D
30 42 31 20 20 20 34 32 34 00 00 42 72 5A 75 3F   0B1   424~~BrZu?
6A 00 27 44 30 42 31 20 20 20 43 49 4D 00 00 25   j~'D0B1   CIM~~%
3F 5A 75 3F 6A 00 1D 44 30 42 31 20 20 20 50 30   ?Zu?j~~D0B1   P0
31 00 09 33 3F 5A 75 3F 6B 00 19 44 30 42 31 36   1~~3?Zu?k~~D0B16
39 20 42 41 5A 00 00 10 3F 5A 75 3F 6B 00 29 44   9 BAZ~~~?Zu?k~)D
30 42 31 20 20 20 41 44 56 00 00 42 72 5A 75 3F   0B1   ADV~~BrZu?
6C 00 11 44 30 42 32 20 20 20 43 49 4D 00 00 10   l~~D0B2   CIM~~~
3F 5A 75 3F 6C 00 36 44 30 42 31 20 20 20 4D 45   ?Zu?l~6D0B1   ME
44 00 00 10 3F 5A 75 3F 6C 00 15 44 30 42 32 20   D~~~?Zu?l~~D0B2 
20 20 41 44 56 00 00 58 3F 5A 75 3F 6C 00 71 44     ADV~~X?Zu?l~qD
30 42 31 20 20 20 36 33 33 00 00 25 3F 5A 75 3F   0B1   633~~%?Zu?
6D 00 25 44 30 42 31 20 20 20 50 30 31 00 00 4E   m~%D0B1   P01~~N
3F 5A 75 3F 6E 00 31 44 30 42 31 20 20 20 57 47   ?Zu?n~1D0B1   WG
20 00 00 10 3F 5A 75 3F 6E 00 2C 44 30 42 31 20    ~~~?Zu?n~,D0B1 
20 20 41 44 56 00 00 3C 3F 5A 75 3F 6E 00 2F 44     ADV~~<?Zu?n~/D
30 42 31 20 20 20 30 33 32 00 00 61 38 5A 75 3F   0B1   032~~a8Zu?
6E 00 35 44 30 42 31 20 20 20 36 38 33 00 09 4E   n~5D0B1   683~~N
3F 5A 75 3F 6E 00 17 44 30 42 31 37 39 20 4D 45   ?Zu?n~~D0B179 ME
44 00 00 44 29 5A 75 3F 6E 00 3F 44 30 42 31 37   D~~D)Zu?n~?D0B17
35 20 36 37 39 00 00 58 3F 5A 75 3F 6E 01 14 44   5 679~~X?Zu?n~~D
30 42 31 20 20 20 36 33 33 00 00 42 72 5A 75 3F   0B1   633~~BrZu?
6F 00 1A 44 30 42 31 20 20 20 43 49 4D 00 00 4E   o~~D0B1   CIM~~N
3F 5A 75 3F 6F 00 14 44 30 42 31 20 20 20 43 53   ?Zu?o~~D0B1   CS
20 00 00 3C 3F 5A 75 3F 72 00 19 44 30 42 32 20    ~~<?Zu?r~~D0B2 
20 20 41 53 50 00 09 29 6C 5A 75 3F 72 00 0D 44     ASP~~)lZu?r~~D
30 42 31 35 32 20 30 32 31 00 00 10 3F 5A 75 3F   0B152 021~~~?Zu?
72 00 26 44 30 42 31 37 36 20 4D 45 44 00 00 42   r~&D0B176 MED~~B
72 5A 75 3F 73 00 18 44 30 42 31 20 20 20 43 49   rZu?s~~D0B1   CI
4D 00 00 10 3F 5A 75 3F 74 00 2E 44 30 42 31 20   M~~~?Zu?t~.D0B1 
20 20 4D 45 44 00 00 42 72 5A 75 3F 76 00 26 44     MED~~BrZu?v~&D
30 42 31 20 20 20 43 49 4D 00 00 25 3F 5A 75 3F   0B1   CIM~~%?Zu?
76 00 1C 44 30 42 31 20 20 20 50 30 31 00 00 10   v~~D0B1   P01~~~
3F 5A 75 3F 76 00 22 44 30 42 31 20 20 20 4D 45   ?Zu?v~"D0B1   ME
44 00 00 10 3F 5A 75 3F 76 00 24 44 30 42 31 20   D~~~?Zu?v~$D0B1 
20 20 4D 45 44 00 09 50 3F 5A 75 3F 77 00 18 44     MED~~P?Zu?w~~D
30 42 31 36 39 20 39 39 39 00 00 58 3F 5A 75 3F   0B169 999~~X?Zu?
77 00 41 44 30 42 31 20 20 20 36 33 33 00 00 42   w~AD0B1   633~~B
72 5A 75 3F 77 00 29 44 30 42 31 20 20 20 43 49   rZu?w~)D0B1   CI
4D 00 00 4E 3F 5A 75 3F 78 00 39 44 30 42 31 20   M~~N?Zu?x~9D0B1 
20 20 57 47 20 00 00 58 3F 5A 75 3F 79 00 42 44     WG ~~X?Zu?y~BD
30 42 31 20 20 20 36 33 33 00 00 42 72 5A 75 3F   0B1   633~~BrZu?
7A 00 1B 44 30 42 31 20 20 20 43 49 4D 00 00 42   z~~D0B1   CIM~~B
72 5A 75 3F 7B 00 19 44 30 42 31 37 36 20 30 32   rZu?{~~D0B176 02
31 00 00 10 3F 5A 75 3F 7B 00 15 44 30 42 31 37   1~~~?Zu?{~~D0B17
36 20 4D 45 44 00 00 10 3F 5A 75 3F 7D 00 15 44   6 MED~~~?Zu?}~~D
30 42 31 35 32 20 37 37 39 00 00 10 3F 5A 75 3F   0B152 779~~~?Zu?
7D 00 21 44 30 42 31 20 20 20 4D 45 44 00 00 43   }~!D0B1   MED~~C
7A 5A 75 3F 7D 00 2B 44 30 42 31 35 32 20 50 44   zZu?}~+D0B152 PD
4D 00 00 3E 10 5A 75 3F 7E 00 1D 44 30 42 31 20   M~~>~Zu?~~~D0B1 
20 20 41 48 46 00 00 10 3F 5A 75 3F 7F 00 23 44     AHF~~~?Zu?~~#D
30 42 32 20 20 20 41 44 56 00 00 10 3F 5A 75 3F   0B2   ADV~~~?Zu?
7F 00 0F 44 30 42 32 20 20 20 41 44 56 00 00 58   ~~~D0B2   ADV~~X
3F 5A 75 3F 7F 00 4D 44 30 42 31 20 20 20 36 33   ?Zu?~~MD0B1   63
33 00 00 10 3F 5A 75 3F 7F 00 46 44 30 42 31 20   3~~~?Zu?~~FD0B1 
20 20 4D 45 44 00 09 4E 3F 5A 75 3F 3F 00 2A 44     MED~~N?Zu??~*D
30 42 31 31 56 20 4D 45 44 00 09 4E 3F 5A 75 3F   0B11V MED~~N?Zu?
3F 00 16 44 30 42 31 4D 52 20 4D 45 44 00 09 2C   ?~~D0B1MR MED~~,
3F 5A 75 3F 3F 00 4F 44 30 42 31 30 35 20 4F 48   ?Zu??~OD0B105 OH
45 00 00 3C 3F 5A 75 3F 3F 00 4B 44 30 42 31 35   E~~<?Zu??~KD0B15
36 39 30 33 32 00 00 2E 5B 5A 75 3F 3F 00 2F 44   69032~~.[Zu??~/D
30 42 32 20 20 20 48 54 20 00 09 50 3F 5A 75 3F   0B2   HT ~~P?Zu?
3F 00 1B 44 30 42 31 38 38 20 4D 45 44 00 00 10   ?~~D0B188 MED~~~
3F 5A 75 3F 3F 00 11 44 30 42 31 37 39 20 4D 45   ?Zu??~~D0B179 ME
44 00 00 33 21 5A 75 3F 3F 00 1F 44 30 42 31 20   D~~3!Zu??~~D0B1 
20 20 43 4F 4D 00 00 58 3F 5A 75 3F 3F 00 3F 44     COM~~X?Zu??~?D
30 42 31 20 20 20 36 33 33 00 09 4F 3F 5A 75 3F   0B1   633~~O?Zu?
3F 00 23 44 30 42 31 39 32 20 39 39 39 00 00 42   ?~#D0B192 999~~B
72 5A 75 3F 3F 00 2D 44 30 42 31 20 20 20 43 49   rZu??~-D0B1   CI
4D 00 09 4E 3F 5A 75 3F 3F 00 22 44 30 42 31 4D   M~~N?Zu??~"D0B1M
52 20 4D 45 44 00 09 4E 3F 5A 75 3F 3F 00 11 44   R MED~~N?Zu??~~D
30 42 31 31 35 20 4D 45 44 00 00 3C 3F 5A 75 3F   0B115 MED~~<?Zu?
3F 00 3F 44 30 42 31 20 20 20 30 33 32 00 00 58   ?~?D0B1   032~~X
3F 5A 75 3F 3F 00 59 44 30 42 31 20 20 20 36 33   ?Zu??~YD0B1   63
33 00 09 4E 3F 5A 75 3F 3F 00 2C 44 30 42 31 20   3~~N?Zu??~,D0B1 
20 20 4D 45 44 00 00 3C 3F 5A 75 3F 3F 00 2D 44     MED~~<?Zu??~-D
30 42 31 20 20 20 30 33 32 00 00 3C 3F 5A 75 3F   0B1   032~~<?Zu?
3F 00 1F 44 30 42 31 37 39 20 30 33 32 00 00 4E   ?~~D0B179 032~~N
3F 5A 75 3F 3F 00 06 44 30 42 31 38 38 20 57 47   ?Zu??~~D0B188 WG
20 00 00 3E 10 5A 75 3F 3F 00 1C 44 30 42 31 4D    ~~>~Zu??~~D0B1M
52 20 41 48 46 00 00 10 3F 5A 75 3F 3F 00 19 44   R AHF~~~?Zu??~~D
30 42 31 20 20 20 4D 45 44 00 00 58 3F 5A 75 3F   0B1   MED~~X?Zu?
3F 00 7B 44 30 42 31 20 20 20 36 33 33 00 09 29   ?~{D0B1   633~~)
6C 5A 75 3F 3F 00 0E 44 30 42 31 35 32 20 30 31   lZu??~~D0B152 01
39 00 09 4F 3F 5A 75 3F 3F 00 18 44 30 42 31 20   9~~O?Zu??~~D0B1 
20 20 39 39 39 00 09 4F 31 5A 75 3F 3F 00 10 44     999~~O1Zu??~~D
30 42 31 36 35 20 39 39 39 00 00 25 3F 5A 75 3F   0B165 999~~%?Zu?
3F 00 19 44 30 42 31 33 39 20 50 30 31 00 00 42   ?~~D0B139 P01~~B
72 5A 75 3F 3F 00 1A 44 30 42 31 20 20 20 43 49   rZu??~~D0B1   CI
4D 00 00 10 3F 5A 75 3F 3F 00 2A 44 30 42 31 20   M~~~?Zu??~*D0B1 
20 20 4D 45 44 00 00 58 3F 5A 75 3F 3F 00 38 44     MED~~X?Zu??~8D
30 42 31 20 20 20 36 33 33 00 00 42 72 5A 75 3F   0B1   633~~BrZu?
3F 00 17 44 30 42 31 20 20 20 43 49 4D 00 00 10   ?~~D0B1   CIM~~~
3F 5A 75 3F 3F 00 1D 44 30 42 31 20 20 20 4D 45   ?Zu??~~D0B1   ME
44 00 00 10 3F 5A 75 3F 3F 00 3F 44 30 42 31 20   D~~~?Zu??~?D0B1 
20 20 4D 45 44 00 00 10 3F 5A 75 3F 3F 00 0E 35     MED~~~?Zu??~~5
31 42 31 39 32 20 30 31 36 00 00 3E 10 5A 75 3F   1B192 016~~>~Zu?
3F 00 12 44 30 42 31 20 20 20 41 48 46 00 00 3C   ?~~D0B1   AHF~~<
3F 5A 75 3F 3F 00 4A 44 30 42 31 35 36 39 30 33   ?Zu??~JD0B156903
32 00 09 4E 3F 5A 75 3F 3F 00 15 44 30 42 31 4D   2~~N?Zu??~~D0B1M
52 20 4D 45 44 00 00 10 3F 5A 75 3F 3F 00 21 44   R MED~~~?Zu??~!D
30 42 31 37 39 20 4D 43 41 00 00 42 72 5A 75 3F   0B179 MCA~~BrZu?
3F 00 0C 44 30 42 31 35 32 20 30 35 31 00 00 4E   ?~~D0B152 051~~N
3F 5A 75 3F 3F 00 1A 44 30 42 31 37 36 20 57 47   ?Zu??~~D0B176 WG
20 00 00 10 3F 5A 75 3F 3F 00 21 44 30 42 31 37    ~~~?Zu??~!D0B17
39 20 4D 45 44 00 00 4E 3F 5A 75 3F 3F 00 19 44   9 MED~~N?Zu??~~D
30 42 31 20 20 20 49 53 20 00 00 43 7A 5A 75 3F   0B1   IS ~~CzZu?
3F 00 3E 44 30 42 31 35 32 20 50 44 4D 00 09 4E   ?~>D0B152 PDM~~N
3F 5A 75 3F 3F 00 60 44 30 42 31 20 20 20 41 43   ?Zu??~`D0B1   AC
43 00 00 58 3F 5A 75 3F 3F 00 5B 44 30 42 32 20   C~~X?Zu??~[D0B2 
20 20 36 33 33 00 09 51 2A 5A 75 3F 3F 00 45 44     633~~Q*Zu??~ED
30 42 31 20 20 20 4D 43 44 00 00 10 3F 5A 75 3F   0B1   MCD~~~?Zu?
3F 00 23 44 30 42 31 20 20 20 4D 45 44 00 00 10   ?~#D0B1   MED~~~
3F 5A 75 3F 3F 00 21 44 30 42 31 20 20 20 37 37   ?Zu??~!D0B1   77
39 00 09 4E 3F 5A 75 3F 3F 00 1B 44 30 42 31 4D   9~~N?Zu??~~D0B1M
52 20 4D 45 44 00 00 3C 3F 5A 75 3F 3F 00 21 44   R MED~~<?Zu??~!D
30 42 31 20 20 20 30 33 32 00 09 29 6C 5A 75 3F   0B1   032~~)lZu?
3F 00 10 44 30 42 31 36 35 20 30 31 39 00 09 4E   ?~~D0B165 019~~N
3F 5A 75 3F 3F 00 1C 44 30 42 31 37 39 20 4D 45   ?Zu??~~D0B179 ME
44 00 00 10 3F 5A 75 3F 3F 00 36 44 30 42 31 20   D~~~?Zu??~6D0B1 
20 20 4D 45 44 00 00 10 3F 5A 75 3F 3F 00 2B 44     MED~~~?Zu??~+D
30 42 31 20 20 20 41 44 56 00 00 58 3F 5A 75 3F   0B1   ADV~~X?Zu?
3F 00 3F 44 30 42 31 20 20 20 36 33 33 00 00 58   ?~?D0B1   633~~X
3F 5A 75 3F 3F 00 57 44 30 42 31 20 20 20 36 33   ?Zu??~WD0B1   63
33 00 00 39 3F 5A 75 3F 3F 00 15 44 30 45 31 4D   3~~9?Zu??~~D0E1M
36 20 43 4F 4D 00 00 10 3F 5A 75 3F 3F 00 31 44   6 COM~~~?Zu??~1D
30 42 31 20 20 20 4D 45 44 00 00 58 3F 5A 75 3F   0B1   MED~~X?Zu?
3F 00 10 44 30 42 31 36 35 20 36 33 33 00 00 3C   ?~~D0B165 633~~<
3F 5A 75 3F 3F 00 2A 44 30 42 31 20 20 20 30 33   ?Zu??~*D0B1   03
32 00 00 58 3F 5A 75 3F 3F 01 29 44 30 42 31 20   2~~X?Zu??~)D0B1 
20 20 36 33 33 00 00 58 3F 5A 75 3F 3F 00 7F 44     633~~X?Zu??~~D
30 42 31 20 20 20 36 33 33 00 09 4E 3F 5A 75 3F   0B1   633~~N?Zu?
3F 00 2F 44 30 42 31 20 20 20 4D 45 44 00 09 4F   ?~/D0B1   MED~~O
3F 5A 75 3F 3F 00 15 44 30 42 31 39 32 20 39 39   ?Zu??~~D0B192 99
39 00 09 4E 3F 5A 75 3F 3F 00 13 44 30 42 31 37   9~~N?Zu??~~D0B17
39 20 4D 45 44 00 00 58 3F 5A 75 3F 3F 00 68 44   9 MED~~X?Zu??~hD
30 42 31 20 20 20 36 33 33 00 00 10 3F 5A 75 3F   0B1   633~~~?Zu?
3F 00 25 44 30 42 31 20 20 20 4D 45 44 00 00 58   ?~%D0B1   MED~~X
3F 5A 75 3F 3F 00 49 44 30 42 31 20 20 20 36 33   ?Zu??~ID0B1   63
33 00 00 2F 28 5A 75 3F 3F 00 01 44 30 42 31 20   3~~/(Zu??~~D0B1 
20 20 20 20 20 00 09 4F 3F 5A 75 3F 3F 00 12 44        ~~O?Zu??~~D
30 42 31 39 32 20 39 39 39 00 00 2F 28 5A 75 3F   0B192 999~~/(Zu?
3F 00 06 44 30 42 31 20 20 20 20 20 20 00 00 58   ?~~D0B1      ~~X
3F 5A 75 3F 3F 00 3D 44 30 42 31 20 20 20 36 33   ?Zu??~=D0B1   63
33 00 00 3C 3F 5A 75 3F 3F 00 28 44 30 42 31 20   3~~<?Zu??~(D0B1 
20 20 30 33 32 00 00 39 3F 5A 75 3F 3F 00 2A 44     032~~9?Zu??~*D
30 45 31 20 20 20 43 4F 4D 00 00 49 62 5A 75 3F   0E1   COM~~IbZu?
3F 00 2C 44 30 42 31 20 20 20 32 32 32 00 00 2F   ?~,D0B1   222~~/
28 5A 75 3F 3F 00 01 44 30 42 31 20 20 20 20 20   (Zu??~~D0B1     
20 00 00 10 3F 5A 75 3F 3F 00 24 44 30 42 31 20    ~~~?Zu??~$D0B1 
20 20 4D 45 44 00 00 58 3F 5A 75 3F 3F 00 3F 44     MED~~X?Zu??~?D
30 42 31 20 20 20 36 33 33 00 00 58 3F 5A 75 3F   0B1   633~~X?Zu?
3F 00 15 44 30 42 32 20 20 20 36 33 33 00 00 10   ?~~D0B2   633~~~
3F 5A 75 3F 3F 00 20 44 30 42 31 37 35 20 4D 45   ?Zu??~ D0B175 ME
44 00 00 58 3F 5A 75 3F 3F 00 3F 44 30 42 31 20   D~~X?Zu??~?D0B1 
20 20 36 33 33 00 00 5F 3F 5A 75 3F 3F 01 3F 44     633~~_?Zu??~?D
30 42 31 20 20 20 41 52 58 00 00 58 3F 5A 75 3F   0B1   ARX~~X?Zu?
3F 00 3A 44 30 42 31 20 20 20 36 33 33 00 00 10   ?~:D0B1   633~~~
3F 5A 75 3F 3F 00 3B 44 30 42 31 20 20 20 4D 45   ?Zu??~;D0B1   ME
44 00 00 2F 28 5A 75 3F 3F 00 01 44 30 42 31 20   D~~/(Zu??~~D0B1 
20 20 20 20 20 00 00 58 3F 5A 75 3F 3F 00 58 44        ~~X?Zu??~XD
30 42 31 38 38 20 36 33 33 00 00 2F 28 5A 75 3F   0B188 633~~/(Zu?
3F 00 05 44 30 42 31 20 20 20 20 20 20 00 00 0E   ?~~D0B1      ~~~
01 5A 75 3F 3F 00 16 44 30 42 32 20 20 20 34 35   ~Zu??~~D0B2   45
31 00 00 2F 28 5A 75 3F 3F 00 01 44 30 42 31 20   1~~/(Zu??~~D0B1 
20 20 20 20 20 00 00 58 3F 5A 75 3F 3F 00 59 44        ~~X?Zu??~YD
30 42 31 20 20 20 36 33 33 00 00 10 3F 5A 75 3F   0B1   633~~~?Zu?
3F 00 0D 44 30 42 31 36 39 20 41 44 56 00 00 42   ?~~D0B169 ADV~~B
72 5A 75 3F 3F 00 15 44 30 42 31 20 20 20 43 49   rZu??~~D0B1   CI
4D 00 00 58 3F 5A 75 3F 3F 00 56 44 30 42 31 20   M~~X?Zu??~VD0B1 
20 20 36 33 33 00 00 58 3F 5A 75 3F 3F 00 5C 44     633~~X?Zu??~\D
30 42 32 20 20 20 36 33 33 00 09 4F 3F 5A 75 3F   0B2   633~~O?Zu?
3F 00 21 44 30 42 31 39 32 20 39 39 39 00 09 51   ?~!D0B192 999~~Q
40 5A 75 3F 3F 00 4D 44 30 42 31 20 20 20 30 32   @Zu??~MD0B1   02
30 00 00 10 3F 5A 75 3F 3F 00 2B 44 30 42 31 20   0~~~?Zu??~+D0B1 
20 20 4D 45 44 00 00 26 4B 5A 75 3F 3F 00 19 44     MED~~&KZu??~~D
30 42 31 20 20 20 41 45 41 00 09 4F 3F 5A 75 3F   0B1   AEA~~O?Zu?
3F 00 24 44 30 42 31 20 20 20 46 45 50 00 00 10   ?~$D0B1   FEP~~~
3F 5A 75 3F 3F 00 20 44 30 42 31 20 20 20 37 37   ?Zu??~ D0B1   77
39 00 09 4F 3F 5A 75 3F 3F 00 12 44 30 42 31 39   9~~O?Zu??~~D0B19
32 20 39 39 39 00 00 30 18 5A 75 3F 27 00 3F 44   2 999~~0~Zu?'~?D
30 42 31 20 20 20 50 41 52 00 00 58 3F 5A 75 3F   0B1   PAR~~X?Zu?
28 00 3F 44 30 42 31 20 20 20 36 33 33 00 00 32   (~?D0B1   633~~2
21 5A 75 3F 28 00 39 44 30 42 31 20 20 20 46 4C   !Zu?(~9D0B1   FL
42 00 00 10 3F 5A 75 3F 29 00 20 44 30 42 31 20   B~~~?Zu?)~ D0B1 
20 20 4D 45 44 00 09 4E 3F 5A 75 3F 2A 00 5C 44     MED~~N?Zu?*~\D
30 42 31 20 20 20 20 20 20 00 09 4F 24 5A 75 3F   0B1      ~~O$Zu?
2A 00 3F 44 30 42 31 20 20 20 49 52 58 00 00 58   *~?D0B1   IRX~~X
3F 5A 75 3F 2C 00 5D 44 30 42 31 20 20 20 36 33   ?Zu?,~]D0B1   63
33 00 00 0F 12 5A 75 3F 2D 00 16 44 30 42 31 37   3~~~~Zu?-~~D0B17
36 20 41 34 20 00 00 30 18 5A 75 3F 2E 00 3F 44   6 A4 ~~0~Zu?.~?D
30 42 31 20 20 20 50 41 52 00 00 0F 12 5A 75 3F   0B1   PAR~~~~Zu?
2F 00 1B 44 30 42 31 36 35 20 41 34 20 00 00 0E   /~~D0B165 A4 ~~~
01 5A 75 3F 30 00 40 44 30 42 31 20 20 20 41 53   ~Zu?0~@D0B1   AS
50 00 09 50 3F 5A 75 3F 30 00 12 44 30 42 31 36   P~~P?Zu?0~~D0B16
39 20 4D 45 44 00 00 58 3F 5A 75 3F 31 00 3F 44   9 MED~~X?Zu?1~?D
30 42 32 20 20 20 36 33 33 00 00 42 72 5A 75 3F   0B2   633~~BrZu?
31 00 18 44 30 42 31 20 20 20 43 49 4D 00 00 2D   1~~D0B1   CIM~~-
3F 5A 75 3F 35 00 03 44 30 45 31 30 37 20 32 32   ?Zu?5~~D0E107 22
32 00 00 30 18 5A 75 3F 35 00 79 44 30 42 31 20   2~~0~Zu?5~yD0B1 
20 20 50 41 52 00 00 10 3F 5A 75 3F 36 00 22 44     PAR~~~?Zu?6~"D
30 42 31 38 38 20 4D 45 44 00 09 50 3F 5A 75 3F   0B188 MED~~P?Zu?
36 00 26 44 30 42 31 20 20 20 4D 45 44 00 00 42   6~&D0B1   MED~~B
72 5A 75 3F 37 00 19 44 30 42 31 37 39 20 43 49   rZu?7~~D0B179 CI
4D 00 00 0F 12 5A 75 3F 37 00 1B 44 30 42 31 20   M~~~~Zu?7~~D0B1 
20 20 4D 44 20 00 09 51 2A 5A 75 3F 37 00 38 44     MD ~~Q*Zu?7~8D
30 42 31 37 39 20 4E 56 54 00 00 2F 28 5A 75 3F   0B179 NVT~~/(Zu?
38 00 06 44 30 42 31 20 20 20 20 20 20 00 00 58   8~~D0B1      ~~X
3F 5A 75 3F 3A 00 4E 44 30 42 31 20 20 20 36 33   ?Zu?:~ND0B1   63
33 00 00 10 3F 5A 75 3F 3A 00 46 44 30 42 32 20   3~~~?Zu?:~FD0B2 
20 20 43 41 4C 00 00 0F 12 5A 75 3F 3C 00 19 44     CAL~~~~Zu?<~~D
30 42 31 20 20 20 41 34 20 00 00 30 18 5A 75 3F   0B1   A4 ~~0~Zu?
3C 00 5E 44 30 42 31 20 20 20 50 41 52 00 00 0F   <~^D0B1   PAR~~~
12 5A 75 3F 3D 00 25 44 30 42 31 20 20 20 4D 44   ~Zu?=~%D0B1   MD
20 00 00 58 3F 5A 75 3F 3D 00 49 44 30 42 31 20    ~~X?Zu?=~ID0B1 
20 20 36 33 33 00 00 49 62 5A 75 3F 3D 00 3B 44     633~~IbZu?=~;D
30 42 31 20 20 20 32 32 32 00 09 51 2A 5A 75 3F   0B1   222~~Q*Zu?
3D 00 50 44 30 42 31 37 30 20 4D 43 44 00 00 0F   =~PD0B170 MCD~~~
12 5A 75 3F 3E 00 1E 44 30 42 31 20 20 20 41 34   ~Zu?>~~D0B1   A4
20 00 00 39 3F 5A 75 3F 3E 00 2E 44 30 45 31 20    ~~9?Zu?>~.D0E1 
20 20 43 4F 4D 00 00 0F 12 5A 75 3F 3E 00 37 44     COM~~~~Zu?>~7D
30 42 31 20 20 20 4D 44 20 00 00 58 3F 5A 75 3F   0B1   MD ~~X?Zu?
3F 00 75 44 30 42 31 20 20 20 36 33 33 00 00 49   ?~uD0B1   633~~I
62 5A 75 3F 40 00 2F 44 30 42 31 20 20 20 54 52   bZu?@~/D0B1   TR
4F 00 00 58 3F 5A 75 3F 41 00 3F 44 30 42 31 20   O~~X?Zu?A~?D0B1 
20 20 36 33 33 00 00 10 3F 5A 75 3F 42 00 18 44     633~~~?Zu?B~~D
30 42 31 37 39 20 4D 45 44 00 00 10 3F 5A 75 3F   0B179 MED~~~?Zu?
43 00 01 44 30 42 31 37 37 20 4D 43 41 00 00 0F   C~~D0B177 MCA~~~
12 5A 75 3F 43 00 24 44 30 42 31 20 20 20 4D 44   ~Zu?C~$D0B1   MD
20 00 00 42 72 5A 75 3F 43 00 17 44 30 42 31 38    ~~BrZu?C~~D0B18
38 20 30 32 31 00 00 58 3F 5A 75 3F 43 01 0E 44   8 021~~X?Zu?C~~D
30 42 31 20 20 20 36 33 33 00 00 30 18 5A 75 3F   0B1   633~~0~Zu?
43 00 70 44 30 42 31 20 20 20 50 41 52 00 09 4F   C~pD0B1   PAR~~O
24 5A 75 3F 43 00 3F 44 30 42 31 37 36 20 49 52   $Zu?C~?D0B176 IR
58 00 00 4E 3F 5A 75 3F 44 00 36 44 30 42 31 20   X~~N?Zu?D~6D0B1 
20 20 57 47 20 00 00 10 3F 5A 75 3F 44 00 16 44     WG ~~~?Zu?D~~D
30 42 31 34 31 20 4D 45 44 00 00 58 3F 5A 75 3F   0B141 MED~~X?Zu?
44 00 42 44 30 42 31 20 20 20 36 33 33 00 00 2F   D~BD0B1   633~~/
52 5A 75 3F 44 00 2B 44 30 42 31 20 20 20 43 4F   RZu?D~+D0B1   CO
42 00 00 10 3F 5A 75 3F 44 00 18 44 30 42 31 20   B~~~?Zu?D~~D0B1 
20 20 48 4E 45 00 00 33 21 5A 75 3F 44 00 15 44     HNE~~3!Zu?D~~D
30 42 31 36 39 20 43 4F 4D 00 00 61 38 5A 75 3F   0B169 COM~~a8Zu?
44 00 47 44 30 42 31 20 20 20 36 38 33 00 00 58   D~GD0B1   683~~X
3F 5A 75 3F 45 00 61 44 30 42 31 20 20 20 36 33   ?Zu?E~aD0B1   63
33 00 00 10 3F 5A 75 3F 47 00 4C 44 30 42 31 20   3~~~?Zu?G~LD0B1 
20 20 41 44 56 00 00 0F 12 5A 75 3F 48 00 19 44     ADV~~~~Zu?H~~D
30 42 31 20 20 20 4D 44 20 00 00 10 3F 5A 75 3F   0B1   MD ~~~?Zu?
48 00 1D 44 30 42 31 37 30 20 4D 45 44 00 00 10   H~~D0B170 MED~~~
3F 5A 75 3F 49 00 16 44 30 42 31 20 20 20 4D 45   ?Zu?I~~D0B1   ME
44 00 00 0F 12 5A 75 3F 49 00 26 44 30 42 31 20   D~~~~Zu?I~&D0B1 
20 20 41 34 20 00 09 50 3F 5A 75 3F 4A 00 4F 44     A4 ~~P?Zu?J~OD
30 42 32 20 20 20 52 58 4E 00 00 30 18 5A 75 3F   0B2   RXN~~0~Zu?
4A 00 78 44 30 42 31 20 20 20 50 41 52 00 00 58   J~xD0B1   PAR~~X
3F 5A 75 3F 4A 00 4A 44 30 42 31 20 20 20 36 33   ?Zu?J~JD0B1   63
33 00 09 51 2A 5A 75 3F 4B 00 42 44 30 42 31 20   3~~Q*Zu?K~BD0B1 
20 20 4D 43 44 00 00 2F 28 5A 75 3F 4C 00 05 44     MCD~~/(Zu?L~~D
30 42 31 20 20 20 20 20 20 00 09 4F 31 5A 75 3F   0B1      ~~O1Zu?
4C 00 3B 44 30 42 31 20 20 20 39 39 39 00 00 58   L~;D0B1   999~~X
3F 5A 75 3F 4D 00 3F 44 30 42 31 20 20 20 36 33   ?Zu?M~?D0B1   63
33 00 00 58 3F 5A 75 3F 4D 00 4E 44 30 42 31 38   3~~X?Zu?M~ND0B18
38 20 36 33 33 00 09 4E 3F 5A 75 3F 4D 00 13 44   8 633~~N?Zu?M~~D
30 42 31 20 20 20 20 20 20 00 00 0F 12 5A 75 3F   0B1      ~~~~Zu?
4D 00 20 44 30 42 31 20 20 20 4D 44 20 00 00 58   M~ D0B1   MD ~~X
3F 5A 75 3F 4D 00 5B 44 30 42 31 20 20 20 36 33   ?Zu?M~[D0B1   63
33 00 00 58 3F 5A 75 3F 4D 01 52 44 30 42 31 20   3~~X?Zu?M~RD0B1 
20 20 36 33 33 00 00 10 3F 5A 75 3F 4D 00 1C 44     633~~~?Zu?M~~D
30 42 31 38 38 20 4D 45 44 00 00 10 3F 5A 75 3F   0B188 MED~~~?Zu?
4E 00 1D 44 30 42 31 37 30 20 37 37 39 00 00 10   N~~D0B170 779~~~
3F 5A 75 3F 4E 00 27 44 30 42 31 20 20 20 41 44   ?Zu?N~'D0B1   AD
56 00 00 49 62 5A 75 3F 4F 00 20 44 30 42 31 4D   V~~IbZu?O~ D0B1M
52 20 54 52 4F 00 00 10 3F 5A 75 3F 50 00 0E 44   R TRO~~~?Zu?P~~D
30 42 32 20 20 20 41 44 56 00 00 2D 3F 5A 75 3F   0B2   ADV~~-?Zu?
50 00 06 44 30 45 31 30 37 20 32 32 32 00 00 10   P~~D0E107 222~~~
3F 5A 75 3F 52 00 2B 44 30 42 31 20 20 20 4D 45   ?Zu?R~+D0B1   ME
44 00 00 0F 12 5A 75 3F 52 00 1C 44 30 42 31 20   D~~~~Zu?R~~D0B1 
20 20 4D 44 20 00 00 58 3F 5A 75 3F 52 00 3F 44     MD ~~X?Zu?R~?D
30 42 31 20 20 20 36 33 33 00 00 3C 3F 5A 75 3F   0B1   633~~<?Zu?
54 00 13 44 30 42 31 36 35 20 30 33 32 00 00 58   T~~D0B165 032~~X
3F 5A 75 3F 55 00 71 44 30 42 31 20 20 20 36 33   ?Zu?U~qD0B1   63
33 00 00 58 3F 5A 75 3F 56 00 3F 44 30 42 31 20   3~~X?Zu?V~?D0B1 
20 20 36 33 33 00 09 52 24 5A 75 3F 56 00 3F 44     633~~R$Zu?V~?D
30 42 31 20 20 20 43 48 4D 00 00 4E 3F 5A 75 3F   0B1   CHM~~N?Zu?
56 00 37 44 30 42 31 20 20 20 57 47 20 00 00 10   V~7D0B1   WG ~~~
3F 5A 75 3F 56 00 14 44 30 42 31 41 47 20 4D 45   ?Zu?V~~D0B1AG ME
44 00 00 10 3F 5A 75 3F 57 01 56 44 30 42 31 20   D~~~?Zu?W~VD0B1 
20 20 43 41 4C 00 00 0F 12 5A 75 3F 57 00 17 44     CAL~~~~Zu?W~~D
30 42 31 47 45 20 4D 44 20 00 00 10 3F 5A 75 3F   0B1GE MD ~~~?Zu?
58 00 20 44 30 42 31 20 20 20 4D 45 44 00 00 10   X~ D0B1   MED~~~
3F 5A 75 3F 59 00 25 44 30 42 31 20 20 20 4D 45   ?Zu?Y~%D0B1   ME
44 00 00 10 3F 5A 75 3F 5A 00 2D 44 30 42 31 37   D~~~?Zu?Z~-D0B17
30 20 4D 45 44 00 00 10 3F 5A 75 3F 5B 00 14 44   0 MED~~~?Zu?[~~D
30 42 31 35 32 20 37 37 39 00 00 10 3F 5A 75 3F   0B152 779~~~?Zu?
5C 00 1B 44 30 42 31 20 20 20 4D 45 44 00 00 30   \~~D0B1   MED~~0
18 5A 75 3F 5D 00 6E 44 30 42 31 20 20 20 50 41   ~Zu?]~nD0B1   PA
52 00 00 10 3F 5A 75 3F 5D 00 13 44 30 42 32 20   R~~~?Zu?]~~D0B2 
20 20 37 37 39 00 00 10 3F 5A 75 3F 5D 00 38 44     779~~~?Zu?]~8D
30 42 31 20 20 20 4D 45 44 00 00 10 3F 5A 75 3F   0B1   MED~~~?Zu?
5D 00 24 44 30 42 31 37 35 20 4D 43 41 00 00 10   ]~$D0B175 MCA~~~
3F 5A 75 3F 5D 00 30 44 30 42 31 37 30 20 41 44   ?Zu?]~0D0B170 AD
56 00 00 58 3F 5A 75 3F 5E 00 55 44 30 42 31 20   V~~X?Zu?^~UD0B1 
20 20 36 33 33 00 09 50 3F 5A 75 3F 5E 00 31 44     633~~P?Zu?^~1D
30 42 31 20 20 20 4D 45 44 00 00 58 3F 5A 75 3F   0B1   MED~~X?Zu?
5F 00 5C 44 30 42 32 20 20 20 36 33 33 00 00 10   _~\D0B2   633~~~
3F 5A 75 3F 5F 00 2A 44 30 42 31 20 20 20 41 44   ?Zu?_~*D0B1   AD
56 00 09 51 2A 5A 75 3F 5F 00 41 44 30 42 31 20   V~~Q*Zu?_~AD0B1 
20 20 4D 43 44 00 00 42 72 5A 75 3F 5F 00 0F 44     MCD~~BrZu?_~~D
30 42 31 45 35 20 30 32 31 00 00 10 3F 5A 75 3F   0B1E5 021~~~?Zu?
5F 00 2A 44 30 42 31 20 20 20 4D 45 44 00 00 49   _~*D0B1   MED~~I
62 5A 75 3F 5F 00 2C 44 30 42 31 20 20 20 54 52   bZu?_~,D0B1   TR
4F 00 09 51 2A 5A 75 3F 61 00 34 44 30 42 31 20   O~~Q*Zu?a~4D0B1 
20 20 4E 56 54 00 09 4F 3F 5A 75 3F 61 00 29 44     NVT~~O?Zu?a~)D
30 42 31 39 32 20 39 39 39 00 00 10 3F 5A 75 3F   0B192 999~~~?Zu?
61 00 27 44 30 42 31 38 38 20 4D 45 44 00 09 50   a~'D0B188 MED~~P
3F 5A 75 3F 61 00 34 44 30 42 31 20 20 20 34 34   ?Zu?a~4D0B1   44
30 00 00 3C 3F 5A 75 3F 61 00 3F 44 30 42 31 20   0~~<?Zu?a~?D0B1 
20 20 30 33 32 00 00 10 3F 5A 75 3F 62 00 1F 44     032~~~?Zu?b~~D
30 42 31 20 20 20 41 44 56 00 00 58 3F 5A 75 3F   0B1   ADV~~X?Zu?
63 00 3F 44 30 42 31 20 20 20 36 33 33 00 00 10   c~?D0B1   633~~~
3F 5A 75 3F 63 00 15 44 30 42 31 36 39 20 4D 45   ?Zu?c~~D0B169 ME
44 00 09 50 3F 5A 75 3F 63 00 4C 44 30 42 31 20   D~~P?Zu?c~LD0B1 
20 20 30 30 36 00 00 10 3F 5A 75 3F 65 00 2A 44     006~~~?Zu?e~*D
30 42 31 20 20 20 4D 45 44 00 00 2D 3F 5A 75 3F   0B1   MED~~-?Zu?
65 00 03 44 30 45 31 35 32 20 32 32 32 00 00 10   e~~D0E152 222~~~
3F 5A 75 3F 66 00 30 44 30 42 31 20 20 20 4D 45   ?Zu?f~0D0B1   ME
44 00 00 39 3F 5A 75 3F 66 00 4D 44 30 45 31 20   D~~9?Zu?f~MD0E1 
20 20 43 4F 4D 00 00 58 3F 5A 75 3F 66 00 27 44     COM~~X?Zu?f~'D
30 42 31 34 31 20 36 33 33 00 00 4E 3F 5A 75 3F   0B141 633~~N?Zu?
67 00 2C 44 30 42 31 37 39 20 49 53 20 00 00 10   g~,D0B179 IS ~~~
3F 5A 75 3F 67 00 1F 44 30 42 31 20 20 20 48 4E   ?Zu?g~~D0B1   HN
45 00 09 4E 3F 5A 75 3F 67 00 49 44 30 42 31 20   E~~N?Zu?g~ID0B1 
20 20 41 43 43 00 00 58 3F 5A 75 3F 67 00 77 44     ACC~~X?Zu?g~wD
30 42 31 20 20 20 36 33 33 00 00 3C 3F 5A 75 3F   0B1   633~~<?Zu?
68 00 69 44 30 42 31 20 20 20 30 33 32 00 00 4E   h~iD0B1   032~~N
3F 5A 75 3F 69 00 2D 44 30 42 31 20 20 20 57 47   ?Zu?i~-D0B1   WG
20 00 00 58 3F 5A 75 3F 6B 00 3F 44 30 42 31 20    ~~X?Zu?k~?D0B1 
20 20 36 33 33 00 00 58 3F 5A 75 3F 6B 00 70 44     633~~X?Zu?k~pD
30 42 31 20 20 20 36 33 33 00 00 3C 3F 5A 75 3F   0B1   633~~<?Zu?
6B 00 17 44 30 42 31 20 20 20 30 33 32 00 00 10   k~~D0B1   032~~~
3F 5A 75 3F 6C 00 21 44 30 42 31 20 20 20 4D 45   ?Zu?l~!D0B1   ME
44 00 00 10 3F 5A 75 3F 6C 00 1C 44 30 42 31 34   D~~~?Zu?l~~D0B14
31 20 4D 45 44 00 00 58 3F 5A 75 3F 6D 00 10 44   1 MED~~X?Zu?m~~D
30 42 32 20 20 20 36 33 33 00 00 10 3F 5A 75 3F   0B2   633~~~?Zu?
6D 00 27 44 30 42 31 20 20 20 41 44 56 00 09 4E   m~'D0B1   ADV~~N
3F 5A 75 3F 6D 00 25 44 30 42 31 36 35 20 50 45   ?Zu?m~%D0B165 PE
55 00 00 39 3F 5A 75 3F 6E 00 4A 44 30 42 31 38   U~~9?Zu?n~JD0B18
35 20 43 4F 4D 00 09 4E 3F 5A 75 3F 6E 00 0B 44   5 COM~~N?Zu?n~~D
30 42 32 20 20 20 49 52 58 00 00 10 3F 5A 75 3F   0B2   IRX~~~?Zu?
6E 00 21 44 30 42 31 20 20 20 4D 45 44 00 00 49   n~!D0B1   MED~~I
62 5A 75 3F 6F 00 26 44 30 42 31 20 20 20 54 52   bZu?o~&D0B1   TR
4F 00 00 58 3F 5A 75 3F 6F 01 53 44 30 42 31 38   O~~X?Zu?o~SD0B18
38 20 36 33 33 00 00 10 3F 5A 75 3F 6F 00 29 44   8 633~~~?Zu?o~)D
30 42 31 20 20 20 4D 45 44 00 00 4E 3F 5A 75 3F   0B1   MED~~N?Zu?
70 00 38 44 30 42 31 20 20 20 49 53 20 00 00 58   p~8D0B1   IS ~~X
3F 5A 75 3F 70 00 47 44 30 42 31 20 20 20 36 33   ?Zu?p~GD0B1   63
33 00 00 10 3F 5A 75 3F 71 00 14 44 30 42 31 37   3~~~?Zu?q~~D0B17
36 20 4D 43 41 00 00 10 3F 5A 75 3F 71 01 7E 44   6 MCA~~~?Zu?q~~D
30 42 31 20 20 20 43 41 4C 00 09 50 3F 5A 75 3F   0B1   CAL~~P?Zu?
71 00 2E 44 30 42 31 20 20 20 4D 45 44 00 00 2D   q~.D0B1   MED~~-
3F 5A 75 3F 71 00 04 44 30 45 31 20 20 20 32 32   ?Zu?q~~D0E1   22
32 00 00 10 3F 5A 75 3F 71 00 1A 44 30 42 31 20   2~~~?Zu?q~~D0B1 
20 20 41 44 56 00 00 39 3F 5A 75 3F 72 00 21 44     ADV~~9?Zu?r~!D
30 45 31 4D 36 20 43 4F 4D 00 00 25 3F 5A 75 3F   0E1M6 COM~~%?Zu?
72 00 25 44 30 42 31 20 20 20 50 30 31 00 00 5F   r~%D0B1   P01~~_
3F 5A 75 3F 72 01 3F 44 30 42 31 35 38 39 41 52   ?Zu?r~?D0B1589AR
58 00 09 51 2A 5A 75 3F 74 00 6D 44 30 42 31 20   X~~Q*Zu?t~mD0B1 
20 20 4E 56 54 00 00 42 72 5A 75 3F 76 00 11 44     NVT~~BrZu?v~~D
30 42 32 20 20 20 43 49 4D 00 00 58 3F 5A 75 3F   0B2   CIM~~X?Zu?
76 00 7F 44 30 42 31 20 20 20 36 33 33 00 00 0F   v~~D0B1   633~~~
12 5A 75 3F 76 00 21 44 30 42 31 37 39 20 4D 44   ~Zu?v~!D0B179 MD
20 00 00 39 3F 5A 75 3F 76 00 23 44 30 45 31 4D    ~~9?Zu?v~#D0E1M
36 20 43 4F 4D 00 00 58 3F 5A 75 3F 77 01 3F 44   6 COM~~X?Zu?w~?D
30 42 31 20 20 20 36 33 33 00 09 4E 3F 5A 75 3F   0B1   633~~N?Zu?
78 00 3F 44 30 42 31 20 20 20 41 43 43 00 00 0F   x~?D0B1   ACC~~~
12 5A 75 3F 79 00 1F 44 30 42 31 37 39 20 4D 44   ~Zu?y~~D0B179 MD
20 00 00 58 3F 5A 75 3F 79 00 3F 44 30 42 31 20    ~~X?Zu?y~?D0B1 
20 20 36 33 33 00 00 58 3F 5A 75 3F 79 00 13 44     633~~X?Zu?y~~D
30 42 32 20 20 20 36 33 33 00 09 50 3F 5A 75 3F   0B2   633~~P?Zu?
79 00 62 44 30 42 31 20 20 20 48 4D 42 00 00 58   y~bD0B1   HMB~~X
3F 5A 75 3F 7A 00 60 44 30 42 31 20 20 20 36 33   ?Zu?z~`D0B1   63
33 00 00 10 3F 5A 75 3F 7A 00 20 44 30 42 31 20   3~~~?Zu?z~ D0B1 
20 20 4D 45 44 00 00 58 3F 5A 75 3F 7A 00 13 44     MED~~X?Zu?z~~D
30 42 32 20 20 20 36 33 33 00 09 50 3F 5A 75 3F   0B2   633~~P?Zu?
7A 00 33 44 30 42 31 20 20 20 30 30 36 00 00 10   z~3D0B1   006~~~
3F 5A 75 3F 7A 00 24 44 30 42 31 20 20 20 4D 45   ?Zu?z~$D0B1   ME
44 00 09 51 2A 5A 75 3F 7A 00 23 44 30 42 32 20   D~~Q*Zu?z~#D0B2 
20 20 4D 43 44 00 00 32 21 5A 75 3F 7B 00 35 44     MCD~~2!Zu?{~5D
30 42 31 20 20 20 46 4C 42 00 00 10 3F 5A 75 3F   0B1   FLB~~~?Zu?
7B 00 23 44 30 42 32 20 20 20 4D 45 44 00 00 10   {~#D0B2   MED~~~
3F 5A 75 3F 7B 00 1F 44 30 42 31 20 20 20 41 44   ?Zu?{~~D0B1   AD
56 00 00 42 72 5A 75 3F 7C 00 17 44 30 42 31 45   V~~BrZu?|~~D0B1E
35 20 30 32 31 00 00 2F 28 5A 75 3F 7C 00 01 35   5 021~~/(Zu?|~~5
31 42 32 20 20 20 20 20 20 00 00 58 3F 5A 75 3F   1B2      ~~X?Zu?
7C 00 3F 44 30 42 31 20 20 20 36 33 33 00 09 4F   |~?D0B1   633~~O
31 5A 75 3F 7D 00 14 44 30 42 32 20 20 20 39 39   1Zu?}~~D0B2   99
39 00 00 58 3F 5A 75 3F 7D 00 3F 44 30 42 31 20   9~~X?Zu?}~?D0B1 
20 20 36 33 33 00 00 58 3F 5A 75 3F 7D 00 3F 44     633~~X?Zu?}~?D
30 42 31 20 20 20 36 33 33 00 00 58 3F 5A 75 3F   0B1   633~~X?Zu?
7E 00 3F 44 30 42 31 20 20 20 36 33 33 00 00 10   ~~?D0B1   633~~~
3F 5A 75 3F 7F 00 32 44 30 42 32 20 20 20 43 41   ?Zu?~~2D0B2   CA
4C 00 00 10 3F 5A 75 3F 3F 00 18 44 30 42 31 20   L~~~?Zu??~~D0B1 
20 20 37 37 39 00 09 51 2A 5A 75 3F 3F 00 3D 44     779~~Q*Zu??~=D
30 42 31 37 35 20 4D 43 44 00 00 39 3F 5A 75 3F   0B175 MCD~~9?Zu?
3F 00 18 44 30 45 31 4D 36 20 43 4F 4D 00 00 11   ?~~D0E1M6 COM~~~
3F 5A 75 3F 3F 00 4B 44 30 42 31 20 20 20 4C 41   ?Zu??~KD0B1   LA
4D 00 00 10 3F 5A 75 3F 3F 00 1B 44 30 42 31 20   M~~~?Zu??~~D0B1 
20 20 4D 45 44 00 00 10 3F 5A 75 3F 3F 00 4E 44     MED~~~?Zu??~ND
30 42 31 20 20 20 41 44 56 00 00 49 62 5A 75 3F   0B1   ADV~~IbZu?
3F 00 2F 44 30 42 31 20 20 20 54 52 4F 00 00 58   ?~/D0B1   TRO~~X
3F 5A 75 3F 3F 00 3C 44 30 42 31 20 20 20 36 33   ?Zu??~<D0B1   63
33 00 00 58 3F 5A 75 3F 3F 00 57 44 30 42 31 20   3~~X?Zu??~WD0B1 
20 20 36 33 33 00 09 4E 3F 5A 75 3F 3F 00 2E 44     633~~N?Zu??~.D
30 42 31 20 20 20 50 45 55 00 00 58 3F 5A 75 3F   0B1   PEU~~X?Zu?
3F 00 11 44 30 42 32 20 20 20 36 33 33 00 09 4E   ?~~D0B2   633~~N
3F 5A 75 3F 3F 00 53 44 30 42 31 36 38 20 50 58   ?Zu??~SD0B168 PX
58 00 00 10 3F 5A 75 3F 3F 00 11 44 30 42 32 20   X~~~?Zu??~~D0B2 
20 20 4D 45 44 00 00 61 38 5A 75 3F 3F 00 39 44     MED~~a8Zu??~9D
30 42 31 31 39 20 36 38 33 00 00 4E 3F 5A 75 3F   0B119 683~~N?Zu?
3F 00 28 44 30 42 31 20 20 20 57 47 20 00 00 58   ?~(D0B1   WG ~~X
3F 5A 75 3F 3F 00 3F 44 30 42 31 38 33 20 36 33   ?Zu??~?D0B183 63
33 00 09 4E 3F 5A 75 3F 3F 00 24 44 30 42 31 36   3~~N?Zu??~$D0B16
35 20 50 45 55 00 00 0F 12 5A 75 3F 3F 00 20 44   5 PEU~~~~Zu??~ D
30 42 31 20 20 20 41 34 20 00 00 10 3F 5A 75 3F   0B1   A4 ~~~?Zu?
3F 00 10 44 30 42 32 20 20 20 37 37 39 00 00 2D   ?~~D0B2   779~~-
3F 5A 75 3F 3F 00 07 44 30 45 31 30 37 20 32 32   ?Zu??~~D0E107 22
32 00 09 4F 31 5A 75 3F 3F 00 37 44 30 42 31 20   2~~O1Zu??~7D0B1 
20 20 39 39 39 00 00 10 3F 5A 75 3F 3F 00 26 44     999~~~?Zu??~&D
30 42 31 37 30 20 4D 45 44 00 00 10 3F 5A 75 3F   0B170 MED~~~?Zu?
3F 02 1A 44 30 42 31 20 20 20 43 41 4C 00 09 4F   ?~~D0B1   CAL~~O
31 5A 75 3F 3F 00 1D 44 30 42 31 20 20 20 39 39   1Zu??~~D0B1   99
39 00 09 50 3F 5A 75 3F 3F 00 24 44 30 42 31 38   9~~P?Zu??~$D0B18
38 20 4D 45 44 00 00 42 72 5A 75 3F 3F 00 1D 44   8 MED~~BrZu??~~D
30 42 31 20 20 20 30 32 31 00 00 2F 28 5A 75 3F   0B1   021~~/(Zu?
3F 00 01 44 30 42 31 20 20 20 20 20 20 00 00 58   ?~~D0B1      ~~X
3F 5A 75 3F 3F 00 66 44 30 42 31 37 30 20 36 33   ?Zu??~fD0B170 63
33 00 09 4E 3F 5A 75 3F 3F 00 4C 44 30 42 31 20   3~~N?Zu??~LD0B1 
20 20 20 20 20 00 00 0F 12 5A 75 3F 3F 00 1B 44        ~~~~Zu??~~D
30 42 31 20 20 20 4D 44 20 00 00 22 3F 5A 75 3F   0B1   MD ~~"?Zu?
3F 00 23 44 30 42 31 20 20 20 57 44 52 00 09 51   ?~#D0B1   WDR~~Q
2A 5A 75 3F 3F 00 4B 44 30 42 31 20 20 20 4D 43   *Zu??~KD0B1   MC
44 00 00 42 72 5A 75 3F 3F 00 0B 44 30 42 31 30   D~~BrZu??~~D0B10
36 20 30 32 31 00 00 10 3F 5A 75 3F 3F 00 0B 44   6 021~~~?Zu??~~D
30 42 31 34 31 20 4D 43 41 00 00 42 72 5A 75 3F   0B141 MCA~~BrZu?
3F 00 19 44 30 42 31 20 20 20 30 32 31 00 00 10   ?~~D0B1   021~~~
3F 5A 75 3F 3F 00 1F 44 30 42 31 20 20 20 4D 45   ?Zu??~~D0B1   ME
44 00 00 58 3F 5A 75 3F 3F 00 27 44 30 42 31 34   D~~X?Zu??~'D0B14
31 20 36 33 33 00 00 58 3F 5A 75 3F 3F 00 48 44   1 633~~X?Zu??~HD
30 42 31 20 20 20 36 33 33 00 00 58 3F 5A 75 3F   0B1   633~~X?Zu?
3F 00 0F 44 30 42 32 20 20 20 36 33 33 00 09 51   ?~~D0B2   633~~Q
2A 5A 75 3F 3F 00 62 44 30 42 31 20 20 20 4D 43   *Zu??~bD0B1   MC
44 00 00 10 3F 5A 75 3F 3F 00 23 44 30 42 31 20   D~~~?Zu??~#D0B1 
20 20 4D 45 44 00 09 4E 3F 5A 75 3F 3F 00 66 44     MED~~N?Zu??~fD
30 42 31 36 38 20 50 58 58 00 00 0F 12 5A 75 3F   0B168 PXX~~~~Zu?
3F 00 21 44 30 42 31 20 20 20 4D 44 20 00 09 4F   ?~!D0B1   MD ~~O
31 5A 75 3F 3F 00 26 44 30 42 31 20 20 20 39 39   1Zu??~&D0B1   99
39 00 00 4E 3F 5A 75 3F 3F 00 47 44 30 42 31 20   9~~N?Zu??~GD0B1 
20 20 57 47 20 00 00 0F 12 5A 75 3F 3F 00 2F 44     WG ~~~~Zu??~/D
30 42 31 20 20 20 4D 44 20 00 09 4F 3F 5A 75 3F   0B1   MD ~~O?Zu?
3F 00 29 44 30 42 31 20 20 20 39 39 39 00 09 4E   ?~)D0B1   999~~N
3F 5A 75 3F 3F 00 1E 44 30 42 32 20 20 20 4D 45   ?Zu??~~D0B2   ME
44 00 00 39 3F 5A 75 3F 3F 00 39 44 30 45 31 20   D~~9?Zu??~9D0E1 
20 20 43 4F 4D 00 00 10 3F 5A 75 3F 3F 00 20 44     COM~~~?Zu??~ D
30 42 31 20 20 20 4D 45 44 00 00 58 3F 5A 75 3F   0B1   MED~~X?Zu?
3F 00 42 44 30 42 31 34 31 20 36 33 33 00 09 4F   ?~BD0B141 633~~O
31 5A 75 3F 3F 00 22 44 30 42 31 20 20 20 39 39   1Zu??~"D0B1   99
39 00 00 10 3F 5A 75 3F 3F 00 2E 44 30 42 31 20   9~~~?Zu??~.D0B1 
20 20 4D 45 44 00 09 4F 3F 5A 75 3F 3F 00 2F 44     MED~~O?Zu??~/D
30 42 31 20 20 20 39 39 39 00 00 10 3F 5A 75 3F   0B1   999~~~?Zu?
3F 01 2A 44 30 42 31 20 20 20 43 41 4C 00 00 58   ?~*D0B1   CAL~~X
3F 5A 75 3F 3F 00 0D 44 30 42 32 20 20 20 36 33   ?Zu??~~D0B2   63
33 00 00 58 3F 5A 75 3F 3F 00 3F 44 30 42 31 20   3~~X?Zu??~?D0B1 
20 20 36 33 33 00 00 58 3F 5A 75 3F 3F 00 58 44     633~~X?Zu??~XD
30 42 31 20 20 20 36 33 33 00 00 61 38 5A 75 3F   0B1   633~~a8Zu?
3F 00 44 44 30 42 31 20 20 20 36 38 33 00 09 4E   ?~DD0B1   683~~N
3F 5A 75 3F 3F 00 39 44 30 42 31 20 20 20 41 43   ?Zu??~9D0B1   AC
43 00 00 10 3F 5A 75 3F 3F 00 19 44 30 42 31 20   C~~~?Zu??~~D0B1 
20 20 37 37 39 00 00 2D 3F 5A 75 3F 3F 00 0D 44     779~~-?Zu??~~D
30 45 31 35 32 20 32 32 32 00 00 10 3F 5A 75 3F   0E152 222~~~?Zu?
3F 00 1F 44 30 42 31 20 20 20 4D 45 44 00 00 58   ?~~D0B1   MED~~X
3F 5A 75 3F 3F 00 19 44 30 42 31 34 31 20 36 33   ?Zu??~~D0B141 63
33 00 09 4E 3F 5A 75 3F 3F 00 2A 44 30 42 31 20   3~~N?Zu??~*D0B1 
20 20 50 45 55 00 00 4E 3F 5A 75 3F 3F 00 3E 44     PEU~~N?Zu??~>D
30 42 31 20 20 20 57 47 20 00 00 58 3F 5A 75 3F   0B1   WG ~~X?Zu?
3F 00 50 44 30 42 31 20 20 20 36 33 33 00 00 58   ?~PD0B1   633~~X
3F 5A 75 3F 3F 00 5A 44 30 42 31 20 20 20 36 33   ?Zu??~ZD0B1   63
33 00 09 50 3F 5A 75 3F 3F 00 21 44 30 42 31 38   3~~P?Zu??~!D0B18
38 20 4D 45 44 00 00 10 3F 5A 75 3F 3F 00 18 44   8 MED~~~?Zu??~~D
30 42 32 20 20 20 41 44 56 00 00 3C 3F 5A 75 3F   0B2   ADV~~<?Zu?
3F 00 35 44 30 42 31 35 36 39 30 33 32 00 00 2F   ?~5D0B1569032~~/
28 5A 75 3F 3F 00 01 35 31 42 32 20 20 20 20 20   (Zu??~~51B2     
20 00 00 58 3F 5A 75 3F 3F 00 40 44 30 42 31 20    ~~X?Zu??~@D0B1 
20 20 36 33 33 00 00 58 3F 5A 75 3F 3F 01 37 44     633~~X?Zu??~7D
30 42 31 20 20 20 36 33 33 00 00 0E 01 5A 75 3F   0B1   633~~~~Zu?
3F 00 16 44 30 42 32 20 20 20 41 53 50 00 00 4E   ?~~D0B2   ASP~~N
3F 5A 75 3F 3F 00 27 44 30 42 31 20 20 20 49 53   ?Zu??~'D0B1   IS
20 00 00 58 3F 5A 75 3F 3F 00 3F 44 30 42 31 37    ~~X?Zu??~?D0B17
35 20 36 33 33 00 00 58 3F 5A 75 3F 3F 00 6A 44   5 633~~X?Zu??~jD
30 42 31 20 20 20 36 33 33 00 00 58 3F 5A 75 3F   0B1   633~~X?Zu?
3F 00 41 44 30 42 31 20 20 20 36 33 33 00 00 10   ?~AD0B1   633~~~
3F 5A 75 3F 3F 00 26 44 30 42 31 20 20 20 4D 45   ?Zu??~&D0B1   ME
44 00 00 10 3F 5A 75 3F 3F 00 19 44 30 42 31 37   D~~~?Zu??~~D0B17
30 20 4D 45 44 00 00 10 3F 5A 75 3F 3F 00 1A 44   0 MED~~~?Zu??~~D
30 42 32 20 20 20 37 37 39 00 00 39 3F 5A 75 3F   0B2   779~~9?Zu?
3F 00 46 44 30 45 31 20 20 20 43 4F 4D 00 00 10   ?~FD0E1   COM~~~
3F 5A 75 3F 3F 00 1D 44 30 42 31 37 30 20 41 44   ?Zu??~~D0B170 AD
56 00 00 58 3F 5A 75 3F 3F 00 0E 44 30 42 32 20   V~~X?Zu??~~D0B2 
20 20 36 33 33 00 09 51 3F 5A 75 3F 3F 00 4F 44     633~~Q?Zu??~OD
30 42 31 20 20 20 30 32 30 00 00 10 3F 5A 75 3F   0B1   020~~~?Zu?
3F 00 1D 44 30 42 31 20 20 20 4D 45 44 00 00 42   ?~~D0B1   MED~~B
72 5A 75 3F 3F 00 0C 44 30 42 31 30 36 20 30 32   rZu??~~D0B106 02
31 00 09 4E 3F 5A 75 3F 3F 00 18 44 30 42 31 20   1~~N?Zu??~~D0B1 
20 20 20 20 20 00 00 10 3F 5A 75 3F 3F 00 1B 44        ~~~?Zu??~~D
30 42 31 20 20 20 4D 45 44 00 00 58 3F 5A 75 3F   0B1   MED~~X?Zu?
3F 00 3F 44 30 42 31 20 20 20 36 33 33 00 00 58   ?~?D0B1   633~~X
3F 5A 75 3F 3F 00 3E 44 30 42 32 20 20 20 36 33   ?Zu??~>D0B2   63
33 00 00 58 3F 5A 75 3F 3F 00 1C 44 30 42 31 34   3~~X?Zu??~~D0B14
31 20 36 33 33 00 00 0F 12 5A 75 3F 3F 00 1F 44   1 633~~~~Zu??~~D
30 42 31 37 58 20 41 34 20 00 00 58 3F 5A 75 3F   0B17X A4 ~~X?Zu?
3F 00 45 44 30 42 31 20 20 20 36 33 33 00 00 43   ?~ED0B1   633~~C
7A 5A 75 3F 3F 00 2C 44 30 42 31 20 20 20 50 44   zZu??~,D0B1   PD
4D 00 09 4F 31 5A 75 3F 3F 00 1E 44 30 42 31 20   M~~O1Zu??~~D0B1 
20 20 39 39 39 00 00 4E 3F 5A 75 3F 3F 00 2F 44     999~~N?Zu??~/D
30 42 31 20 20 20 57 47 20 00 00 32 21 5A 75 3F   0B1   WG ~~2!Zu?
3F 00 1F 44 30 42 31 36 35 20 46 4C 42 00 00 58   ?~~D0B165 FLB~~X
3F 5A 75 3F 3F 00 0D 44 30 42 32 20 20 20 36 33   ?Zu??~~D0B2   63
33 00 09 4F 31 5A 75 3F 3F 00 2F 44 30 42 31 20   3~~O1Zu??~/D0B1 
20 20 39 39 39 00 09 51 2A 5A 75 3F 3F 00 37 44     999~~Q*Zu??~7D
30 42 31 37 31 20 4D 43 44 00 00 10 3F 5A 75 3F   0B171 MCD~~~?Zu?
3F 00 3F 44 30 42 31 20 20 20 41 44 56 00 09 51   ?~?D0B1   ADV~~Q
2A 5A 75 3F 3F 00 58 44 30 42 31 20 20 20 4D 43   *Zu??~XD0B1   MC
44 00 00 4E 3F 5A 75 3F 3F 00 1E 44 30 42 31 20   D~~N?Zu??~~D0B1 
20 20 49 53 20 00 00 58 3F 5A 75 3F 3F 00 3F 44     IS ~~X?Zu??~?D
30 42 32 20 20 20 36 33 33 00 09 4E 3F 5A 75 3F   0B2   633~~N?Zu?
3F 00 5A 44 30 42 31 20 20 20 20 20 20 00 00 0F   ?~ZD0B1      ~~~
12 5A 75 3F 3F 00 1F 44 30 42 31 20 20 20 41 34   ~Zu??~~D0B1   A4
20 00 00 0E 01 5A 75 3F 3F 00 60 44 30 42 31 20    ~~~~Zu??~`D0B1 
20 20 41 53 50 00 09 4E 3F 5A 75 3F 3F 00 18 44     ASP~~N?Zu??~~D
30 42 31 20 20 20 50 45 55 00 00 2D 3F 5A 75 3F   0B1   PEU~~-?Zu?
3F 00 03 44 30 45 31 20 20 20 32 32 32 00 00 58   ?~~D0E1   222~~X
3F 5A 75 3F 3F 00 77 44 30 42 31 20 20 20 36 33   ?Zu??~wD0B1   63
33 00 00 58 3F 5A 75 3F 3F 00 57 44 30 42 31 20   3~~X?Zu??~WD0B1 
20 20 36 33 33 00 00 58 3F 5A 75 3F 3F 00 4A 44     633~~X?Zu??~JD
30 42 31 20 20 20 36 33 33 00 00 3C 3F 5A 75 3F   0B1   633~~<?Zu?
3F 00 0E 44 30 42 31 41 39 20 30 33 32 00 00 0F   ?~~D0B1A9 032~~~
12 5A 75 3F 3F 00 75 44 30 42 31 37 30 20 57 43   ~Zu??~uD0B170 WC
20 00 00 42 72 5A 75 3F 3F 00 1E 44 30 42 31 20    ~~BrZu??~~D0B1 
20 20 43 49 4D 00 09 50 3F 5A 75 3F 3F 00 20 44     CIM~~P?Zu??~ D
30 42 31 38 38 20 4D 45 44 00 00 11 3F 5A 75 3F   0B188 MED~~~?Zu?
3F 00 48 44 30 42 31 20 20 20 57 41 41 00 00 58   ?~HD0B1   WAA~~X
3F 5A 75 3F 3F 00 3F 44 30 42 31 37 30 20 36 33   ?Zu??~?D0B170 63
33 00 00 10 3F 5A 75 3F 3F 00 31 44 30 42 31 20   3~~~?Zu??~1D0B1 
20 20 4D 45 44 00 00 4E 3F 5A 75 3F 3F 00 28 44     MED~~N?Zu??~(D
30 42 31 20 20 20 57 47 20 00 00 58 3F 5A 75 3F   0B1   WG ~~X?Zu?
3F 00 63 44 30 42 31 20 20 20 36 33 33 00 00 3C   ?~cD0B1   633~~<
3F 5A 75 3F 3F 00 1B 44 30 42 32 20 20 20 30 33   ?Zu??~~D0B2   03
32 00 00 10 3F 5A 75 3F 3F 00 27 44 30 42 31 20   2~~~?Zu??~'D0B1 
20 20 4D 45 44 00 00 58 3F 5A 75 3F 3F 00 69 44     MED~~X?Zu??~iD
30 42 31 20 20 20 36 33 33 00 00 58 3F 5A 75 3F   0B1   633~~X?Zu?
3F 00 3D 44 30 42 32 20 20 20 36 33 33 00 00 10   ?~=D0B2   633~~~
3F 5A 75 3F 3F 00 2E 44 30 42 31 20 20 20 4D 45   ?Zu??~.D0B1   ME
44 00 00 10 3F 5A 75 3F 3F 00 15 44 30 42 31 36   D~~~?Zu??~~D0B16
39 20 41 44 56 00 00 58 3F 5A 75 3F 3F 00 46 44   9 ADV~~X?Zu??~FD
30 42 31 20 20 20 36 33 33 00 00 10 3F 5A 75 3F   0B1   633~~~?Zu?
3F 00 33 44 30 42 31 20 20 20 37 37 39 00 00 0F   ?~3D0B1   779~~~
12 5A 75 3F 3F 00 1A 44 30 42 31 37 30 20 57 43   ~Zu??~~D0B170 WC
20 00 09 4E 3F 5A 75 3F 3F 00 40 44 30 42 31 20    ~~N?Zu??~@D0B1 
20 20 50 58 58 00 00 10 3F 5A 75 3F 3F 00 44 44     PXX~~~?Zu??~DD
30 42 31 20 20 20 41 44 56 00 09 4E 3F 5A 75 3F   0B1   ADV~~N?Zu?
3F 00 67 44 30 42 31 37 43 20 41 43 43 00 09 51   ?~gD0B17C ACC~~Q
2A 5A 75 3F 3F 00 37 44 30 42 31 37 31 20 4D 43   *Zu??~7D0B171 MC
44 00 00 10 3F 5A 75 3F 3F 00 2C 44 30 42 31 38   D~~~?Zu??~,D0B18
38 20 4D 45 44 00 09 50 3F 5A 75 3F 3F 00 1F 44   8 MED~~P?Zu??~~D
30 42 31 20 20 20 31 30 31 00 00 32 21 5A 75 3F   0B1   101~~2!Zu?
3F 00 1B 44 30 42 31 36 35 20 46 4C 42 00 09 4E   ?~~D0B165 FLB~~N
3F 5A 75 3F 3F 00 46 44 30 42 31 20 20 20 41 43   ?Zu??~FD0B1   AC
43 00 00 58 3F 5A 75 3F 3F 00 6D 44 30 42 31 20   C~~X?Zu??~mD0B1 
20 20 36 33 33 00 00 58 3F 5A 75 3F 3F 01 4A 44     633~~X?Zu??~JD
30 42 31 20 20 20 36 33 33 00 00 58 3F 5A 75 3F   0B1   633~~X?Zu?
3F 00 60 44 30 42 31 20 20 20 36 33 33 00 09 50   ?~`D0B1   633~~P
3F 5A 75 3F 3F 00 1E 44 30 42 31 37 35 20 30 30   ?Zu??~~D0B175 00
36 00 00 10 3F 5A 75 3F 3F 00 2E 44 30 42 31 20   6~~~?Zu??~.D0B1 
20 20 4D 45 44 00 00 58 3F 5A 75 3F 3F 00 44 44     MED~~X?Zu??~DD
30 42 31 20 20 20 36 33 33 00 09 4F 31 5A 75 3F   0B1   633~~O1Zu?
3F 00 30 44 30 42 31 20 20 20 39 39 39 00 00 10   ?~0D0B1   999~~~
3F 5A 75 3F 3F 00 37 44 30 42 31 20 20 20 41 44   ?Zu??~7D0B1   AD
56 00 00 42 72 5A 75 3F 3F 00 22 44 30 42 31 20   V~~BrZu??~"D0B1 
20 20 43 49 4D 00 00 58 3F 5A 75 3F 3F 00 5E 44     CIM~~X?Zu??~^D
30 42 31 20 20 20 36 33 33 00 00 58 3F 5A 75 3F   0B1   633~~X?Zu?
3F 00 7A 44 30 42 31 20 20 20 36 33 33 00 00 42   ?~zD0B1   633~~B
72 5A 75 3F 3F 00 0C 44 30 42 31 30 36 20 30 32   rZu??~~D0B106 02
31 00 00 3C 3F 5A 75 3F 3F 00 3F 44 30 42 31 20   1~~<?Zu??~?D0B1 
20 20 30 33 32 00 00 10 3F 5A 75 3F 3F 00 26 44     032~~~?Zu??~&D
30 42 31 20 20 20 4D 45 44 00 00 58 3F 5A 75 3F   0B1   MED~~X?Zu?
3F 00 4F 44 30 42 31 20 20 20 36 33 33 00 00 10   ?~OD0B1   633~~~
3F 5A 75 3F 3F 00 15 44 30 42 31 20 20 20 41 44   ?Zu??~~D0B1   AD
56 00 09 4E 3F 5A 75 3F 3F 00 1C 44 30 42 31 37   V~~N?Zu??~~D0B17
36 20 20 20 20 00 00 10 3F 5A 75 3F 3F 00 16 44   6    ~~~?Zu??~~D
30 42 31 20 20 20 41 44 56 00 09 51 2A 5A 75 3F   0B1   ADV~~Q*Zu?
3F 00 38 44 30 42 31 20 20 20 4D 43 44 00 00 3C   ?~8D0B1   MCD~~<
3F 5A 75 3F 3F 00 3A 44 30 42 31 35 36 39 30 33   ?Zu??~:D0B156903
32 00 00 58 3F 5A 75 3F 3F 00 3F 44 30 42 31 20   2~~X?Zu??~?D0B1 
20 20 36 33 33 00 00 2D 3F 5A 75 3F 3F 00 0B 44     633~~-?Zu??~~D
30 45 31 31 35 20 32 32 32 00 00 10 3F 5A 75 3F   0E115 222~~~?Zu?
3F 00 23 44 30 42 31 30 39 20 41 44 56 00 00 11   ?~#D0B109 ADV~~~
3F 5A 75 3F 3F 00 40 44 30 42 31 20 20 20 57 41   ?Zu??~@D0B1   WA
41 00 00 3C 3F 5A 75 3F 3F 00 10 44 30 42 31 4E   A~~<?Zu??~~D0B1N
4E 20 30 33 32 00 00 3C 3F 5A 75 3F 3F 00 16 44   N 032~~<?Zu??~~D
30 42 31 30 31 20 41 53 50 00 00 10 3F 5A 75 3F   0B101 ASP~~~?Zu?
3F 00 08 44 30 42 32 20 20 20 41 44 56 00 00 3E   ?~~D0B2   ADV~~>
10 5A 75 3F 3F 00 12 44 30 42 31 20 20 20 41 48   ~Zu??~~D0B1   AH
46 00 09 4F 31 5A 75 3F 3F 00 27 44 30 42 31 20   F~~O1Zu??~'D0B1 
20 20 39 39 39 00 00 10 3F 5A 75 3F 3F 00 21 44     999~~~?Zu??~!D
30 42 31 20 20 20 4D 45 44 00 0C 35 01 5A 75 3F   0B1   MED~~5~Zu?
3F 00 59 44 30 42 31 20 20 20 42 43 53 00 09 4E   ?~YD0B1   BCS~~N
3F 5A 75 3F 3F 00 23 44 30 42 31 20 20 20 20 20   ?Zu??~#D0B1     
20 00 00 42 72 5A 75 3F 3F 00 21 44 30 42 32 20    ~~BrZu??~!D0B2 
20 20 43 49 4D 00 00 10 3F 5A 75 3F 3F 00 13 44     CIM~~~?Zu??~~D
30 42 32 20 20 20 41 44 56 00 00 3C 3F 5A 75 3F   0B2   ADV~~<?Zu?
3F 00 13 44 30 42 31 36 39 20 41 53 50 00 09 51   ?~~D0B169 ASP~~Q
2A 5A 75 3F 3F 00 39 44 30 42 31 20 20 20 4D 43   *Zu??~9D0B1   MC
44 00 00 58 3F 5A 75 3F 3F 00 3F 44 30 42 31 20   D~~X?Zu??~?D0B1 
20 20 36 33 33 00 00 42 72 5A 75 3F 3F 00 1C 44     633~~BrZu??~~D
30 42 31 20 20 20 43 49 4D 00 00 3C 3F 5A 75 3F   0B1   CIM~~<?Zu?
3F 00 1A 44 30 42 31 36 35 20 30 33 32 00 00 58   ?~~D0B165 032~~X
3F 5A 75 3F 3F 00 48 44 30 42 31 20 20 20 36 33   ?Zu??~HD0B1   63
33 00 00 3C 3F 5A 75 3F 3F 00 0A 44 30 42 31 4E   3~~<?Zu??~~D0B1N
4E 20 30 33 32 00 00 2F 28 5A 75 3F 3F 00 06 44   N 032~~/(Zu??~~D
30 42 31 20 20 20 20 20 20 00 00 0F 12 5A 75 3F   0B1      ~~~~Zu?
3F 00 18 44 30 42 31 20 20 20 41 34 20 00 00 2F   ?~~D0B1   A4 ~~/
28 5A 75 3F 3F 00 01 44 30 42 32 20 20 20 20 20   (Zu??~~D0B2     
20 00 09 4F 3F 5A 75 3F 3F 00 30 44 30 42 31 20    ~~O?Zu??~0D0B1 
20 20 46 45 50 00 00 4E 3F 5A 75 3F 3F 00 43 44     FEP~~N?Zu??~CD
30 42 31 37 36 20 43 48 20 00 00 58 3F 5A 75 3F   0B176 CH ~~X?Zu?
3F 00 7A 44 30 42 31 37 35 20 36 33 33 00 00 10   ?~zD0B175 633~~~
3F 5A 75 3F 3F 00 23 44 30 42 31 20 20 20 4D 45   ?Zu??~#D0B1   ME
44 00 00 10 3F 5A 75 3F 3F 00 20 44 30 42 31 20   D~~~?Zu??~ D0B1 
20 20 41 44 56 00 00 42 72 5A 75 3F 3F 00 2D 44     ADV~~BrZu??~-D
30 42 31 20 20 20 43 49 4D 00 09 50 3F 5A 75 3F   0B1   CIM~~P?Zu?
3F 00 1D 44 30 42 31 38 38 20 4D 45 44 00 09 33   ?~~D0B188 MED~~3
3F 5A 75 3F 3F 00 17 44 30 42 31 36 39 20 42 41   ?Zu??~~D0B169 BA
5A 00 00 10 3F 5A 75 3F 3F 00 28 44 30 42 31 20   Z~~~?Zu??~(D0B1 
20 20 4D 45 44 00 00 3C 3F 5A 75 3F 3F 00 49 44     MED~~<?Zu??~ID
30 42 31 20 20 20 30 33 32 00 00 10 3F 5A 75 3F   0B1   032~~~?Zu?
3F 00 15 44 30 42 32 20 20 20 4D 45 44 00 09 4E   ?~~D0B2   MED~~N
3F 5A 75 3F 3F 00 56 44 30 42 31 20 20 20 41 43   ?Zu??~VD0B1   AC
43 00 00 58 3F 5A 75 3F 3F 00 5A 44 30 42 31 20   C~~X?Zu??~ZD0B1 
20 20 36 33 33 00 00 2D 3F 5A 75 3F 3F 00 04 44     633~~-?Zu??~~D
30 45 31 35 32 20 32 32 32 00 00 25 3F 5A 75 3F   0E152 222~~%?Zu?
3F 00 24 44 30 42 31 20 20 20 50 30 31 00 09 4E   ?~$D0B1   P01~~N
3F 5A 75 3F 3F 00 1F 44 30 42 31 20 20 20 4D 45   ?Zu??~~D0B1   ME
44 00 00 3C 3F 5A 75 3F 3F 00 23 44 30 42 31 20   D~~<?Zu??~#D0B1 
20 20 30 33 32 00 09 4F 31 5A 75 3F 3F 00 0A 44     032~~O1Zu??~~D
30 42 31 4E 4E 20 39 39 39 00 00 58 3F 5A 75 3F   0B1NN 999~~X?Zu?
3F 00 3F 44 30 42 31 20 20 20 36 33 33 00 00 58   ?~?D0B1   633~~X
3F 5A 75 3F 3F 00 3F 44 30 42 31 20 20 20 36 33   ?Zu??~?D0B1   63
33 00 00 10 3F 5A 75 3F 3F 00 16 44 30 42 31 30   3~~~?Zu??~~D0B10
39 20 41 44 56 00 00 10 3F 5A 75 3F 3F 00 20 44   9 ADV~~~?Zu??~ D
30 42 31 20 20 20 4D 45 44 00 00 58 3F 5A 75 3F   0B1   MED~~X?Zu?
3F 00 3F 44 30 42 31 20 20 20 36 33 33 00 00 58   ?~?D0B1   633~~X
3F 5A 75 3F 3F 00 55 44 30 42 31 37 36 20 36 33   ?Zu??~UD0B176 63
33 00 09 51 2A 5A 75 3F 3F 00 3F 44 30 42 31 20   3~~Q*Zu??~?D0B1 
20 20 4D 43 44 00 00 58 3F 5A 75 3F 3F 00 53 44     MCD~~X?Zu??~SD
30 42 31 34 31 20 36 33 33 00 00 3C 3F 5A 75 3F   0B141 633~~<?Zu?
3F 00 0A 44 30 42 31 4E 4E 20 30 33 32 00 00 2F   ?~~D0B1NN 032~~/
28 5A 75 3F 3F 00 01 44 30 42 31 20 20 20 53 48   (Zu??~~D0B1   SH
41 00 09 29 6C 5A 75 3F 3F 00 1A 44 30 42 31 35   A~~)lZu??~~D0B15
32 20 30 32 31 00 00 49 3F 5A 75 3F 3F 00 3F 44   2 021~~I?Zu??~?D
30 42 31 37 36 20 33 46 20 00 00 10 3F 5A 75 3F   0B176 3F ~~~?Zu?
3F 00 15 44 30 42 31 20 20 20 41 44 56 00 00 5F   ?~~D0B1   ADV~~_
3F 5A 75 3F 3F 00 3F 44 30 42 31 37 39 20 41 52   ?Zu??~?D0B179 AR
58 00 00 58 3F 5A 75 3F 3F 00 3F 44 30 42 31 20   X~~X?Zu??~?D0B1 
20 20 36 33 33 00 00 42 72 5A 75 3F 3F 00 0F 44     633~~BrZu??~~D
30 42 32 20 20 20 30 32 31 00 09 4E 3F 5A 75 3F   0B2   021~~N?Zu?
3F 00 1B 44 30 42 32 20 20 20 50 45 55 00 00 58   ?~~D0B2   PEU~~X
3F 5A 75 3F 3F 00 1D 44 30 42 31 34 31 20 36 33   ?Zu??~~D0B141 63
33 00 00 42 72 5A 75 3F 3F 00 13 44 30 42 31 37   3~~BrZu??~~D0B17
30 20 43 49 4D 00 00 10 3F 5A 75 3F 3F 00 3F 44   0 CIM~~~?Zu??~?D
30 42 31 20 20 20 41 44 56 00 00 10 3F 5A 75 3F   0B1   ADV~~~?Zu?
3F 00 1E 44 30 42 31 20 20 20 41 44 56 00 00 3C   ?~~D0B1   ADV~~<
3F 5A 75 3F 3F 00 3D 44 30 42 31 20 20 20 41 53   ?Zu??~=D0B1   AS
50 00 09 4F 31 5A 75 3F 3F 00 2A 44 30 42 31 20   P~~O1Zu??~*D0B1 
20 20 39 39 39 00 00 58 3F 5A 75 3F 3F 00 71 44     999~~X?Zu??~qD
30 42 31 38 33 20 36 33 33 00 09 4F 3F 5A 75 3F   0B183 633~~O?Zu?
00 00 30 44 30 42 31 20 20 20 39 39 39 00 09 4F   ~~0D0B1   999~~O
31 5A 75 3F 00 00 14 44 30 42 31 36 39 20 39 39   1Zu?~~~D0B169 99
39 00 00 10 3F 5A 75 3F 00 00 17 44 30 42 31 20   9~~~?Zu?~~~D0B1 
20 20 4D 43 41 00 00 58 3F 5A 75 3F 01 00 6C 44     MCA~~X?Zu?~~lD
30 42 31 37 30 20 36 33 33 00 00 4E 3F 5A 75 3F   0B170 633~~N?Zu?
01 00 08 44 30 42 32 20 20 20 57 47 20 00 00 58   ~~~D0B2   WG ~~X
3F 5A 75 3F 02 00 3F 44 30 42 31 20 20 20 36 33   ?Zu?~~?D0B1   63
33 00 00 58 3F 5A 75 3F 02 00 3F 44 30 42 32 20   3~~X?Zu?~~?D0B2 
20 20 36 33 33 00 00 10 3F 5A 75 3F 02 00 25 44     633~~~?Zu?~~%D
30 42 31 37 30 20 4D 45 44 00 00 10 3F 5A 75 3F   0B170 MED~~~?Zu?
03 00 29 44 30 42 31 20 20 20 37 37 39 00 00 10   ~~)D0B1   779~~~
3F 5A 75 3F 03 00 1D 44 30 42 31 37 39 20 37 37   ?Zu?~~~D0B179 77
39 00 00 58 3F 5A 75 3F 04 00 3F 44 30 42 31 20   9~~X?Zu?~~?D0B1 
20 20 36 33 33 00 00 10 3F 5A 75 3F 04 00 3F 44     633~~~?Zu?~~?D
30 42 31 20 20 20 41 44 56 00 00 42 72 5A 75 3F   0B1   ADV~~BrZu?
06 00 1E 44 30 42 31 20 20 20 43 49 4D 00 09 4F   ~~~D0B1   CIM~~O
31 5A 75 3F 07 00 13 44 30 42 31 36 35 20 39 39   1Zu?~~~D0B165 99
39 00 00 3C 3F 5A 75 3F 07 00 46 44 30 42 31 20   9~~<?Zu?~~FD0B1 
20 20 30 33 32 00 00 10 3F 5A 75 3F 07 00 1A 44     032~~~?Zu?~~~D
30 42 31 20 20 20 37 37 39 00 09 51 2A 5A 75 3F   0B1   779~~Q*Zu?
08 00 36 44 30 42 31 37 35 20 4D 43 44 00 09 4F   ~~6D0B175 MCD~~O
3F 5A 75 3F 08 00 22 44 30 42 31 20 20 20 39 39   ?Zu?~~"D0B1   99
39 00 00 10 3F 5A 75 3F 09 00 1B 44 30 42 31 20   9~~~?Zu?~~~D0B1 
20 20 4D 45 44 00 00 10 3F 5A 75 3F 0A 00 0E 44     MED~~~?Zu?~~~D
30 42 32 20 20 20 4D 45 44 00 00 10 3F 5A 75 3F   0B2   MED~~~?Zu?
0B 00 14 44 30 42 31 30 39 20 41 44 56 00 09 4F   ~~~D0B109 ADV~~O
24 5A 75 3F 0B 00 3F 44 30 42 31 34 31 20 49 52   $Zu?~~?D0B141 IR
58 00 00 42 72 5A 75 3F 0B 00 1E 44 30 42 31 20   X~~BrZu?~~~D0B1 
20 20 43 49 4D 00 00 58 3F 5A 75 3F 0B 00 3F 44     CIM~~X?Zu?~~?D
30 42 31 20 20 20 36 33 33 00 00 58 3F 5A 75 3F   0B1   633~~X?Zu?
0B 00 3F 44 30 42 31 20 20 20 36 33 33 00 00 10   ~~?D0B1   633~~~
3F 5A 75 3F 0B 00 20 44 30 42 31 20 20 20 4D 45   ?Zu?~~ D0B1   ME
44 00 00 3C 3F 5A 75 3F 0C 00 57 44 30 42 31 20   D~~<?Zu?~~WD0B1 
20 20 41 53 50 00 00 58 3F 5A 75 3F 0C 00 3F 44     ASP~~X?Zu?~~?D
30 42 31 20 20 20 36 33 33 00 00 58 3F 5A 75 3F   0B1   633~~X?Zu?
0C 00 3F 44 30 42 31 38 33 20 36 33 33 00 00 4E   ~~?D0B183 633~~N
3F 5A 75 3F 0D 00 40 44 30 42 31 20 20 20 43 48   ?Zu?~~@D0B1   CH
20 00 00 4E 3F 5A 75 3F 0D 00 3B 44 30 42 31 20    ~~N?Zu?~~;D0B1 
20 20 57 47 20 00 00 32 21 5A 75 3F 0E 00 27 44     WG ~~2!Zu?~~'D
30 42 32 20 20 20 46 4C 42 00 00 3C 3F 5A 75 3F   0B2   FLB~~<?Zu?
0E 00 4F 44 30 42 31 20 20 20 41 53 50 00 00 44   ~~OD0B1   ASP~~D
29 5A 75 3F 0E 00 3F 44 30 42 31 20 20 20 36 37   )Zu?~~?D0B1   67
39 00 00 10 3F 5A 75 3F 0F 00 27 44 30 42 31 20   9~~~?Zu?~~'D0B1 
20 20 4D 45 44 00 00 58 3F 5A 75 3F 0F 00 67 44     MED~~X?Zu?~~gD
30 42 31 20 20 20 36 33 33 00 00 2D 3F 5A 75 3F   0B1   633~~-?Zu?
0F 00 03 44 30 45 31 20 20 20 32 32 32 00 00 3C   ~~~D0E1   222~~<
3F 5A 75 3F 0F 00 0E 44 30 42 31 30 31 20 41 53   ?Zu?~~~D0B101 AS
50 00 00 3C 3F 5A 75 3F 10 00 51 44 30 42 31 20   P~~<?Zu?~~QD0B1 
20 20 41 53 50 00 00 10 3F 5A 75 3F 10 00 1E 44     ASP~~~?Zu?~~~D
30 42 31 20 20 20 41 44 56 00 09 4E 3F 5A 75 3F   0B1   ADV~~N?Zu?
11 00 24 44 30 42 31 20 20 20 50 45 55 00 00 10   ~~$D0B1   PEU~~~
3F 5A 75 3F 12 00 1F 44 30 42 31 20 20 20 4D 45   ?Zu?~~~D0B1   ME
44 00 00 3C 3F 5A 75 3F 12 00 5A 44 30 42 31 20   D~~<?Zu?~~ZD0B1 
20 20 41 53 50 00 00 11 3F 5A 75 3F 13 00 4A 44     ASP~~~?Zu?~~JD
30 42 31 20 20 20 57 41 41 00 00 3C 3F 5A 75 3F   0B1   WAA~~<?Zu?
14 00 53 44 30 42 31 20 20 20 41 53 50 00 00 58   ~~SD0B1   ASP~~X
3F 5A 75 3F 14 00 7E 44 30 42 31 20 20 20 36 33   ?Zu?~~~D0B1   63
03                                                ~