
02 31 35 30 36 37 30 31 36 34 35 4F 52 30 32 00   ~1506701645OR02~
00 31 30 54 50 30 30 30 30 5A 58 30 35 43 56 53   ~10TP0000ZX05CVS
54 1C 3F 56 33 00 00 01 3F 01 3F 07 3F 00 02 00   T~?V3~~~?~?~?~~~
02 00 0D 00 29 00 35 00 37 00 00 00 23 55 3F 7D   ~~~~)~5~7~~~#U?}
1B 00 11 00 1A 00 00 3A 5D 00 09 4E 3F 5A 75 3F   ~~~~~~~:]~~N?Zu?
06 00 16 44 30 42 32 20 20 20 49 52 58 00 00 10   ~~~D0B2   IRX~~~
3F 5A 75 3F 06 00 50 44 30 42 31 20 20 20 41 44   ?Zu?~~PD0B1   AD
56 00 09 4F 3F 5A 75 3F 06 00 1D 44 30 42 31 36   V~~O?Zu?~~~D0B16
39 20 39 39 39 00 00 10 3F 5A 75 3F 06 00 41 44   9 999~~~?Zu?~~AD
30 42 31 31 39 20 41 44 56 00 00 10 32 5A 75 3F   0B119 ADV~~~2Zu?
06 00 3F 44 30 42 31 20 20 20 20 20 20 00 09 2C   ~~?D0B1      ~~,
3F 5A 75 3F 06 00 4A 44 30 42 31 37 30 20 4F 48   ?Zu?~~JD0B170 OH
43 00 00 10 3F 5A 75 3F 06 00 38 44 30 42 31 20   C~~~?Zu?~~8D0B1 
20 20 4D 45 44 00 00 3C 3F 5A 75 3F 06 00 57 44     MED~~<?Zu?~~WD
30 42 31 35 36 39 30 33 32 00 09 2C 3F 5A 75 3F   0B1569032~~,?Zu?
06 00 5B 44 30 42 31 36 32 20 4F 48 43 00 09 4F   ~~[D0B162 OHC~~O
3F 5A 75 3F 06 00 23 44 30 42 31 20 20 20 46 45   ?Zu?~~#D0B1   FE
50 00 00 10 3F 5A 75 3F 06 00 4B 44 30 42 31 37   P~~~?Zu?~~KD0B17
39 20 41 44 56 00 09 50 3F 5A 75 3F 06 00 44 44   9 ADV~~P?Zu?~~DD
30 42 31 20 20 20 30 30 36 00 09 4F 31 5A 75 3F   0B1   006~~O1Zu?
07 00 10 44 30 42 32 20 20 20 39 39 39 00 00 1C   ~~~D0B2   999~~~
6B 5A 75 3F 07 00 06 44 30 42 32 20 20 20 20 20   kZu?~~~D0B2     
20 00 00 10 3F 5A 75 3F 07 00 32 44 30 42 31 20    ~~~?Zu?~~2D0B1 
20 20 4D 45 44 00 00 10 3F 5A 75 3F 07 00 32 44     MED~~~?Zu?~~2D
30 42 31 20 20 20 41 44 56 00 00 4E 3F 5A 75 3F   0B1   ADV~~N?Zu?
07 00 38 44 30 42 31 37 35 20 43 48 20 00 00 4E   ~~8D0B175 CH ~~N
3F 5A 75 3F 07 00 2C 44 30 42 31 20 20 20 57 47   ?Zu?~~,D0B1   WG
20 00 00 3C 3F 5A 75 3F 07 00 0B 44 30 42 31 54    ~~<?Zu?~~~D0B1T
51 20 30 33 32 00 09 4F 31 5A 75 3F 07 00 0F 44   Q 032~~O1Zu?~~~D
30 42 32 20 20 20 39 39 39 00 00 10 3F 5A 75 3F   0B2   999~~~?Zu?
07 00 13 44 30 42 32 20 20 20 41 44 56 00 09 50   ~~~D0B2   ADV~~P
3F 5A 75 3F 07 00 4E 44 30 42 31 41 35 20 42 43   ?Zu?~~ND0B1A5 BC
52 00 00 10 3F 5A 75 3F 07 00 2D 44 30 42 31 20   R~~~?Zu?~~-D0B1 
20 20 41 44 56 00 00 10 3F 5A 75 3F 07 00 1B 44     ADV~~~?Zu?~~~D
30 42 32 20 20 20 41 44 56 00 00 46 20 5A 75 3F   0B2   ADV~~F Zu?
07 00 31 44 30 45 31 4E 31 20 43 4F 4D 00 00 10   ~~1D0E1N1 COM~~~
3F 5A 75 3F 07 00 2A 44 30 42 31 20 20 20 4D 43   ?Zu?~~*D0B1   MC
41 00 09 4F 31 5A 75 3F 07 00 3C 44 30 42 31 20   A~~O1Zu?~~<D0B1 
20 20 39 39 39 00 00 25 53 5A 75 3F 07 00 3F 44     999~~%SZu?~~?D
30 42 31 20 20 20 4D 41 53 00 09 4F 31 5A 75 3F   0B1   MAS~~O1Zu?
07 00 31 44 30 42 31 37 30 20 39 39 39 00 09 4E   ~~1D0B170 999~~N
3F 5A 75 3F 07 00 41 44 30 42 31 20 20 20 43 54   ?Zu?~~AD0B1   CT
52 00 09 50 3F 5A 75 3F 07 00 3E 44 30 42 31 20   R~~P?Zu?~~>D0B1 
20 20 39 39 39 00 00 10 3F 5A 75 3F 07 00 40 44     999~~~?Zu?~~@D
30 42 31 37 35 20 41 44 56 00 00 4E 3F 5A 75 3F   0B175 ADV~~N?Zu?
07 00 2D 44 30 42 31 38 38 20 43 48 20 00 00 10   ~~-D0B188 CH ~~~
3F 5A 75 3F 08 00 13 44 30 42 32 20 20 20 41 44   ?Zu?~~~D0B2   AD
56 00 09 50 3F 5A 75 3F 08 00 22 44 30 42 32 20   V~~P?Zu?~~"D0B2 
20 20 30 30 36 00 09 4F 31 5A 75 3F 08 00 28 44     006~~O1Zu?~~(D
30 42 31 20 20 20 39 39 39 00 00 10 3F 5A 75 3F   0B1   999~~~?Zu?
08 00 2B 44 30 42 31 20 20 20 41 44 56 00 00 0F   ~~+D0B1   ADV~~~
12 5A 75 3F 08 00 2E 44 30 42 31 20 20 20 41 34   ~Zu?~~.D0B1   A4
20 00 09 4E 3F 5A 75 3F 08 00 2D 44 30 42 31 37    ~~N?Zu?~~-D0B17
4D 20 50 45 55 00 09 51 2A 5A 75 3F 08 00 2D 44   M PEU~~Q*Zu?~~-D
30 42 31 20 20 20 4E 56 54 00 00 10 3F 5A 75 3F   0B1   NVT~~~?Zu?
08 00 2C 44 30 42 31 20 20 20 41 44 56 00 00 10   ~~,D0B1   ADV~~~
3F 5A 75 3F 08 00 3E 44 30 42 31 20 20 20 41 44   ?Zu?~~>D0B1   AD
56 00 00 10 3F 5A 75 3F 08 00 32 44 30 42 31 20   V~~~?Zu?~~2D0B1 
20 20 41 44 56 00 00 10 3F 5A 75 3F 08 00 2D 44     ADV~~~?Zu?~~-D
30 42 31 20 20 20 4D 45 44 00 00 3C 3F 5A 75 3F   0B1   MED~~<?Zu?
08 00 2C 44 30 42 31 20 20 20 30 33 32 00 00 10   ~~,D0B1   032~~~
3F 5A 75 3F 08 00 30 44 30 42 31 20 20 20 41 44   ?Zu?~~0D0B1   AD
56 00 00 10 3F 5A 75 3F 08 00 2C 44 30 42 31 20   V~~~?Zu?~~,D0B1 
20 20 41 44 56 00 00 10 3F 5A 75 3F 09 00 34 44     ADV~~~?Zu?~~4D
30 42 31 20 20 20 4D 43 41 00 00 4C 3F 5A 75 3F   0B1   MCA~~L?Zu?
09 00 4A 44 30 42 31 20 20 20 50 52 58 00 00 10   ~~JD0B1   PRX~~~
3F 5A 75 3F 09 00 35 44 30 42 31 20 20 20 41 44   ?Zu?~~5D0B1   AD
56 00 09 4E 3F 5A 75 3F 09 00 38 44 30 42 31 20   V~~N?Zu?~~8D0B1 
20 20 50 45 55 00 00 10 3F 5A 75 3F 09 00 3D 44     PEU~~~?Zu?~~=D
30 42 31 20 20 20 41 44 56 00 00 46 20 5A 75 3F   0B1   ADV~~F Zu?
09 00 29 44 30 45 31 4E 31 20 43 4F 4D 00 00 46   ~~)D0E1N1 COM~~F
20 5A 75 3F 09 00 2D 44 30 45 31 20 20 20 43 4F    Zu?~~-D0E1   CO
4D 00 09 4E 3F 5A 75 3F 09 00 21 44 30 42 31 37   M~~N?Zu?~~!D0B17
36 20 50 45 55 00 00 30 18 5A 75 3F 09 00 17 44   6 PEU~~0~Zu?~~~D
30 42 32 20 20 20 50 41 52 00 00 10 3F 5A 75 3F   0B2   PAR~~~?Zu?
09 00 38 44 30 42 31 20 20 20 41 44 56 00 09 50   ~~8D0B1   ADV~~P
4A 5A 75 3F 09 00 3F 44 30 42 31 20 20 20 53 43   JZu?~~?D0B1   SC
31 00 00 10 3F 5A 75 3F 09 00 2C 44 30 42 31 20   1~~~?Zu?~~,D0B1 
20 20 4D 45 44 00 00 10 3F 5A 75 3F 09 00 2B 44     MED~~~?Zu?~~+D
30 42 31 20 20 20 4D 43 41 00 00 0E 01 5A 75 3F   0B1   MCA~~~~Zu?
09 00 10 44 30 42 32 20 20 20 41 53 50 00 00 46   ~~~D0B2   ASP~~F
20 5A 75 3F 09 00 3E 44 30 45 31 4E 31 20 43 4F    Zu?~~>D0E1N1 CO
4D 00 09 4F 24 5A 75 3F 0A 00 3F 44 30 42 31 31   M~~O$Zu?~~?D0B11
39 20 44 52 4D 00 09 4E 3F 5A 75 3F 0A 00 34 44   9 DRM~~N?Zu?~~4D
30 42 31 20 20 20 50 45 55 00 09 4F 31 5A 75 3F   0B1   PEU~~O1Zu?
0A 00 46 44 30 42 31 37 35 20 39 39 39 00 09 4E   ~~FD0B175 999~~N
3F 5A 75 3F 0A 00 32 44 30 42 31 20 20 20 50 45   ?Zu?~~2D0B1   PE
55 00 09 51 3F 5A 75 3F 0A 00 74 44 30 42 31 32   U~~Q?Zu?~~tD0B12
37 20 43 52 58 00 00 42 72 5A 75 3F 0A 00 2A 44   7 CRX~~BrZu?~~*D
30 42 31 20 20 20 30 32 31 00 00 33 21 5A 75 3F   0B1   021~~3!Zu?
0A 00 31 44 30 42 31 20 20 20 4D 43 41 00 09 50   ~~1D0B1   MCA~~P
3F 5A 75 3F 0A 00 37 44 30 42 31 20 20 20 39 39   ?Zu?~~7D0B1   99
39 00 00 10 3F 5A 75 3F 0A 00 3A 44 30 42 31 20   9~~~?Zu?~~:D0B1 
20 20 4D 45 44 00 09 4F 31 5A 75 3F 0A 00 2F 44     MED~~O1Zu?~~/D
30 42 31 20 20 20 39 39 39 00 00 10 3F 5A 75 3F   0B1   999~~~?Zu?
0A 00 3F 44 30 42 31 20 20 20 54 45 4C 00 09 4E   ~~?D0B1   TEL~~N
3F 5A 75 3F 0A 00 35 44 30 42 31 20 20 20 50 45   ?Zu?~~5D0B1   PE
55 00 00 10 3F 5A 75 3F 0A 00 3B 44 30 42 31 37   U~~~?Zu?~~;D0B17
30 20 4D 45 44 00 00 10 3F 5A 75 3F 0A 00 1D 44   0 MED~~~?Zu?~~~D
30 42 32 20 20 20 41 44 56 00 00 10 3F 5A 75 3F   0B2   ADV~~~?Zu?
0B 00 11 44 30 42 32 20 20 20 4D 45 44 00 00 46   ~~~D0B2   MED~~F
20 5A 75 3F 0B 00 2A 44 30 45 31 20 20 20 43 4F    Zu?~~*D0E1   CO
4D 00 09 50 3F 5A 75 3F 0B 00 3B 44 30 42 31 20   M~~P?Zu?~~;D0B1 
20 20 30 30 36 00 09 4E 3F 5A 75 3F 0B 00 38 44     006~~N?Zu?~~8D
30 42 31 20 20 20 49 52 58 00 00 4E 48 5A 75 3F   0B1   IRX~~NHZu?
0B 00 3C 44 30 42 32 20 20 20 20 20 20 00 09 50   ~~<D0B2      ~~P
3F 5A 75 3F 0B 00 39 44 30 42 31 20 20 20 4D 45   ?Zu?~~9D0B1   ME
44 00 00 3C 3F 5A 75 3F 0B 00 72 44 30 42 31 20   D~~<?Zu?~~rD0B1 
20 20 30 33 32 00 00 10 3F 5A 75 3F 0B 00 45 44     032~~~?Zu?~~ED
30 42 31 20 20 20 41 44 56 00 09 4E 3F 5A 75 3F   0B1   ADV~~N?Zu?
0B 00 1F 44 30 42 31 36 34 36 50 45 55 00 00 4E   ~~~D0B1646PEU~~N
3F 5A 75 3F 0B 00 26 44 30 42 31 37 35 20 46 4D   ?Zu?~~&D0B175 FM
20 00 00 1C 6B 5A 75 3F 0B 00 09 44 30 42 31 20    ~~~kZu?~~~D0B1 
20 20 20 20 20 00 00 0E 01 5A 75 3F 0B 00 5E 44        ~~~~Zu?~~^D
30 42 31 20 20 20 41 53 50 00 00 4E 3F 5A 75 3F   0B1   ASP~~N?Zu?
0B 00 2C 44 30 42 31 20 20 20 49 52 58 00 00 3C   ~~,D0B1   IRX~~<
3F 5A 75 3F 0B 00 11 44 30 42 32 20 20 20 30 33   ?Zu?~~~D0B2   03
32 00 00 10 3F 5A 75 3F 0B 00 35 44 30 42 31 37   2~~~?Zu?~~5D0B17
35 20 41 44 56 00 00 46 20 5A 75 3F 0B 00 2F 44   5 ADV~~F Zu?~~/D
30 45 31 20 20 20 43 4F 4D 00 09 50 4A 5A 75 3F   0E1   COM~~PJZu?
0C 00 3F 44 30 42 31 20 20 20 53 43 31 00 09 4E   ~~?D0B1   SC1~~N
3F 5A 75 3F 0C 00 35 44 30 42 31 37 35 20 50 45   ?Zu?~~5D0B175 PE
55 00 00 0F 12 5A 75 3F 0C 00 0F 44 30 42 32 20   U~~~~Zu?~~~D0B2 
20 20 4D 41 20 00 00 10 3F 5A 75 3F 0C 00 2F 44     MA ~~~?Zu?~~/D
30 42 31 20 20 20 4D 45 44 00 00 4E 3F 5A 75 3F   0B1   MED~~N?Zu?
0C 00 11 44 30 42 32 20 20 20 57 47 20 00 09 4E   ~~~D0B2   WG ~~N
3F 5A 75 3F 0C 00 20 44 30 42 31 20 20 20 50 45   ?Zu?~~ D0B1   PE
55 00 00 10 3F 5A 75 3F 0C 00 16 44 30 42 32 20   U~~~?Zu?~~~D0B2 
20 20 41 44 56 00 09 50 3F 5A 75 3F 0C 00 52 44     ADV~~P?Zu?~~RD
30 42 31 35 36 39 43 41 50 00 00 10 3F 5A 75 3F   0B1569CAP~~~?Zu?
0C 00 30 44 30 42 31 20 20 20 41 44 56 00 00 10   ~~0D0B1   ADV~~~
3F 5A 75 3F 0C 00 39 44 30 42 31 37 35 20 4D 43   ?Zu?~~9D0B175 MC
41 00 00 46 20 5A 75 3F 0C 00 18 44 30 45 31 4E   A~~F Zu?~~~D0E1N
31 20 43 4F 4D 00 00 10 3F 5A 75 3F 0C 00 53 44   1 COM~~~?Zu?~~SD
30 42 31 20 20 20 4D 45 44 00 00 42 72 5A 75 3F   0B1   MED~~BrZu?
0C 00 34 44 30 42 31 20 20 20 43 49 4D 00 09 4F   ~~4D0B1   CIM~~O
31 5A 75 3F 0C 00 52 44 30 42 31 20 20 20 39 39   1Zu?~~RD0B1   99
39 00 00 46 20 5A 75 3F 0C 00 38 44 30 45 31 20   9~~F Zu?~~8D0E1 
20 20 43 4F 4D 00 00 10 3F 5A 75 3F 0C 00 28 44     COM~~~?Zu?~~(D
30 42 31 37 35 20 41 44 56 00 00 10 3F 5A 75 3F   0B175 ADV~~~?Zu?
0D 00 2E 44 30 42 31 20 20 20 41 44 56 00 00 4E   ~~.D0B1   ADV~~N
3F 5A 75 3F 0D 00 38 44 30 42 31 20 20 20 49 53   ?Zu?~~8D0B1   IS
20 00 00 1C 6B 5A 75 3F 0D 00 05 44 30 42 31 20    ~~~kZu?~~~D0B1 
20 20 20 20 20 00 00 4E 3F 5A 75 3F 0D 00 5F 44        ~~N?Zu?~~_D
30 42 31 20 20 20 43 48 20 00 00 46 20 5A 75 3F   0B1   CH ~~F Zu?
0D 00 23 44 30 45 31 4E 31 20 43 4F 4D 00 09 4E   ~~#D0E1N1 COM~~N
3F 5A 75 3F 0D 00 20 44 30 42 32 20 20 20 50 45   ?Zu?~~ D0B2   PE
55 00 00 10 3F 5A 75 3F 0D 00 28 44 30 42 31 32   U~~~?Zu?~~(D0B12
31 20 41 44 56 00 00 1C 6B 5A 75 3F 0D 00 01 44   1 ADV~~~kZu?~~~D
30 42 32 20 20 20 20 20 20 00 00 10 3F 5A 75 3F   0B2      ~~~?Zu?
0D 00 2B 44 30 42 31 37 39 20 4D 45 44 00 09 4F   ~~+D0B179 MED~~O
3F 5A 75 3F 0D 00 10 44 30 42 32 20 20 20 39 39   ?Zu?~~~D0B2   99
39 00 00 33 21 5A 75 3F 0D 00 31 44 30 42 31 20   9~~3!Zu?~~1D0B1 
20 20 4D 43 41 00 00 10 3F 5A 75 3F 0D 00 2B 44     MCA~~~?Zu?~~+D
30 42 31 37 39 20 41 44 56 00 00 0F 12 5A 75 3F   0B179 ADV~~~~Zu?
0D 00 24 44 30 42 31 20 20 20 4D 41 20 00 00 10   ~~$D0B1   MA ~~~
3F 5A 75 3F 0D 00 24 44 30 42 31 20 20 20 41 44   ?Zu?~~$D0B1   AD
56 00 00 1C 6B 5A 75 3F 0D 00 01 44 30 42 32 20   V~~~kZu?~~~D0B2 
20 20 20 20 20 00 00 10 3F 5A 75 3F 0D 00 26 44        ~~~?Zu?~~&D
30 42 31 37 39 20 4D 45 44 00 00 4E 3F 5A 75 3F   0B179 MED~~N?Zu?
0D 00 15 44 30 42 32 20 20 20 57 47 20 00 00 46   ~~~D0B2   WG ~~F
20 5A 75 3F 0D 00 3D 44 30 45 31 20 20 20 43 4F    Zu?~~=D0E1   CO
4D 00 00 10 3F 5A 75 3F 0E 00 38 44 30 42 31 20   M~~~?Zu?~~8D0B1 
20 20 41 44 56 00 00 10 3F 5A 75 3F 0E 00 24 44     ADV~~~?Zu?~~$D
30 42 31 20 20 20 41 44 56 00 09 50 3F 5A 75 3F   0B1   ADV~~P?Zu?
0E 00 2A 44 30 42 32 20 20 20 4D 45 44 00 09 29   ~~*D0B2   MED~~)
6A 5A 75 3F 0E 01 34 44 30 42 32 20 20 20 35 34   jZu?~~4D0B2   54
20 00 00 4E 3F 5A 75 3F 0E 00 37 44 30 42 31 20    ~~N?Zu?~~7D0B1 
20 20 49 53 20 00 00 4E 3F 5A 75 3F 0E 00 35 44     IS ~~N?Zu?~~5D
30 42 31 37 39 20 49 53 20 00 09 4E 3F 5A 75 3F   0B179 IS ~~N?Zu?
0E 00 40 44 30 42 31 20 20 20 50 45 55 00 09 51   ~~@D0B1   PEU~~Q
59 5A 75 3F 0E 00 37 44 30 42 31 37 35 20 30 33   YZu?~~7D0B175 03
31 00 00 46 20 5A 75 3F 0E 00 03 44 30 45 31 20   1~~F Zu?~~~D0E1 
20 20 43 4F 4D 00 09 50 3F 5A 75 3F 0E 01 63 44     COM~~P?Zu?~~cD
30 42 31 39 34 33 42 43 52 00 09 51 21 5A 75 3F   0B1943BCR~~Q!Zu?
0E 00 27 44 30 42 31 20 20 20 48 4E 45 00 00 3C   ~~'D0B1   HNE~~<
3F 5A 75 3F 0E 00 27 44 30 42 31 37 39 20 30 33   ?Zu?~~'D0B179 03
32 00 09 4F 3F 5A 75 3F 0E 00 2B 44 30 42 31 20   2~~O?Zu?~~+D0B1 
20 20 46 45 50 00 09 51 2A 5A 75 3F 0E 00 3A 44     FEP~~Q*Zu?~~:D
30 42 31 20 20 20 4E 56 54 00 00 10 3F 5A 75 3F   0B1   NVT~~~?Zu?
0E 00 34 44 30 42 31 37 35 20 41 44 56 00 09 4E   ~~4D0B175 ADV~~N
3F 5A 75 3F 0F 00 0A 44 30 42 31 54 51 20 50 45   ?Zu?~~~D0B1TQ PE
55 00 09 50 3F 5A 75 3F 0F 00 27 44 30 42 31 20   U~~P?Zu?~~'D0B1 
20 20 4D 45 44 00 00 40 73 5A 75 3F 0F 00 36 44     MED~~@sZu?~~6D
30 42 31 20 20 20 50 44 50 00 00 4E 3F 5A 75 3F   0B1   PDP~~N?Zu?
0F 00 36 44 30 42 31 20 20 20 57 47 20 00 09 50   ~~6D0B1   WG ~~P
3F 5A 75 3F 0F 00 48 44 30 42 31 20 20 20 30 30   ?Zu?~~HD0B1   00
36 00 09 50 3F 5A 75 3F 0F 00 36 44 30 42 31 37   6~~P?Zu?~~6D0B17
30 20 50 41 52 00 09 51 2A 5A 75 3F 0F 00 68 44   0 PAR~~Q*Zu?~~hD
30 42 31 20 20 20 4E 56 54 00 09 50 5E 5A 75 3F   0B1   NVT~~P^Zu?
0F 00 3F 44 30 42 31 20 20 20 43 56 31 00 00 4E   ~~?D0B1   CV1~~N
3F 5A 75 3F 0F 00 46 44 30 42 31 37 36 20 57 47   ?Zu?~~FD0B176 WG
20 00 00 46 20 5A 75 3F 0F 00 42 44 30 45 31 4E    ~~F Zu?~~BD0E1N
31 20 43 4F 4D 00 09 4E 3F 5A 75 3F 0F 00 0D 44   1 COM~~N?Zu?~~~D
30 42 32 20 20 20 48 50 48 00 00 48 3F 5A 75 3F   0B2   HPH~~H?Zu?
0F 00 16 44 30 42 32 20 20 20 48 45 4C 00 00 54   ~~~D0B2   HEL~~T
3F 5A 75 3F 0F 00 28 44 30 42 31 20 20 20 20 20   ?Zu?~~(D0B1     
20 00 00 10 32 5A 75 3F 0F 00 3F 44 30 42 31 31    ~~~2Zu?~~?D0B11
39 20 20 20 20 00 09 4E 3F 5A 75 3F 10 00 2F 44   9    ~~N?Zu?~~/D
30 42 31 20 20 20 50 45 55 00 09 4E 3F 5A 75 3F   0B1   PEU~~N?Zu?
10 00 0E 44 30 42 32 20 20 20 49 52 58 00 09 4E   ~~~D0B2   IRX~~N
3F 5A 75 3F 10 00 29 44 30 42 31 20 20 20 50 45   ?Zu?~~)D0B1   PE
55 00 00 4E 3F 5A 75 3F 10 00 2B 44 30 42 31 39   U~~N?Zu?~~+D0B19
32 35 49 53 20 00 00 10 3F 5A 75 3F 10 00 2D 44   25IS ~~~?Zu?~~-D
30 42 31 37 35 20 41 44 56 00 00 10 3F 5A 75 3F   0B175 ADV~~~?Zu?
10 00 44 44 30 42 31 20 20 20 4D 45 44 00 00 10   ~~DD0B1   MED~~~
3F 5A 75 3F 10 00 37 44 30 42 31 20 20 20 4D 45   ?Zu?~~7D0B1   ME
44 00 09 50 3F 5A 75 3F 10 00 26 44 30 42 31 38   D~~P?Zu?~~&D0B18
38 20 4D 45 44 00 00 10 3F 5A 75 3F 10 00 29 44   8 MED~~~?Zu?~~)D
30 42 31 20 20 20 44 43 41 00 00 10 3F 5A 75 3F   0B1   DCA~~~?Zu?
10 00 2D 44 30 42 31 36 39 20 41 44 56 00 09 4F   ~~-D0B169 ADV~~O
31 5A 75 3F 10 00 34 44 30 42 31 20 20 20 39 39   1Zu?~~4D0B1   99
39 00 09 50 4A 5A 75 3F 10 00 3F 44 30 42 31 20   9~~PJZu?~~?D0B1 
20 20 53 43 31 00 0C 35 08 5A 75 3F 10 00 22 44     SC1~~5~Zu?~~"D
30 42 31 37 39 20 49 48 43 00 00 10 3F 5A 75 3F   0B179 IHC~~~?Zu?
10 00 27 44 30 42 31 20 20 20 41 44 56 00 00 10   ~~'D0B1   ADV~~~
3F 5A 75 3F 10 00 2A 44 30 42 31 20 20 20 41 44   ?Zu?~~*D0B1   AD
56 00 00 10 3F 5A 75 3F 10 00 26 44 30 42 31 38   V~~~?Zu?~~&D0B18
38 20 4D 45 44 00 09 50 3F 5A 75 3F 11 00 36 44   8 MED~~P?Zu?~~6D
30 42 31 20 20 20 30 30 36 00 00 48 3F 5A 75 3F   0B1   006~~H?Zu?
11 00 0F 44 30 42 32 20 20 20 48 45 4C 00 00 0F   ~~~D0B2   HEL~~~
12 5A 75 3F 11 00 23 44 30 42 31 20 20 20 4D 41   ~Zu?~~#D0B1   MA
20 00 00 10 3F 5A 75 3F 11 00 25 44 30 42 31 37    ~~~?Zu?~~%D0B17
39 20 41 44 56 00 00 10 3F 5A 75 3F 11 00 31 44   9 ADV~~~?Zu?~~1D
30 42 31 37 39 20 41 44 56 00 00 1C 6B 5A 75 3F   0B179 ADV~~~kZu?
11 00 01 44 30 42 31 20 20 20 20 20 20 00 00 10   ~~~D0B1      ~~~
3F 5A 75 3F 11 00 32 44 30 42 31 20 20 20 41 44   ?Zu?~~2D0B1   AD
56 00 09 4F 3F 5A 75 3F 11 00 31 44 30 42 31 20   V~~O?Zu?~~1D0B1 
20 20 46 45 50 00 09 4F 24 5A 75 3F 11 00 3F 44     FEP~~O$Zu?~~?D
30 42 31 36 35 20 44 52 4D 00 09 50 3F 5A 75 3F   0B165 DRM~~P?Zu?
11 00 30 44 30 42 31 20 20 20 30 30 36 00 09 4E   ~~0D0B1   006~~N
3F 5A 75 3F 11 00 14 44 30 42 32 20 20 20 50 45   ?Zu?~~~D0B2   PE
55 00 00 10 3F 5A 75 3F 11 00 31 44 30 42 31 20   U~~~?Zu?~~1D0B1 
20 20 41 44 56 00 00 10 3F 5A 75 3F 11 00 34 44     ADV~~~?Zu?~~4D
30 42 31 37 36 20 41 44 56 00 00 10 3F 5A 75 3F   0B176 ADV~~~?Zu?
11 00 3F 44 30 42 31 37 39 20 4D 43 41 00 09 51   ~~?D0B179 MCA~~Q
2A 5A 75 3F 11 00 28 44 30 42 32 20 20 20 4E 56   *Zu?~~(D0B2   NV
54 00 00 4E 3F 5A 75 3F 11 00 42 44 30 42 31 20   T~~N?Zu?~~BD0B1 
20 20 57 47 20 00 09 51 2E 5A 75 3F 11 00 01 44     WG ~~Q.Zu?~~~D
30 42 31 38 35 20 48 4D 43 00 00 10 3F 5A 75 3F   0B185 HMC~~~?Zu?
11 00 34 44 30 42 31 37 30 20 41 44 56 00 00 5E   ~~4D0B170 ADV~~^
3F 5A 75 3F 12 00 59 44 30 42 31 37 35 20 4F 48   ?Zu?~~YD0B175 OH
52 00 00 4E 3F 5A 75 3F 12 00 23 44 30 42 31 20   R~~N?Zu?~~#D0B1 
20 20 41 43 20 00 09 4E 3F 5A 75 3F 12 00 40 44     AC ~~N?Zu?~~@D
30 42 31 37 30 20 43 54 52 00 09 4F 3F 5A 75 3F   0B170 CTR~~O?Zu?
12 00 1A 44 30 42 32 20 20 20 46 45 50 00 00 10   ~~~D0B2   FEP~~~
3F 5A 75 3F 12 00 20 44 30 42 31 20 20 20 44 43   ?Zu?~~ D0B1   DC
41 00 00 42 72 5A 75 3F 12 00 22 44 30 42 32 20   A~~BrZu?~~"D0B2 
20 20 30 32 31 00 09 4E 3F 5A 75 3F 12 00 2A 44     021~~N?Zu?~~*D
30 42 31 20 20 20 50 45 55 00 00 10 3F 5A 75 3F   0B1   PEU~~~?Zu?
12 00 2B 44 30 42 31 20 20 20 41 44 56 00 00 49   ~~+D0B1   ADV~~I
3F 5A 75 3F 12 00 3F 44 30 42 31 34 31 20 33 46   ?Zu?~~?D0B141 3F
20 00 00 17 3F 5A 75 3F 12 00 3F 44 30 42 31 20    ~~~?Zu?~~?D0B1 
20 20 4D 53 43 00 00 46 20 5A 75 3F 12 00 1C 44     MSC~~F Zu?~~~D
30 45 31 20 20 20 43 4F 4D 00 09 4F 74 5A 75 3F   0E1   COM~~OtZu?
12 00 4A 44 30 42 31 37 35 20 44 52 57 00 00 3E   ~~JD0B175 DRW~~>
21 5A 75 3F 12 01 3E 44 30 42 31 20 20 20 20 20   !Zu?~~>D0B1     
20 00 00 44 6B 5A 75 3F 12 00 3F 44 30 42 31 37    ~~DkZu?~~?D0B17
31 20 20 20 20 00 00 48 3F 5A 75 3F 12 00 1E 44   1    ~~H?Zu?~~~D
30 42 32 20 20 20 48 45 4C 00 09 4E 3F 5A 75 3F   0B2   HEL~~N?Zu?
12 00 3B 44 30 42 31 37 30 20 43 54 52 00 00 10   ~~;D0B170 CTR~~~
3F 5A 75 3F 12 00 11 44 30 42 32 20 20 20 4D 45   ?Zu?~~~D0B2   ME
44 00 00 10 3F 5A 75 3F 12 00 2E 44 30 42 31 37   D~~~?Zu?~~.D0B17
30 20 4D 45 44 00 00 10 3F 5A 75 3F 12 00 1D 44   0 MED~~~?Zu?~~~D
30 42 32 20 20 20 41 44 56 00 00 0F 12 5A 75 3F   0B2   ADV~~~~Zu?
13 00 23 44 30 42 31 20 20 20 4D 41 20 00 00 10   ~~#D0B1   MA ~~~
3F 5A 75 3F 13 00 14 44 30 42 32 20 20 20 4D 45   ?Zu?~~~D0B2   ME
44 00 09 4E 3F 5A 75 3F 13 00 2E 44 30 42 31 20   D~~N?Zu?~~.D0B1 
20 20 49 52 58 00 00 10 3F 5A 75 3F 13 00 57 44     IRX~~~?Zu?~~WD
30 42 31 33 39 20 41 4C 4D 00 09 4F 3F 5A 75 3F   0B139 ALM~~O?Zu?
13 00 35 44 30 42 31 37 30 20 39 39 39 00 09 50   ~~5D0B170 999~~P
3F 5A 75 3F 13 00 31 44 30 42 31 37 35 20 4D 45   ?Zu?~~1D0B175 ME
44 00 00 10 3F 5A 75 3F 13 00 46 44 30 42 31 20   D~~~?Zu?~~FD0B1 
20 20 41 44 56 00 09 50 3F 5A 75 3F 13 00 11 44     ADV~~P?Zu?~~~D
30 42 32 20 20 20 30 30 36 00 09 4F 24 5A 75 3F   0B2   006~~O$Zu?
13 00 3F 44 30 42 31 37 36 20 50 43 53 00 00 30   ~~?D0B176 PCS~~0
18 5A 75 3F 14 00 77 44 30 42 31 20 20 20 50 41   ~Zu?~~wD0B1   PA
52 00 00 1C 6B 5A 75 3F 14 00 06 44 30 42 31 20   R~~~kZu?~~~D0B1 
20 20 20 20 20 00 00 10 3F 5A 75 3F 14 00 37 44        ~~~?Zu?~~7D
30 42 31 37 35 20 41 44 56 00 00 4C 3F 5A 75 3F   0B175 ADV~~L?Zu?
14 00 53 44 30 42 31 20 20 20 30 31 39 00 00 46   ~~SD0B1   019~~F
20 5A 75 3F 14 00 33 44 30 45 31 20 20 20 43 4F    Zu?~~3D0E1   CO
4D 00 09 50 3F 5A 75 3F 14 00 35 44 30 42 31 20   M~~P?Zu?~~5D0B1 
20 20 4C 4F 59 00 09 50 3F 5A 75 3F 14 00 2E 44     LOY~~P?Zu?~~.D
30 42 31 20 20 20 4D 45 44 00 00 10 3F 5A 75 3F   0B1   MED~~~?Zu?
14 00 36 44 30 42 31 37 30 20 41 44 56 00 00 10   ~~6D0B170 ADV~~~
3F 5A 75 3F 14 00 31 44 30 42 31 37 35 20 4D 45   ?Zu?~~1D0B175 ME
44 00 00 4E 3F 5A 75 3F 14 00 10 44 30 42 32 20   D~~N?Zu?~~~D0B2 
20 20 49 52 58 00 00 10 3F 5A 75 3F 14 00 20 44     IRX~~~?Zu?~~ D
30 42 31 20 20 20 4D 43 41 00 09 4F 24 5A 75 3F   0B1   MCA~~O$Zu?
14 00 3F 44 30 42 31 37 36 20 50 43 53 00 00 0F   ~~?D0B176 PCS~~~
12 5A 75 3F 14 00 11 44 30 42 32 20 20 20 41 34   ~Zu?~~~D0B2   A4
20 00 09 4E 3F 5A 75 3F 14 00 12 44 30 42 32 20    ~~N?Zu?~~~D0B2 
20 20 50 45 55 00 00 42 72 5A 75 3F 14 00 28 44     PEU~~BrZu?~~(D
30 42 31 20 20 20 43 49 4D 00 00 10 3F 5A 75 3F   0B1   CIM~~~?Zu?
14 00 27 44 30 42 31 20 20 20 41 44 56 00 00 60   ~~'D0B1   ADV~~`
3F 5A 75 3F 14 00 3F 44 30 42 31 20 20 20 57 4D   ?Zu?~~?D0B1   WM
48 00 09 4E 3F 5A 75 3F 14 00 28 44 30 42 31 20   H~~N?Zu?~~(D0B1 
20 20 50 45 55 00 00 10 3F 5A 75 3F 14 00 2A 44     PEU~~~?Zu?~~*D
30 42 31 20 20 20 41 44 56 00 09 4F 24 5A 75 3F   0B1   ADV~~O$Zu?
15 00 3F 44 30 42 32 20 20 20 49 52 58 00 09 4F   ~~?D0B2   IRX~~O
3F 5A 75 3F 15 00 3B 44 30 42 31 37 35 20 39 39   ?Zu?~~;D0B175 99
39 00 09 51 3F 5A 75 3F 15 00 3F 44 30 42 31 20   9~~Q?Zu?~~?D0B1 
20 20 46 4C 49 00 09 4E 3F 5A 75 3F 15 00 4A 44     FLI~~N?Zu?~~JD
30 42 31 37 35 20 50 45 55 00 00 17 3F 5A 75 3F   0B175 PEU~~~?Zu?
15 00 3F 44 30 42 31 20 20 20 4D 53 43 00 00 10   ~~?D0B1   MSC~~~
3F 5A 75 3F 15 00 36 44 30 42 31 37 35 20 41 44   ?Zu?~~6D0B175 AD
56 00 00 10 3F 5A 75 3F 15 00 2A 44 30 42 31 20   V~~~?Zu?~~*D0B1 
20 20 41 44 56 00 09 50 3F 5A 75 3F 15 00 32 44     ADV~~P?Zu?~~2D
30 42 31 20 20 20 4D 45 44 00 00 46 20 5A 75 3F   0B1   MED~~F Zu?
15 00 42 44 30 45 31 4E 31 20 43 4F 4D 00 00 1C   ~~BD0E1N1 COM~~~
6B 5A 75 3F 15 00 05 44 30 42 32 20 20 20 20 20   kZu?~~~D0B2     
20 00 00 10 3F 5A 75 3F 15 00 16 44 30 42 32 20    ~~~?Zu?~~~D0B2 
20 20 41 44 56 00 00 0F 12 5A 75 3F 15 00 43 44     ADV~~~~Zu?~~CD
30 42 31 20 20 20 41 34 20 00 00 0F 12 5A 75 3F   0B1   A4 ~~~~Zu?
15 00 23 44 30 42 31 20 20 20 4D 41 53 00 00 2D   ~~#D0B1   MAS~~-
3F 5A 75 3F 15 00 0C 44 30 45 31 20 20 20 32 32   ?Zu?~~~D0E1   22
32 00 00 10 3F 5A 75 3F 15 00 2B 44 30 42 31 37   2~~~?Zu?~~+D0B17
39 20 4D 45 44 00 00 0E 01 5A 75 3F 15 00 0F 44   9 MED~~~~Zu?~~~D
30 42 32 20 20 20 41 53 50 00 09 50 3F 5A 75 3F   0B2   ASP~~P?Zu?
16 00 0C 44 30 42 31 20 20 20 4C 4F 59 00 00 10   ~~~D0B1   LOY~~~
3F 5A 75 3F 16 00 22 44 30 42 31 37 39 20 41 44   ?Zu?~~"D0B179 AD
56 00 00 10 3F 5A 75 3F 16 00 28 44 30 42 31 38   V~~~?Zu?~~(D0B18
31 20 4D 45 44 00 00 4E 3F 5A 75 3F 16 00 08 44   1 MED~~N?Zu?~~~D
30 42 32 20 20 20 57 47 20 00 00 10 3F 5A 75 3F   0B2   WG ~~~?Zu?
16 00 0B 44 30 42 32 20 20 20 41 44 56 00 00 10   ~~~D0B2   ADV~~~
3F 5A 75 3F 16 00 2D 44 30 42 31 20 20 20 41 44   ?Zu?~~-D0B1   AD
56 00 00 10 3F 5A 75 3F 16 00 2B 44 30 42 32 20   V~~~?Zu?~~+D0B2 
20 20 41 44 56 00 00 46 20 5A 75 3F 16 00 40 44     ADV~~F Zu?~~@D
30 45 31 20 20 20 43 4F 4D 00 09 50 5E 5A 75 3F   0E1   COM~~P^Zu?
16 00 69 44 30 42 32 20 20 20 43 56 31 00 09 4F   ~~iD0B2   CV1~~O
3F 5A 75 3F 16 00 2A 44 30 42 31 20 20 20 46 45   ?Zu?~~*D0B1   FE
50 00 00 10 3F 5A 75 3F 16 00 3B 44 30 42 31 20   P~~~?Zu?~~;D0B1 
20 20 41 44 56 00 00 10 3F 5A 75 3F 16 00 16 44     ADV~~~?Zu?~~~D
30 42 32 20 20 20 41 44 56 00 09 4E 3F 5A 75 3F   0B2   ADV~~N?Zu?
16 00 2E 44 30 42 31 20 20 20 49 52 58 00 09 4E   ~~.D0B1   IRX~~N
3F 5A 75 3F 16 00 6F 44 30 42 31 34 31 20 50 44   ?Zu?~~oD0B141 PD
4D 00 00 4E 3F 5A 75 3F 16 00 45 44 30 42 31 20   M~~N?Zu?~~ED0B1 
20 20 57 47 20 00 00 4D 3F 5A 75 3F 16 00 47 44     WG ~~M?Zu?~~GD
30 42 32 20 20 20 48 48 31 00 09 4F 31 5A 75 3F   0B2   HH1~~O1Zu?
16 00 37 44 30 42 31 20 20 20 39 39 39 00 00 46   ~~7D0B1   999~~F
20 5A 75 3F 17 00 3D 44 30 45 31 20 20 20 43 4F    Zu?~~=D0E1   CO
4D 00 00 46 20 5A 75 3F 17 00 2F 44 30 45 31 20   M~~F Zu?~~/D0E1 
20 20 43 4F 4D 00 00 10 3F 5A 75 3F 17 00 3C 44     COM~~~?Zu?~~<D
30 42 31 37 35 20 41 44 56 00 00 4B 3F 5A 75 3F   0B175 ADV~~K?Zu?
17 00 17 44 30 42 32 20 20 20 37 32 38 00 00 0E   ~~~D0B2   728~~~
01 5A 75 3F 17 00 4B 44 30 42 31 20 20 20 41 53   ~Zu?~~KD0B1   AS
50 00 09 29 6A 5A 75 3F 17 00 3F 44 30 42 31 37   P~~)jZu?~~?D0B17
30 20 35 34 20 00 09 4E 3F 5A 75 3F 17 00 2B 44   0 54 ~~N?Zu?~~+D
30 42 31 37 30 20 50 45 55 00 09 4F 3F 5A 75 3F   0B170 PEU~~O?Zu?
17 00 33 44 30 42 31 20 20 20 46 45 50 00 09 51   ~~3D0B1   FEP~~Q
59 5A 75 3F 17 00 1D 44 30 42 31 37 30 20 30 33   YZu?~~~D0B170 03
31 00 09 50 3F 5A 75 3F 17 00 22 44 30 42 32 20   1~~P?Zu?~~"D0B2 
20 20 30 30 36 00 00 4E 3F 5A 75 3F 17 00 46 44     006~~N?Zu?~~FD
30 42 31 37 30 20 49 53 20 00 00 4E 3F 5A 75 3F   0B170 IS ~~N?Zu?
17 00 11 44 30 42 32 20 20 20 49 53 20 00 09 50   ~~~D0B2   IS ~~P
5E 5A 75 3F 17 00 75 44 30 42 32 20 20 20 43 56   ^Zu?~~uD0B2   CV
31 00 00 06 11 5A 75 3F 17 00 28 44 30 42 31 20   1~~~~Zu?~~(D0B1 
20 20 54 4E 4D 00 00 10 3F 5A 75 3F 17 00 2C 44     TNM~~~?Zu?~~,D
30 42 31 20 20 20 41 44 56 00 00 4E 3F 5A 75 3F   0B1   ADV~~N?Zu?
17 00 33 44 30 42 31 20 20 20 49 53 20 00 09 4F   ~~3D0B1   IS ~~O
31 5A 75 3F 17 00 12 44 30 42 32 20 20 20 39 39   1Zu?~~~D0B2   99
39 00 00 4E 48 5A 75 3F 18 00 3B 44 30 42 32 20   9~~NHZu?~~;D0B2 
20 20 20 20 20 00 09 4E 3F 5A 75 3F 18 00 40 44        ~~N?Zu?~~@D
30 42 31 20 20 20 50 45 55 00 00 3C 3F 5A 75 3F   0B1   PEU~~<?Zu?
18 00 26 44 30 42 32 20 20 20 30 33 32 00 00 10   ~~&D0B2   032~~~
3F 5A 75 3F 18 00 31 44 30 42 31 20 20 20 4D 45   ?Zu?~~1D0B1   ME
44 00 00 10 3F 5A 75 3F 18 00 43 44 30 42 31 20   D~~~?Zu?~~CD0B1 
20 20 4D 45 44 00 09 50 3F 5A 75 3F 18 01 00 44     MED~~P?Zu?~~~D
30 42 31 20 20 20 35 35 32 00 00 10 3F 5A 75 3F   0B1   552~~~?Zu?
18 00 42 44 30 42 31 20 20 20 41 44 56 00 00 10   ~~BD0B1   ADV~~~
3F 5A 75 3F 18 00 10 44 30 42 32 20 20 20 4D 45   ?Zu?~~~D0B2   ME
44 00 09 4F 3F 5A 75 3F 18 00 2F 44 30 42 31 37   D~~O?Zu?~~/D0B17
35 20 39 39 39 00 00 17 3F 5A 75 3F 18 00 3F 44   5 999~~~?Zu?~~?D
30 42 31 20 20 20 4D 53 43 00 00 46 20 5A 75 3F   0B1   MSC~~F Zu?
18 00 13 44 30 45 31 4E 31 20 43 4F 4D 00 00 46   ~~~D0E1N1 COM~~F
20 5A 75 3F 18 00 2D 44 30 45 31 20 20 20 43 4F    Zu?~~-D0E1   CO
4D 00 00 1C 6B 5A 75 3F 18 00 06 44 30 42 31 20   M~~~kZu?~~~D0B1 
20 20 20 20 20 00 09 4E 3F 5A 75 3F 18 00 31 44        ~~N?Zu?~~1D
30 42 31 20 20 20 49 52 58 00 09 50 3F 5A 75 3F   0B1   IRX~~P?Zu?
18 00 25 44 30 42 31 20 20 20 4D 45 44 00 00 46   ~~%D0B1   MED~~F
20 5A 75 3F 18 00 36 44 30 45 31 20 20 20 43 4F    Zu?~~6D0E1   CO
4D 00 00 0F 12 5A 75 3F 18 00 33 44 30 42 31 20   M~~~~Zu?~~3D0B1 
20 20 41 34 20 00 00 10 3F 5A 75 3F 18 00 30 44     A4 ~~~?Zu?~~0D
30 42 31 37 39 20 4D 45 44 00 00 10 3F 5A 75 3F   0B179 MED~~~?Zu?
18 00 2E 44 30 42 31 20 20 20 4D 45 44 00 00 10   ~~.D0B1   MED~~~
3F 5A 75 3F 19 00 13 44 30 42 32 20 20 20 41 44   ?Zu?~~~D0B2   AD
56 00 00 4E 3F 5A 75 3F 19 00 1A 44 30 42 32 20   V~~N?Zu?~~~D0B2 
20 20 49 52 58 00 00 33 21 5A 75 3F 19 00 22 44     IRX~~3!Zu?~~"D
30 42 31 20 20 20 43 4F 4D 00 09 4F 24 5A 75 3F   0B1   COM~~O$Zu?
19 00 60 44 30 42 31 45 34 20 44 52 4D 00 00 10   ~~`D0B1E4 DRM~~~
3F 5A 75 3F 19 00 33 44 30 42 31 20 20 20 41 44   ?Zu?~~3D0B1   AD
56 00 00 10 3F 5A 75 3F 19 00 28 44 30 42 31 20   V~~~?Zu?~~(D0B1 
20 20 41 44 56 00 00 40 73 5A 75 3F 19 00 64 44     ADV~~@sZu?~~dD
30 42 31 37 35 20 48 5A 52 00 00 10 3F 5A 75 3F   0B175 HZR~~~?Zu?
19 00 2E 44 30 42 31 20 20 20 41 44 56 00 09 4E   ~~.D0B1   ADV~~N
3F 5A 75 3F 19 00 46 44 30 42 31 20 20 20 50 45   ?Zu?~~FD0B1   PE
55 00 00 4E 3F 5A 75 3F 19 00 71 44 30 42 31 37   U~~N?Zu?~~qD0B17
36 20 57 47 20 00 00 4E 48 5A 75 3F 19 00 61 44   6 WG ~~NHZu?~~aD
30 42 31 20 20 20 20 20 20 00 00 10 3F 5A 75 3F   0B1      ~~~?Zu?
19 00 1D 44 30 42 31 20 20 20 41 44 56 00 00 10   ~~~D0B1   ADV~~~
3F 5A 75 3F 19 00 33 44 30 42 31 20 20 20 41 44   ?Zu?~~3D0B1   AD
56 00 00 10 3F 5A 75 3F 19 00 26 44 30 42 31 20   V~~~?Zu?~~&D0B1 
20 20 41 44 56 00 00 1C 6B 5A 75 3F 19 00 05 44     ADV~~~kZu?~~~D
30 42 32 20 20 20 20 20 20 00 09 50 3F 5A 75 3F   0B2      ~~P?Zu?
1A 00 2F 44 30 42 31 37 30 20 30 30 36 00 00 4E   ~~/D0B170 006~~N
3F 5A 75 3F 1A 00 29 44 30 42 31 20 20 20 4E 43   ?Zu?~~)D0B1   NC
20 00 00 0F 12 5A 75 3F 1A 00 2A 44 30 42 31 20    ~~~~Zu?~~*D0B1 
20 20 41 34 20 00 09 4E 3F 5A 75 3F 1A 00 32 44     A4 ~~N?Zu?~~2D
30 42 31 20 20 20 50 45 55 00 09 50 3F 5A 75 3F   0B1   PEU~~P?Zu?
1A 00 26 44 30 42 31 20 20 20 34 33 34 00 00 52   ~~&D0B1   434~~R
3F 5A 75 3F 1A 00 30 44 30 42 32 20 20 20 44 49   ?Zu?~~0D0B2   DI
53 00 00 10 3F 5A 75 3F 1A 00 5D 44 30 42 31 20   S~~~?Zu?~~]D0B1 
20 20 41 44 56 00 00 10 3F 5A 75 3F 1A 00 3F 44     ADV~~~?Zu?~~?D
30 42 31 37 35 20 41 44 56 00 00 10 3F 5A 75 3F   0B175 ADV~~~?Zu?
1A 00 2D 44 30 42 31 36 30 20 41 44 56 00 09 4F   ~~-D0B160 ADV~~O
31 5A 75 3F 1A 00 33 44 30 42 31 20 20 20 39 39   1Zu?~~3D0B1   99
39 00 00 1C 6B 5A 75 3F 1A 00 01 44 30 42 31 20   9~~~kZu?~~~D0B1 
20 20 20 20 20 00 00 1C 6B 5A 75 3F 1A 00 01 44        ~~~kZu?~~~D
30 42 31 20 20 20 20 20 20 00 00 17 3F 5A 75 3F   0B1      ~~~?Zu?
1A 00 3F 44 30 42 32 20 20 20 4D 53 43 00 09 4F   ~~?D0B2   MSC~~O
31 5A 75 3F 1A 00 3B 44 30 42 31 20 20 20 39 39   1Zu?~~;D0B1   99
39 00 09 29 6C 5A 75 3F 1A 00 13 44 30 42 31 20   9~~)lZu?~~~D0B1 
20 20 30 36 37 00 00 25 53 5A 75 3F 1A 00 77 44     067~~%SZu?~~wD
30 42 32 20 20 20 4D 41 53 00 00 46 20 5A 75 3F   0B2   MAS~~F Zu?
1A 00 33 44 30 45 31 4E 31 20 43 4F 4D 00 09 4E   ~~3D0E1N1 COM~~N
3F 5A 75 3F 1A 00 14 44 30 42 32 20 20 20 50 45   ?Zu?~~~D0B2   PE
55 00 00 46 20 5A 75 3F 1B 00 18 44 30 45 31 4E   U~~F Zu?~~~D0E1N
31 20 43 4F 4D 00 09 4F 3F 5A 75 3F 1B 00 2B 44   1 COM~~O?Zu?~~+D
30 42 31 37 36 20 39 39 39 00 00 10 3F 5A 75 3F   0B176 999~~~?Zu?
1B 00 2B 44 30 42 31 20 20 20 41 44 56 00 09 4E   ~~+D0B1   ADV~~N
3F 5A 75 3F 1B 00 33 44 30 42 31 20 20 20 20 20   ?Zu?~~3D0B1     
20 00 00 4E 3F 5A 75 3F 1B 00 31 44 30 42 31 20    ~~N?Zu?~~1D0B1 
20 20 57 47 20 00 09 50 3F 5A 75 3F 1B 00 3C 44     WG ~~P?Zu?~~<D
30 42 31 20 20 20 30 30 36 00 00 10 3F 5A 75 3F   0B1   006~~~?Zu?
1B 00 39 44 30 42 31 37 36 20 41 44 56 00 00 10   ~~9D0B176 ADV~~~
3F 5A 75 3F 1B 00 3F 44 30 42 31 20 20 20 41 44   ?Zu?~~?D0B1   AD
56 00 00 10 3F 5A 75 3F 1B 00 09 44 30 42 32 20   V~~~?Zu?~~~D0B2 
20 20 41 44 56 00 00 46 20 5A 75 3F 1B 00 23 44     ADV~~F Zu?~~#D
30 45 31 20 20 20 43 4F 4D 00 00 10 3F 5A 75 3F   0E1   COM~~~?Zu?
1B 00 2E 44 30 42 31 37 35 20 4D 45 44 00 00 10   ~~.D0B175 MED~~~
3F 5A 75 3F 1B 00 12 44 30 42 32 20 20 20 41 44   ?Zu?~~~D0B2   AD
56 00 00 0F 12 5A 75 3F 1B 00 2E 44 30 42 31 37   V~~~~Zu?~~.D0B17
35 20 4D 41 53 00 00 10 3F 5A 75 3F 1B 00 33 44   5 MAS~~~?Zu?~~3D
30 42 31 37 35 20 41 44 56 00 09 4E 3F 5A 75 3F   0B175 ADV~~N?Zu?
1B 00 14 44 30 42 32 20 20 20 50 45 55 00 09 50   ~~~D0B2   PEU~~P
3F 5A 75 3F 1B 00 2E 44 30 42 31 38 31 20 4D 45   ?Zu?~~.D0B181 ME
44 00 00 5A 3F 5A 75 3F 1B 00 51 44 30 42 31 36   D~~Z?Zu?~~QD0B16
5A 20 56 52 58 00 09 4E 3F 5A 75 3F 1B 00 3A 44   Z VRX~~N?Zu?~~:D
30 42 31 37 30 20 49 52 58 00 00 10 3F 5A 75 3F   0B170 IRX~~~?Zu?
1B 00 3D 44 30 42 31 20 20 20 4D 45 44 00 09 51   ~~=D0B1   MED~~Q
2A 5A 75 3F 1B 00 30 44 30 42 32 20 20 20 4E 56   *Zu?~~0D0B2   NV
54 00 09 51 3F 5A 75 3F 1B 00 4C 44 30 42 31 20   T~~Q?Zu?~~LD0B1 
20 20 30 32 30 00 00 42 72 5A 75 3F 1B 00 28 44     020~~BrZu?~~(D
30 42 31 20 20 20 30 32 31 00 00 25 53 5A 75 3F   0B1   021~~%SZu?
1B 00 3F 44 30 42 31 20 20 20 4D 41 53 00 00 3C   ~~?D0B1   MAS~~<
3F 5A 75 3F 1B 00 40 44 30 42 31 20 20 20 30 33   ?Zu?~~@D0B1   03
32 00 09 4E 3F 5A 75 3F 1B 00 2C 44 30 42 31 20   2~~N?Zu?~~,D0B1 
20 20 50 45 55 00 00 3C 3F 5A 75 3F 1B 00 23 44     PEU~~<?Zu?~~#D
30 42 31 37 4D 20 30 33 32 00 00 46 20 5A 75 3F   0B17M 032~~F Zu?
1B 00 47 44 30 45 31 20 20 20 43 4F 4D 00 00 10   ~~GD0E1   COM~~~
3F 5A 75 3F 1C 00 2C 44 30 42 31 20 20 20 4D 45   ?Zu?~~,D0B1   ME
44 00 00 46 20 5A 75 3F 1C 00 4E 44 30 45 31 20   D~~F Zu?~~ND0E1 
20 20 43 4F 4D 00 00 1C 6B 5A 75 3F 1C 00 06 44     COM~~~kZu?~~~D
30 42 31 20 20 20 20 20 20 00 00 40 3F 5A 75 3F   0B1      ~~@?Zu?
1C 00 3F 44 30 42 31 20 20 20 37 33 32 00 09 4E   ~~?D0B1   732~~N
3F 5A 75 3F 1C 00 30 44 30 42 31 20 20 20 49 52   ?Zu?~~0D0B1   IR
58 00 00 10 3F 5A 75 3F 1C 00 13 44 30 42 32 20   X~~~?Zu?~~~D0B2 
20 20 41 44 56 00 00 10 3F 5A 75 3F 1C 00 34 44     ADV~~~?Zu?~~4D
30 42 31 37 30 20 4D 45 44 00 09 4F 31 5A 75 3F   0B170 MED~~O1Zu?
1C 00 34 44 30 42 31 20 20 20 39 39 39 00 09 4F   ~~4D0B1   999~~O
31 5A 75 3F 1C 00 36 44 30 42 31 37 39 20 39 39   1Zu?~~6D0B179 99
39 00 09 50 3F 5A 75 3F 1C 00 45 44 30 42 32 20   9~~P?Zu?~~ED0B2 
20 20 35 35 32 00 09 4E 3F 5A 75 3F 1C 00 31 44     552~~N?Zu?~~1D
30 42 31 20 20 20 50 45 55 00 00 54 3F 5A 75 3F   0B1   PEU~~T?Zu?
1C 00 2F 44 30 42 31 20 20 20 20 20 20 00 00 10   ~~/D0B1      ~~~
3F 5A 75 3F 1C 00 2F 44 30 42 31 20 20 20 41 44   ?Zu?~~/D0B1   AD
56 00 09 4E 3F 5A 75 3F 1C 00 1E 44 30 42 31 20   V~~N?Zu?~~~D0B1 
20 20 50 45 55 00 09 4F 3F 5A 75 3F 1C 00 2B 44     PEU~~O?Zu?~~+D
30 42 31 20 20 20 39 39 39 00 00 10 3F 5A 75 3F   0B1   999~~~?Zu?
1C 00 2A 44 30 42 31 20 20 20 41 44 56 00 00 4E   ~~*D0B1   ADV~~N
3F 5A 75 3F 1C 00 33 44 30 42 31 37 36 20 41 43   ?Zu?~~3D0B176 AC
20 00 09 4E 3F 5A 75 3F 1C 00 31 44 30 42 31 20    ~~N?Zu?~~1D0B1 
20 20 50 45 55 00 00 17 3B 5A 75 3F 1C 00 09 44     PEU~~~;Zu?~~~D
30 42 32 20 20 20 43 4C 41 00 00 46 20 5A 75 3F   0B2   CLA~~F Zu?
1C 00 3A 44 30 45 31 4E 31 20 43 4F 4D 00 00 3E   ~~:D0E1N1 COM~~>
21 5A 75 3F 1D 00 3F 44 30 42 31 20 20 20 20 20   !Zu?~~?D0B1     
20 00 00 10 3F 5A 75 3F 1D 00 13 44 30 42 32 20    ~~~?Zu?~~~D0B2 
20 20 41 44 56 00 00 10 3F 5A 75 3F 1D 00 31 44     ADV~~~?Zu?~~1D
30 42 31 37 30 20 41 44 56 00 00 10 3F 5A 75 3F   0B170 ADV~~~?Zu?
1D 00 1E 44 30 42 31 38 35 20 41 44 56 00 00 10   ~~~D0B185 ADV~~~
3F 5A 75 3F 1D 00 1E 44 30 42 31 37 35 20 41 44   ?Zu?~~~D0B175 AD
56 00 00 10 3F 5A 75 3F 1D 00 36 44 30 42 31 20   V~~~?Zu?~~6D0B1 
20 20 41 44 56 00 00 32 21 5A 75 3F 1D 00 27 44     ADV~~2!Zu?~~'D
30 42 31 36 39 20 46 4C 42 00 00 10 3F 5A 75 3F   0B169 FLB~~~?Zu?
1D 00 10 44 30 42 32 20 20 20 4D 45 44 00 00 10   ~~~D0B2   MED~~~
3F 5A 75 3F 1D 00 35 44 30 42 31 20 20 20 41 44   ?Zu?~~5D0B1   AD
56 00 09 4F 31 5A 75 3F 1D 00 34 44 30 42 31 20   V~~O1Zu?~~4D0B1 
20 20 39 39 39 00 09 50 3F 5A 75 3F 1D 00 43 44     999~~P?Zu?~~CD
30 42 31 20 20 20 30 30 36 00 09 50 3F 5A 75 3F   0B1   006~~P?Zu?
1D 00 29 44 30 42 31 38 38 20 4D 45 44 00 00 3C   ~~)D0B188 MED~~<
3F 5A 75 3F 1D 00 2D 44 30 42 31 20 20 20 30 33   ?Zu?~~-D0B1   03
32 00 09 50 3F 5A 75 3F 1D 00 14 44 30 42 32 20   2~~P?Zu?~~~D0B2 
20 20 30 30 36 00 09 2C 3F 5A 75 3F 1D 00 3F 44     006~~,?Zu?~~?D
30 42 31 20 20 20 4F 48 43 00 00 10 3F 5A 75 3F   0B1   OHC~~~?Zu?
1D 00 30 44 30 42 31 20 20 20 41 44 56 00 00 10   ~~0D0B1   ADV~~~
3F 5A 75 3F 1D 00 31 44 30 42 31 20 20 20 4D 45   ?Zu?~~1D0B1   ME
44 00 00 13 33 5A 75 3F 1D 00 18 44 30 42 32 20   D~~~3Zu?~~~D0B2 
20 20 54 51 43 00 00 40 73 5A 75 3F 1D 00 55 44     TQC~~@sZu?~~UD
30 42 31 39 38 30 48 5A 52 00 00 3C 3F 5A 75 3F   0B1980HZR~~<?Zu?
1E 00 26 44 30 42 31 20 20 20 30 33 32 00 00 46   ~~&D0B1   032~~F
20 5A 75 3F 1E 00 29 44 30 45 31 4E 31 20 43 4F    Zu?~~)D0E1N1 CO
4D 00 00 10 3F 5A 75 3F 1E 00 2D 44 30 42 31 20   M~~~?Zu?~~-D0B1 
20 20 41 44 56 00 09 50 3F 5A 75 3F 1E 00 67 44     ADV~~P?Zu?~~gD
30 42 31 20 20 20 35 35 32 00 00 1C 6B 5A 75 3F   0B1   552~~~kZu?
1E 00 05 44 30 42 31 20 20 20 20 20 20 00 09 4E   ~~~D0B1      ~~N
3F 5A 75 3F 1E 00 3A 44 30 42 31 37 35 20 4D 45   ?Zu?~~:D0B175 ME
44 00 00 3C 3F 5A 75 3F 1E 00 3A 44 30 42 31 20   D~~<?Zu?~~:D0B1 
20 20 30 33 32 00 00 46 20 5A 75 3F 1E 00 21 44     032~~F Zu?~~!D
30 45 31 20 20 20 43 4F 4D 00 00 10 3F 5A 75 3F   0E1   COM~~~?Zu?
1E 00 46 44 30 42 31 20 20 20 41 44 56 00 00 10   ~~FD0B1   ADV~~~
3F 5A 75 3F 1E 00 2E 44 30 42 31 37 35 20 4D 43   ?Zu?~~.D0B175 MC
41 00 09 4E 3F 5A 75 3F 1E 00 23 44 30 42 31 20   A~~N?Zu?~~#D0B1 
20 20 50 45 55 00 09 4F 31 5A 75 3F 1E 00 2F 44     PEU~~O1Zu?~~/D
30 42 31 20 20 20 39 39 39 00 09 4E 3F 5A 75 3F   0B1   999~~N?Zu?
1E 00 32 44 30 42 31 20 20 20 49 52 58 00 00 25   ~~2D0B1   IRX~~%
53 5A 75 3F 1E 00 3F 44 30 42 31 20 20 20 4D 41   SZu?~~?D0B1   MA
53 00 00 4E 3F 5A 75 3F 1E 00 0F 44 30 42 32 20   S~~N?Zu?~~~D0B2 
20 20 43 48 20 00 09 4E 3F 5A 75 3F 1E 00 10 44     CH ~~N?Zu?~~~D
30 42 32 20 20 20 50 45 55 00 09 4F 3F 5A 75 3F   0B2   PEU~~O?Zu?
1E 00 1F 44 30 42 31 36 39 20 39 39 39 00 00 3C   ~~~D0B169 999~~<
3F 5A 75 3F 1E 00 22 44 30 42 31 34 31 20 30 35   ?Zu?~~"D0B141 05
34 00 00 48 73 5A 75 3F 1E 01 11 44 30 42 31 20   4~~HsZu?~~~D0B1 
20 20 30 31 38 00 00 1C 6B 5A 75 3F 1E 00 01 44     018~~~kZu?~~~D
30 42 31 20 20 20 20 20 20 00 09 50 3F 5A 75 3F   0B1      ~~P?Zu?
1F 00 32 44 30 42 31 38 38 20 4D 45 44 00 00 10   ~~2D0B188 MED~~~
3F 5A 75 3F 1F 00 37 44 30 42 31 20 20 20 4D 45   ?Zu?~~7D0B1   ME
44 00 00 4E 3F 5A 75 3F 1F 00 29 44 30 42 31 20   D~~N?Zu?~~)D0B1 
20 20 4E 43 20 00 09 4E 3F 5A 75 3F 1F 00 3C 44     NC ~~N?Zu?~~<D
30 42 31 20 20 20 50 45 55 00 00 2E 5B 5A 75 3F   0B1   PEU~~.[Zu?
1F 00 49 44 30 42 31 20 20 20 48 54 20 00 09 50   ~~ID0B1   HT ~~P
3F 5A 75 3F 1F 00 23 44 30 42 31 35 32 20 4C 4F   ?Zu?~~#D0B152 LO
59 00 09 4E 3F 5A 75 3F 1F 00 41 44 30 42 32 20   Y~~N?Zu?~~AD0B2 
20 20 49 52 58 00 09 4E 3F 5A 75 3F 1F 00 24 44     IRX~~N?Zu?~~$D
30 42 31 20 20 20 49 52 58 00 00 46 20 5A 75 3F   0B1   IRX~~F Zu?
1F 00 76 44 30 45 31 4E 31 20 43 4F 4D 00 00 10   ~~vD0E1N1 COM~~~
3F 5A 75 3F 1F 00 2C 44 30 42 31 20 20 20 4D 45   ?Zu?~~,D0B1   ME
44 00 09 4F 31 5A 75 3F 1F 00 3E 44 30 42 31 20   D~~O1Zu?~~>D0B1 
20 20 39 39 39 00 00 4C 3F 5A 75 3F 1F 00 5F 44     999~~L?Zu?~~_D
30 42 31 38 31 20 30 31 39 00 00 10 3F 5A 75 3F   0B181 019~~~?Zu?
1F 00 13 44 30 42 32 20 20 20 4D 45 44 00 00 1C   ~~~D0B2   MED~~~
6B 5A 75 3F 1F 00 01 44 30 42 32 20 20 20 20 20   kZu?~~~D0B2     
20 00 00 40 73 5A 75 3F 1F 00 65 44 30 42 31 37    ~~@sZu?~~eD0B17
30 20 48 5A 52 00 00 4E 3F 5A 75 3F 1F 00 4A 44   0 HZR~~N?Zu?~~JD
30 42 31 20 20 20 49 53 20 00 00 46 20 5A 75 3F   0B1   IS ~~F Zu?
1F 00 18 44 30 45 31 4E 31 20 43 4F 4D 00 09 50   ~~~D0E1N1 COM~~P
3F 5A 75 3F 1F 00 34 44 30 42 32 20 20 20 30 30   ?Zu?~~4D0B2   00
36 00 09 4E 3F 5A 75 3F 1F 00 27 44 30 42 31 37   6~~N?Zu?~~'D0B17
35 20 50 45 55 00 00 10 3F 5A 75 3F 1F 00 39 44   5 PEU~~~?Zu?~~9D
30 42 31 20 20 20 41 44 56 00 00 46 20 5A 75 3F   0B1   ADV~~F Zu?
1F 00 23 44 30 45 31 4E 31 20 43 4F 4D 00 00 10   ~~#D0E1N1 COM~~~
3F 5A 75 3F 1F 00 2C 44 30 42 31 37 39 20 41 44   ?Zu?~~,D0B179 AD
56 00 09 4F 31 5A 75 3F 1F 00 34 44 30 42 31 20   V~~O1Zu?~~4D0B1 
20 20 39 39 39 00 00 3C 3F 5A 75 3F 1F 00 27 44     999~~<?Zu?~~'D
30 42 31 20 20 20 30 33 32 00 00 1C 6B 5A 75 3F   0B1   032~~~kZu?
1F 00 01 44 30 42 31 20 20 20 20 20 20 00 00 10   ~~~D0B1      ~~~
3F 5A 75 3F 20 00 3D 44 30 42 32 20 20 20 54 45   ?Zu? ~=D0B2   TE
4C 00 00 5D 48 5A 75 3F 20 00 5E 44 30 42 31 20   L~~]HZu? ~^D0B1 
20 20 4B 59 50 00 00 10 3F 5A 75 3F 20 00 2D 44     KYP~~~?Zu? ~-D
30 42 31 38 35 20 41 44 56 00 09 50 3F 5A 75 3F   0B185 ADV~~P?Zu?
20 00 25 44 30 42 31 30 37 20 50 41 41 00 09 50    ~%D0B107 PAA~~P
3F 5A 75 3F 20 00 2B 44 30 42 31 20 20 20 50 41   ?Zu? ~+D0B1   PA
41 00 00 06 11 5A 75 3F 20 00 23 44 30 42 31 37   A~~~~Zu? ~#D0B17
35 20 54 4E 4D 00 00 44 29 5A 75 3F 20 00 33 44   5 TNM~~D)Zu? ~3D
30 42 31 36 39 20 36 37 39 00 09 4F 4F 5A 75 3F   0B169 679~~OOZu?
20 00 2E 44 30 42 31 20 20 20 30 31 39 00 09 50    ~.D0B1   019~~P
3F 5A 75 3F 20 00 71 44 30 42 31 37 39 20 43 42   ?Zu? ~qD0B179 CB
43 00 09 50 3F 5A 75 3F 20 00 67 44 30 42 31 20   C~~P?Zu? ~gD0B1 
20 20 43 41 50 00 09 4E 3F 5A 75 3F 20 00 49 44     CAP~~N?Zu? ~ID
30 42 31 37 35 20 48 50 48 00 00 46 20 5A 75 3F   0B175 HPH~~F Zu?
20 00 47 44 30 45 31 20 20 20 43 4F 4D 00 00 10    ~GD0E1   COM~~~
3F 5A 75 3F 20 00 42 44 30 42 31 37 35 20 4D 45   ?Zu? ~BD0B175 ME
44 00 00 10 3F 5A 75 3F 20 00 21 44 30 42 31 20   D~~~?Zu? ~!D0B1 
20 20 41 44 56 00 09 50 3F 5A 75 3F 20 00 22 44     ADV~~P?Zu? ~"D
30 42 31 38 31 20 4D 45 44 00 00 10 3F 5A 75 3F   0B181 MED~~~?Zu?
20 00 22 44 30 42 31 37 39 20 4D 45 44 00 00 10    ~"D0B179 MED~~~
3F 5A 75 3F 20 00 28 44 30 42 31 20 20 20 41 44   ?Zu? ~(D0B1   AD
56 00 09 4F 3F 5A 75 3F 20 00 33 44 30 42 31 20   V~~O?Zu? ~3D0B1 
20 20 46 45 50 00 00 10 3F 5A 75 3F 20 00 32 44     FEP~~~?Zu? ~2D
30 42 31 37 35 20 41 44 56 00 00 1C 6B 5A 75 3F   0B175 ADV~~~kZu?
21 00 06 44 30 42 32 20 20 20 20 20 20 00 00 10   !~~D0B2      ~~~
3F 5A 75 3F 21 00 36 44 30 42 31 20 20 20 41 44   ?Zu?!~6D0B1   AD
56 00 00 10 3F 5A 75 3F 21 00 3E 44 30 42 31 20   V~~~?Zu?!~>D0B1 
20 20 41 44 56 00 09 29 6C 5A 75 3F 21 00 1C 44     ADV~~)lZu?!~~D
30 42 31 20 20 20 30 36 30 00 00 1C 6B 5A 75 3F   0B1   060~~~kZu?
21 00 06 44 30 42 31 20 20 20 20 20 20 00 00 0F   !~~D0B1      ~~~
12 5A 75 3F 21 00 4F 44 30 42 31 37 35 20 41 34   ~Zu?!~OD0B175 A4
20 00 09 51 59 5A 75 3F 21 00 2A 44 30 42 31 37    ~~QYZu?!~*D0B17
35 20 30 33 31 00 00 08 3F 5A 75 3F 21 00 2D 44   5 031~~~?Zu?!~-D
30 42 31 34 30 20 30 30 30 00 00 4E 3F 5A 75 3F   0B140 000~~N?Zu?
21 00 2B 44 30 42 31 37 36 20 46 43 20 00 09 4E   !~+D0B176 FC ~~N
3F 5A 75 3F 3F 00 3C 44 30 42 31 20 20 20 43 54   ?Zu??~<D0B1   CT
52 00 00 46 20 5A 75 3F 3F 00 3D 44 30 45 31 20   R~~F Zu??~=D0E1 
20 20 43 4F 4D 00 09 50 3F 5A 75 3F 3F 00 38 44     COM~~P?Zu??~8D
30 42 31 20 20 20 30 30 36 00 00 42 72 5A 75 3F   0B1   006~~BrZu?
3F 00 29 44 30 42 31 37 39 20 43 49 4D 00 00 47   ?~)D0B179 CIM~~G
38 5A 75 3F 3F 00 2E 44 30 42 31 20 20 20 50 42   8Zu??~.D0B1   PB
4D 00 09 4E 3F 5A 75 3F 3F 00 15 44 30 42 32 20   M~~N?Zu??~~D0B2 
20 20 50 45 55 00 09 4F 3F 5A 75 3F 3F 00 5B 44     PEU~~O?Zu??~[D
30 42 31 37 36 20 37 38 31 00 09 51 2A 5A 75 3F   0B176 781~~Q*Zu?
3F 00 2E 44 30 42 31 20 20 20 4E 56 54 00 00 10   ?~.D0B1   NVT~~~
3F 5A 75 3F 3F 00 26 44 30 42 31 37 39 20 4D 45   ?Zu??~&D0B179 ME
44 00 00 0F 12 5A 75 3F 3F 00 27 44 30 42 31 20   D~~~~Zu??~'D0B1 
20 20 41 34 20 00 00 10 3F 5A 75 3F 3F 00 60 44     A4 ~~~?Zu??~`D
30 42 31 37 35 20 41 44 56 00 00 10 3F 5A 75 3F   0B175 ADV~~~?Zu?
3F 00 36 44 30 42 31 37 36 20 4D 45 44 00 09 4E   ?~6D0B176 MED~~N
3F 5A 75 3F 3F 00 39 44 30 42 31 20 20 20 48 50   ?Zu??~9D0B1   HP
48 00 00 1C 6B 5A 75 3F 3F 00 0A 44 30 42 32 20   H~~~kZu??~~D0B2 
20 20 20 20 20 00 00 10 3F 5A 75 3F 3F 00 41 44        ~~~?Zu??~AD
30 42 31 37 35 20 4D 43 41 00 09 4F 3F 5A 75 3F   0B175 MCA~~O?Zu?
3F 00 29 44 30 42 31 20 20 20 39 39 39 00 00 10   ?~)D0B1   999~~~
3F 5A 75 3F 3F 00 2C 44 30 42 31 20 20 20 41 44   ?Zu??~,D0B1   AD
56 00 09 50 3F 5A 75 3F 3F 00 3F 44 30 42 31 20   V~~P?Zu??~?D0B1 
20 20 35 35 32 00 00 10 3F 5A 75 3F 3F 00 3F 44     552~~~?Zu??~?D
30 42 31 20 20 20 54 45 4C 00 00 4E 3F 5A 75 3F   0B1   TEL~~N?Zu?
3F 00 3A 44 30 42 31 20 20 20 46 4D 20 00 09 51   ?~:D0B1   FM ~~Q
2E 5A 75 3F 3F 00 37 44 30 42 31 20 20 20 48 4D   .Zu??~7D0B1   HM
43 00 09 4E 3F 5A 75 3F 3F 00 2F 44 30 42 31 37   C~~N?Zu??~/D0B17
58 20 50 45 55 00 09 4F 31 5A 75 3F 3F 00 27 44   X PEU~~O1Zu??~'D
30 42 31 20 20 20 39 39 39 00 00 1C 6B 5A 75 3F   0B1   999~~~kZu?
3F 00 05 44 30 42 31 20 20 20 20 20 20 00 00 17   ?~~D0B1      ~~~
7C 5A 75 3F 3F 01 3F 44 30 42 31 37 30 20 20 20   |Zu??~?D0B170   
20 00 09 50 3F 5A 75 3F 3F 00 27 44 30 42 32 20    ~~P?Zu??~'D0B2 
20 20 41 44 56 00 09 4F 31 5A 75 3F 3F 00 1C 44     ADV~~O1Zu??~~D
30 42 31 30 34 20 39 39 39 00 00 10 3F 5A 75 3F   0B104 999~~~?Zu?
3F 00 2B 44 30 42 31 20 20 20 4D 45 44 00 00 10   ?~+D0B1   MED~~~
3F 5A 75 3F 3F 00 19 44 30 42 32 20 20 20 4D 45   ?Zu??~~D0B2   ME
44 00 00 0F 12 5A 75 3F 3F 00 23 44 30 42 31 20   D~~~~Zu??~#D0B1 
20 20 4D 41 20 00 09 51 2A 5A 75 3F 3F 00 2E 44     MA ~~Q*Zu??~.D
30 42 31 20 20 20 4E 56 54 00 00 46 20 5A 75 3F   0B1   NVT~~F Zu?
3F 00 2B 44 30 45 31 20 20 20 43 4F 4D 00 09 4E   ?~+D0E1   COM~~N
3F 5A 75 3F 3F 00 37 44 30 42 31 20 20 20 50 45   ?Zu??~7D0B1   PE
55 00 00 0F 12 5A 75 3F 3F 00 40 44 30 42 31 20   U~~~~Zu??~@D0B1 
20 20 41 34 20 00 00 10 3F 5A 75 3F 3F 00 2E 44     A4 ~~~?Zu??~.D
30 42 31 20 20 20 44 43 41 00 09 4E 3F 5A 75 3F   0B1   DCA~~N?Zu?
3F 00 2D 44 30 42 31 20 20 20 49 52 58 00 09 50   ?~-D0B1   IRX~~P
5E 5A 75 3F 3F 00 50 44 30 42 32 20 20 20 43 56   ^Zu??~PD0B2   CV
31 00 00 10 3F 5A 75 3F 3F 00 12 44 30 42 32 20   1~~~?Zu??~~D0B2 
20 20 4D 45 44 00 09 4E 3F 5A 75 3F 3F 02 19 44     MED~~N?Zu??~~D
30 42 31 37 30 20 20 20 20 00 09 4F 3F 5A 75 3F   0B170    ~~O?Zu?
3F 00 2A 44 30 42 31 30 39 20 46 45 50 00 00 5D   ?~*D0B109 FEP~~]
48 5A 75 3F 3F 00 4E 44 30 42 31 20 20 20 4B 59   HZu??~ND0B1   KY
50 00 00 10 3F 5A 75 3F 3F 00 26 44 30 42 31 37   P~~~?Zu??~&D0B17
33 20 41 44 56 00 00 10 3F 5A 75 3F 3F 00 33 44   3 ADV~~~?Zu??~3D
30 42 31 20 20 20 4D 45 44 00 00 10 3F 5A 75 3F   0B1   MED~~~?Zu?
3F 00 3F 44 30 42 31 20 20 20 41 44 56 00 00 10   ?~?D0B1   ADV~~~
3F 5A 75 3F 3F 00 2A 44 30 42 31 20 20 20 4D 45   ?Zu??~*D0B1   ME
44 00 00 10 3F 5A 75 3F 3F 00 31 44 30 42 31 20   D~~~?Zu??~1D0B1 
20 20 4D 45 44 00 09 4E 3F 5A 75 3F 3F 00 43 44     MED~~N?Zu??~CD
30 42 31 20 20 20 43 52 4B 00 00 46 20 5A 75 3F   0B1   CRK~~F Zu?
3F 00 3C 44 30 45 31 20 20 20 43 4F 4D 00 09 50   ?~<D0E1   COM~~P
3F 5A 75 3F 3F 00 24 44 30 42 32 20 20 20 42 43   ?Zu??~$D0B2   BC
52 00 09 50 5E 5A 75 3F 3F 00 3F 44 30 42 31 20   R~~P^Zu??~?D0B1 
20 20 43 56 31 00 00 32 21 5A 75 3F 3F 00 25 44     CV1~~2!Zu??~%D
30 42 32 20 20 20 46 4C 42 00 00 10 3F 5A 75 3F   0B2   FLB~~~?Zu?
3F 00 26 44 30 42 31 37 30 20 41 44 56 00 00 4E   ?~&D0B170 ADV~~N
3F 5A 75 3F 3F 00 28 44 30 42 31 37 30 20 43 48   ?Zu??~(D0B170 CH
20 00 00 4C 3F 5A 75 3F 3F 00 5F 44 30 42 31 20    ~~L?Zu??~_D0B1 
20 20 50 52 58 00 00 25 53 5A 75 3F 3F 00 3F 44     PRX~~%SZu??~?D
30 42 31 37 30 20 4D 41 53 00 00 10 3F 5A 75 3F   0B170 MAS~~~?Zu?
3F 00 11 44 30 42 32 20 20 20 41 44 56 00 00 10   ?~~D0B2   ADV~~~
3F 5A 75 3F 3F 00 12 44 30 42 32 20 20 20 41 44   ?Zu??~~D0B2   AD
56 00 09 4F 31 5A 75 3F 3F 00 3B 44 30 42 31 20   V~~O1Zu??~;D0B1 
20 20 39 39 39 00 00 46 20 5A 75 3F 3F 00 1C 44     999~~F Zu??~~D
30 45 31 4E 31 20 43 4F 4D 00 00 54 3F 5A 75 3F   0E1N1 COM~~T?Zu?
3F 00 2F 44 30 42 31 20 20 20 20 20 20 00 00 10   ?~/D0B1      ~~~
3F 5A 75 3F 3F 00 16 44 30 42 32 20 20 20 4D 45   ?Zu??~~D0B2   ME
44 00 00 1C 6B 5A 75 3F 3F 00 01 44 30 42 31 20   D~~~kZu??~~D0B1 
20 20 20 20 20 00 00 40 73 5A 75 3F 3F 00 44 44        ~~@sZu??~DD
30 42 31 37 30 20 48 5A 52 00 00 22 3F 5A 75 3F   0B170 HZR~~"?Zu?
3F 00 3F 44 30 42 31 20 20 20 54 43 4E 00 00 42   ?~?D0B1   TCN~~B
72 5A 75 3F 3F 00 32 44 30 42 31 20 20 20 43 49   rZu??~2D0B1   CI
4D 00 00 3C 3F 5A 75 3F 3F 00 2B 44 30 42 31 35   M~~<?Zu??~+D0B15
36 39 30 33 32 00 00 0F 12 5A 75 3F 3F 00 51 44   69032~~~~Zu??~QD
30 42 31 36 35 20 41 34 20 00 09 4F 31 5A 75 3F   0B165 A4 ~~O1Zu?
3F 00 15 44 30 42 32 20 20 20 39 39 39 00 09 50   ?~~D0B2   999~~P
4A 5A 75 3F 3F 00 3F 44 30 42 31 20 20 20 53 43   JZu??~?D0B1   SC
31 00 00 10 3F 5A 75 3F 3F 00 42 44 30 42 31 37   1~~~?Zu??~BD0B17
35 20 4D 43 41 00 00 2E 73 5A 75 3F 3F 00 1E 44   5 MCA~~.sZu??~~D
30 42 31 20 20 20 41 20 20 00 00 52 58 5A 75 3F   0B1   A  ~~RXZu?
3F 00 22 44 30 42 32 20 20 20 53 41 56 00 00 4C   ?~"D0B2   SAV~~L
3F 5A 75 3F 3F 00 2D 44 30 42 32 20 20 20 50 52   ?Zu??~-D0B2   PR
58 00 00 4E 3F 5A 75 3F 3F 00 12 44 30 42 32 20   X~~N?Zu??~~D0B2 
20 20 49 52 58 00 09 50 3F 5A 75 3F 3F 00 37 44     IRX~~P?Zu??~7D
30 42 31 20 20 20 34 39 30 00 09 4E 3F 5A 75 3F   0B1   490~~N?Zu?
3F 00 21 44 30 42 32 20 20 20 50 45 55 00 00 1C   ?~!D0B2   PEU~~~
6B 5A 75 3F 3F 00 06 44 30 42 31 20 20 20 20 20   kZu??~~D0B1     
20 00 00 44 29 5A 75 3F 3F 00 1A 44 30 42 32 20    ~~D)Zu??~~D0B2 
20 20 36 37 39 00 00 2D 20 5A 75 3F 3F 00 43 44     679~~- Zu??~CD
30 42 31 20 20 20 42 43 54 00 09 4F 31 5A 75 3F   0B1   BCT~~O1Zu?
3F 00 33 44 30 42 31 20 20 20 39 39 39 00 09 50   ?~3D0B1   999~~P
3F 5A 75 3F 3F 00 48 44 30 42 31 20 20 20 20 20   ?Zu??~HD0B1     
20 00 00 54 3F 5A 75 3F 3F 00 22 44 30 42 31 38    ~~T?Zu??~"D0B18
35 20 20 20 20 00 00 10 3F 5A 75 3F 3F 00 46 44   5    ~~~?Zu??~FD
30 42 31 20 20 20 4D 45 44 00 09 51 21 5A 75 3F   0B1   MED~~Q!Zu?
3F 00 27 44 30 42 31 20 20 20 4D 48 50 00 09 4E   ?~'D0B1   MHP~~N
3F 5A 75 3F 3F 00 2E 44 30 42 31 37 30 20 50 45   ?Zu??~.D0B170 PE
55 00 00 10 3F 5A 75 3F 3F 00 37 44 30 42 31 37   U~~~?Zu??~7D0B17
30 20 41 44 56 00 09 50 3F 5A 75 3F 3F 00 3C 44   0 ADV~~P?Zu??~<D
30 42 31 20 20 20 34 38 30 00 09 50 3F 5A 75 3F   0B1   480~~P?Zu?
3F 00 25 44 30 42 31 37 39 20 4D 45 44 00 00 10   ?~%D0B179 MED~~~
3F 5A 75 3F 3F 00 2B 44 30 42 31 20 20 20 4D 45   ?Zu??~+D0B1   ME
44 00 09 50 3F 5A 75 3F 3F 00 38 44 30 42 31 38   D~~P?Zu??~8D0B18
38 20 4D 45 44 00 00 10 3F 5A 75 3F 3F 00 49 44   8 MED~~~?Zu??~ID
30 42 31 20 20 20 41 44 56 00 00 10 3F 5A 75 3F   0B1   ADV~~~?Zu?
3F 00 2D 44 30 42 31 20 20 20 41 44 56 00 09 50   ?~-D0B1   ADV~~P
5E 5A 75 3F 3F 00 5F 44 30 42 32 20 20 20 43 56   ^Zu??~_D0B2   CV
31 00 00 1C 6B 5A 75 3F 3F 00 01 44 30 42 32 20   1~~~kZu??~~D0B2 
20 20 20 20 20 00 09 4E 3F 5A 75 3F 3F 00 2B 44        ~~N?Zu??~+D
30 42 31 20 20 20 4D 45 44 00 09 4F 3F 5A 75 3F   0B1   MED~~O?Zu?
3F 00 34 44 30 42 31 20 20 20 39 39 39 00 09 50   ?~4D0B1   999~~P
3F 5A 75 3F 3F 00 74 44 30 42 31 20 20 20 20 20   ?Zu??~tD0B1     
20 00 00 4E 3F 5A 75 3F 3F 00 31 44 30 42 31 20    ~~N?Zu??~1D0B1 
20 20 49 52 58 00 09 51 59 5A 75 3F 3F 00 1A 44     IRX~~QYZu??~~D
30 42 32 20 20 20 30 33 31 00 00 10 3F 5A 75 3F   0B2   031~~~?Zu?
3F 00 5B 44 30 42 31 37 35 20 41 44 56 00 09 50   ?~[D0B175 ADV~~P
3F 5A 75 3F 3F 00 3F 44 30 42 31 20 20 20 35 35   ?Zu??~?D0B1   55
32 00 00 44 29 5A 75 3F 3F 00 66 44 30 42 31 37   2~~D)Zu??~fD0B17
36 20 43 42 47 00 00 10 3F 5A 75 3F 3F 00 0D 44   6 CBG~~~?Zu??~~D
30 42 32 20 20 20 41 44 56 00 00 10 3F 5A 75 3F   0B2   ADV~~~?Zu?
3F 00 31 44 30 42 31 20 20 20 41 44 56 00 09 4E   ?~1D0B1   ADV~~N
3F 5A 75 3F 3F 00 31 44 30 42 31 20 20 20 20 20   ?Zu??~1D0B1     
20 00 09 4E 3F 5A 75 3F 3F 00 77 44 30 42 31 37    ~~N?Zu??~wD0B17
35 20 49 52 58 00 09 4E 3F 5A 75 3F 3F 00 26 44   5 IRX~~N?Zu??~&D
30 42 31 20 20 20 50 45 55 00 00 10 3F 5A 75 3F   0B1   PEU~~~?Zu?
3F 00 09 44 30 42 32 20 20 20 4D 45 44 00 09 50   ?~~D0B2   MED~~P
3F 5A 75 3F 3F 00 18 44 30 42 32 20 20 20 34 39   ?Zu??~~D0B2   49
34 00 00 10 3F 5A 75 3F 3F 00 25 44 30 42 31 20   4~~~?Zu??~%D0B1 
20 20 41 44 56 00 00 4E 3F 5A 75 3F 3F 00 23 44     ADV~~N?Zu??~#D
30 42 31 20 20 20 57 47 20 00 09 4E 3F 5A 75 3F   0B1   WG ~~N?Zu?
3F 00 3B 44 30 42 31 37 35 20 50 45 55 00 00 10   ?~;D0B175 PEU~~~
3F 5A 75 3F 3F 00 15 44 30 42 32 20 20 20 41 44   ?Zu??~~D0B2   AD
56 00 09 4F 24 5A 75 3F 3F 00 69 44 30 42 31 31   V~~O$Zu??~iD0B11
39 20 44 52 4D 00 00 10 3F 5A 75 3F 3F 00 3C 44   9 DRM~~~?Zu??~<D
30 42 31 37 35 20 4D 45 44 00 09 4E 3F 5A 75 3F   0B175 MED~~N?Zu?
3F 00 1D 44 30 42 32 20 20 20 50 45 55 00 00 33   ?~~D0B2   PEU~~3
21 5A 75 3F 3F 00 30 44 30 42 31 37 35 20 4D 43   !Zu??~0D0B175 MC
41 00 00 4E 3F 5A 75 3F 3F 00 3F 44 30 42 31 37   A~~N?Zu??~?D0B17
36 20 49 53 20 00 00 10 3F 5A 75 3F 3F 00 26 44   6 IS ~~~?Zu??~&D
30 42 31 20 20 20 4D 43 41 00 00 10 3F 5A 75 3F   0B1   MCA~~~?Zu?
3F 00 09 44 30 42 32 20 20 20 4D 45 44 00 00 1C   ?~~D0B2   MED~~~
6B 5A 75 3F 3F 00 01 44 30 42 31 20 20 20 20 20   kZu??~~D0B1     
20 00 00 10 3F 5A 75 3F 3F 00 31 44 30 42 31 20    ~~~?Zu??~1D0B1 
20 20 41 44 56 00 00 46 20 5A 75 3F 3F 00 66 44     ADV~~F Zu??~fD
30 45 31 20 20 20 43 4F 4D 00 00 17 3B 5A 75 3F   0E1   COM~~~;Zu?
3F 00 12 44 30 42 32 20 20 20 43 4C 41 00 00 10   ?~~D0B2   CLA~~~
3F 5A 75 3F 3F 00 35 44 30 42 31 20 20 20 41 44   ?Zu??~5D0B1   AD
56 00 09 4E 3F 5A 75 3F 3F 00 25 44 30 42 31 37   V~~N?Zu??~%D0B17
39 20 50 45 55 00 00 46 20 5A 75 3F 3F 00 57 44   9 PEU~~F Zu??~WD
30 45 31 20 20 20 43 4F 4D 00 00 10 3F 5A 75 3F   0E1   COM~~~?Zu?
3F 00 37 44 30 42 31 20 20 20 41 44 56 00 09 4E   ?~7D0B1   ADV~~N
3F 5A 75 3F 3F 00 3F 44 30 42 31 20 20 20 49 52   ?Zu??~?D0B1   IR
58 00 00 10 3F 5A 75 3F 3F 00 35 44 30 42 31 20   X~~~?Zu??~5D0B1 
20 20 41 44 56 00 09 4F 3F 5A 75 3F 3F 00 0D 44     ADV~~O?Zu??~~D
30 42 32 20 20 20 39 39 39 00 00 10 3F 5A 75 3F   0B2   999~~~?Zu?
3F 00 3B 44 30 42 31 20 20 20 41 44 56 00 09 50   ?~;D0B1   ADV~~P
3F 5A 75 3F 3F 00 3C 44 30 42 31 20 20 20 30 30   ?Zu??~<D0B1   00
36 00 09 4E 3F 5A 75 3F 3F 00 28 44 30 42 31 20   6~~N?Zu??~(D0B1 
20 20 50 45 55 00 09 4F 31 5A 75 3F 3F 00 5C 44     PEU~~O1Zu??~\D
30 42 31 37 30 20 39 39 39 00 00 10 32 5A 75 3F   0B170 999~~~2Zu?
3F 00 3F 44 30 42 31 20 20 20 20 20 20 00 00 0E   ?~?D0B1      ~~~
01 5A 75 3F 3F 00 5F 44 30 42 31 20 20 20 41 53   ~Zu??~_D0B1   AS
50 00 00 46 20 5A 75 3F 3F 00 3C 44 30 45 31 20   P~~F Zu??~<D0E1 
20 20 43 4F 4D 00 00 17 7C 5A 75 3F 3F 00 39 44     COM~~~|Zu??~9D
30 42 31 37 38 20 20 20 20 00 09 51 1F 5A 75 3F   0B178    ~~Q~Zu?
3F 00 20 44 30 42 31 37 30 20 41 44 56 00 00 10   ?~ D0B170 ADV~~~
3F 5A 75 3F 3F 00 13 44 30 42 32 20 20 20 4D 45   ?Zu??~~D0B2   ME
44 00 00 4C 3F 5A 75 3F 3F 00 19 44 30 42 32 20   D~~L?Zu??~~D0B2 
20 20 50 52 58 00 00 20 3F 5A 75 3F 3F 00 0D 44     PRX~~ ?Zu??~~D
30 42 31 20 20 20 41 4E 54 00 09 50 3F 5A 75 3F   0B1   ANT~~P?Zu?
3F 00 32 44 30 42 31 20 20 20 4D 45 44 00 00 10   ?~2D0B1   MED~~~
3F 5A 75 3F 3F 00 32 44 30 42 31 20 20 20 4D 43   ?Zu??~2D0B1   MC
41 00 00 10 3F 5A 75 3F 3F 00 1C 44 30 42 31 37   A~~~?Zu??~~D0B17
35 20 41 44 56 00 09 4F 74 5A 75 3F 3F 00 53 44   5 ADV~~OtZu??~SD
30 42 31 20 20 20 44 52 57 00 00 1C 6B 5A 75 3F   0B1   DRW~~~kZu?
3F 00 06 44 30 42 31 20 20 20 20 20 20 00 00 17   ?~~D0B1      ~~~
3F 5A 75 3F 3F 01 3F 44 30 42 31 20 20 20 4D 53   ?Zu??~?D0B1   MS
43 00 09 51 2A 5A 75 3F 3F 00 26 44 30 42 32 20   C~~Q*Zu??~&D0B2 
20 20 4E 56 54 00 00 46 20 5A 75 3F 3F 00 31 44     NVT~~F Zu??~1D
30 45 31 20 20 20 43 4F 4D 00 00 10 3F 5A 75 3F   0E1   COM~~~?Zu?
3F 00 2D 44 30 42 31 20 20 20 41 44 56 00 09 50   ?~-D0B1   ADV~~P
3F 5A 75 3F 3F 00 3A 44 30 42 31 20 20 20 4D 45   ?Zu??~:D0B1   ME
44 00 09 4F 31 5A 75 3F 3F 00 34 44 30 42 31 20   D~~O1Zu??~4D0B1 
20 20 39 39 39 00 09 4F 24 5A 75 3F 3F 00 76 44     999~~O$Zu??~vD
30 42 31 37 35 20 43 4C 41 00 00 13 33 5A 75 3F   0B175 CLA~~~3Zu?
3F 00 36 44 30 42 31 20 20 20 54 51 43 00 00 10   ?~6D0B1   TQC~~~
3F 5A 75 3F 3F 00 1D 44 30 42 31 37 36 20 41 44   ?Zu??~~D0B176 AD
56 00 00 20 3F 5A 75 3F 3F 00 15 44 30 42 31 20   V~~ ?Zu??~~D0B1 
20 20 41 52 4F 00 00 46 20 5A 75 3F 3F 00 21 44     ARO~~F Zu??~!D
30 45 31 20 20 20 43 4F 4D 00 00 33 21 5A 75 3F   0E1   COM~~3!Zu?
3F 00 27 44 30 42 31 37 35 20 43 4F 4D 00 09 4E   ?~'D0B175 COM~~N
3F 5A 75 3F 3F 00 44 44 30 42 32 20 20 20 50 45   ?Zu??~DD0B2   PE
55 00 00 10 3F 5A 75 3F 3F 00 2F 44 30 42 31 20   U~~~?Zu??~/D0B1 
20 20 41 44 56 00 09 4F 31 5A 75 3F 3F 00 35 44     ADV~~O1Zu??~5D
30 42 31 20 20 20 39 39 39 00 09 4E 3F 5A 75 3F   0B1   999~~N?Zu?
3F 00 31 44 30 42 31 20 20 20 49 52 58 00 00 0F   ?~1D0B1   IRX~~~
12 5A 75 3F 3F 00 4B 44 30 42 31 20 20 20 4D 41   ~Zu??~KD0B1   MA
20 00 00 37 63 5A 75 3F 3F 00 3F 44 30 42 31 20    ~~7cZu??~?D0B1 
20 20 39 37 34 00 00 10 3F 5A 75 3F 3F 00 16 44     974~~~?Zu??~~D
30 42 32 20 20 20 4D 45 44 00 09 51 2E 5A 75 3F   0B2   MED~~Q.Zu?
3F 00 53 44 30 42 31 20 20 20 48 4D 43 00 00 0E   ?~SD0B1   HMC~~~
01 5A 75 3F 3F 00 14 44 30 42 32 20 20 20 34 37   ~Zu??~~D0B2   47
37 00 00 42 72 5A 75 3F 3F 00 3F 44 30 42 31 20   7~~BrZu??~?D0B1 
20 20 43 49 4D 00 00 0F 12 5A 75 3F 3F 00 3F 44     CIM~~~~Zu??~?D
30 42 31 20 20 20 41 34 20 00 09 51 1F 5A 75 3F   0B1   A4 ~~Q~Zu?
3F 00 31 44 30 42 31 37 35 20 41 44 56 00 00 12   ?~1D0B175 ADV~~~
3F 5A 75 3F 3F 00 0B 44 30 42 31 38 35 20 59 4B   ?Zu??~~D0B185 YK
41 00 09 50 3F 5A 75 3F 3F 00 3F 44 30 42 31 38   A~~P?Zu??~?D0B18
33 20 35 35 32 00 00 46 20 5A 75 3F 3F 00 3E 44   3 552~~F Zu??~>D
30 45 31 20 20 20 43 4F 4D 00 00 46 20 5A 75 3F   0E1   COM~~F Zu?
3F 00 4B 44 30 45 31 20 20 20 43 4F 4D 00 00 46   ?~KD0E1   COM~~F
20 5A 75 3F 3F 00 37 44 30 45 31 20 20 20 43 4F    Zu??~7D0E1   CO
4D 00 09 4E 3F 5A 75 3F 3F 00 23 44 30 42 31 37   M~~N?Zu??~#D0B17
39 20 50 45 55 00 00 0F 12 5A 75 3F 3F 00 3F 44   9 PEU~~~~Zu??~?D
30 42 31 20 20 20 4D 41 20 00 09 50 3F 5A 75 3F   0B1   MA ~~P?Zu?
3F 00 12 44 30 42 32 20 20 20 4D 45 44 00 09 4E   ?~~D0B2   MED~~N
3F 5A 75 3F 3F 00 30 44 30 42 31 20 20 20 50 45   ?Zu??~0D0B1   PE
55 00 09 4F 31 5A 75 3F 3F 00 44 44 30 42 31 20   U~~O1Zu??~DD0B1 
20 20 39 39 39 00 09 4F 31 5A 75 3F 3F 00 2F 44     999~~O1Zu??~/D
30 42 31 20 20 20 39 39 39 00 09 50 3F 5A 75 3F   0B1   999~~P?Zu?
00 00 12 44 30 42 32 20 20 20 4D 45 44 00 09 4E   ~~~D0B2   MED~~N
3F 5A 75 3F 00 00 28 44 30 42 31 20 20 20 50 45   ?Zu?~~(D0B1   PE
55 00 00 52 58 5A 75 3F 00 00 66 44 30 42 31 20   U~~RXZu?~~fD0B1 
20 20 53 41 56 00 00 10 3F 5A 75 3F 00 00 51 44     SAV~~~?Zu?~~QD
30 42 31 20 20 20 41 44 56 00 00 42 72 5A 75 3F   0B1   ADV~~BrZu?
00 00 3D 44 30 42 31 20 20 20 30 35 31 00 09 4F   ~~=D0B1   051~~O
31 5A 75 3F 00 00 44 44 30 42 31 20 20 20 39 39   1Zu?~~DD0B1   99
39 00 00 52 3F 5A 75 3F 00 00 3F 44 30 42 31 20   9~~R?Zu?~~?D0B1 
20 20 44 49 53 00 00 10 3F 5A 75 3F 01 00 30 44     DIS~~~?Zu?~~0D
30 42 31 38 38 20 4D 45 44 00 00 10 3F 5A 75 3F   0B188 MED~~~?Zu?
01 00 2B 44 30 42 31 20 20 20 4D 43 41 00 00 46   ~~+D0B1   MCA~~F
20 5A 75 3F 01 00 49 44 30 45 31 20 20 20 43 4F    Zu?~~ID0E1   CO
4D 00 00 10 3F 5A 75 3F 01 00 3B 44 30 42 31 20   M~~~?Zu?~~;D0B1 
20 20 41 44 56 00 00 10 3F 5A 75 3F 01 00 2F 44     ADV~~~?Zu?~~/D
30 42 31 38 38 20 4D 45 44 00 09 4E 3F 5A 75 3F   0B188 MED~~N?Zu?
01 00 28 44 30 42 31 20 20 20 50 45 55 00 09 4F   ~~(D0B1   PEU~~O
31 5A 75 3F 01 00 3D 44 30 42 31 20 20 20 39 39   1Zu?~~=D0B1   99
39 00 00 25 53 5A 75 3F 01 00 3F 44 30 42 31 20   9~~%SZu?~~?D0B1 
20 20 4D 41 53 00 09 50 3F 5A 75 3F 01 00 2D 44     MAS~~P?Zu?~~-D
30 42 31 37 39 20 4D 45 44 00 00 0F 12 5A 75 3F   0B179 MED~~~~Zu?
01 00 33 44 30 42 31 38 38 20 4D 41 20 00 00 4C   ~~3D0B188 MA ~~L
3F 5A 75 3F 01 00 4E 44 30 42 31 20 20 20 50 52   ?Zu?~~ND0B1   PR
58 00 09 4F 3F 5A 75 3F 01 00 3A 44 30 42 31 20   X~~O?Zu?~~:D0B1 
20 20 39 39 39 00 09 4E 3F 5A 75 3F 01 00 3C 44     999~~N?Zu?~~<D
30 42 31 20 20 20 50 45 55 00 00 10 3F 5A 75 3F   0B1   PEU~~~?Zu?
01 00 26 44 30 42 31 37 39 20 41 44 56 00 00 10   ~~&D0B179 ADV~~~
3F 5A 75 3F 01 00 26 44 30 42 31 20 20 20 4D 45   ?Zu?~~&D0B1   ME
44 00 09 4F 3F 5A 75 3F 01 00 2E 44 30 42 31 20   D~~O?Zu?~~.D0B1 
20 20 46 45 50 00 00 10 3F 5A 75 3F 01 00 0A 44     FEP~~~?Zu?~~~D
30 42 32 20 20 20 41 44 56 00 00 10 3F 5A 75 3F   0B2   ADV~~~?Zu?
02 00 36 44 30 42 31 37 30 20 4D 45 44 00 00 0E   ~~6D0B170 MED~~~
01 5A 75 3F 02 00 15 44 30 42 32 20 20 20 41 53   ~Zu?~~~D0B2   AS
50 00 09 4F 3F 5A 75 3F 02 00 3F 44 30 42 31 20   P~~O?Zu?~~?D0B1 
20 20 39 39 39 00 00 3C 3F 5A 75 3F 02 00 1D 44     999~~<?Zu?~~~D
30 42 32 20 20 20 30 35 34 00 09 50 3F 5A 75 3F   0B2   054~~P?Zu?
02 00 45 44 30 42 31 20 20 20 30 30 36 00 09 52   ~~ED0B1   006~~R
24 5A 75 3F 02 00 3F 44 30 42 31 20 20 20 43 48   $Zu?~~?D0B1   CH
4D 00 09 4E 3F 5A 75 3F 02 00 2F 44 30 42 31 20   M~~N?Zu?~~/D0B1 
20 20 50 45 55 00 00 10 3F 5A 75 3F 02 00 25 44     PEU~~~?Zu?~~%D
30 42 31 20 20 20 4D 43 41 00 09 4E 3F 5A 75 3F   0B1   MCA~~N?Zu?
02 00 22 44 30 42 31 20 20 20 50 45 55 00 09 4E   ~~"D0B1   PEU~~N
3F 5A 75 3F 02 00 2C 44 30 42 31 37 30 20 49 52   ?Zu?~~,D0B170 IR
58 00 09 51 2A 5A 75 3F 02 00 30 44 30 42 31 20   X~~Q*Zu?~~0D0B1 
20 20 4E 56 54 00 09 50 3F 5A 75 3F 02 00 44 44     NVT~~P?Zu?~~DD
30 42 31 37 30 20 34 32 30 00 00 10 3F 5A 75 3F   0B170 420~~~?Zu?
02 00 2F 44 30 42 31 34 34 20 41 44 56 00 00 10   ~~/D0B144 ADV~~~
3F 5A 75 3F 02 00 32 44 30 42 31 20 20 20 41 44   ?Zu?~~2D0B1   AD
56 00 09 4E 3F 5A 75 3F 03 00 2E 44 30 42 31 37   V~~N?Zu?~~.D0B17
39 20 4D 45 44 00 00 10 3F 5A 75 3F 03 00 25 44   9 MED~~~?Zu?~~%D
30 42 31 37 36 20 4D 43 41 00 09 50 0B 5A 75 3F   0B176 MCA~~P~Zu?
03 00 5F 44 30 42 31 20 20 20 52 58 41 00 09 50   ~~_D0B1   RXA~~P
0B 5A 75 3F 03 00 51 44 30 42 31 20 20 20 52 58   ~Zu?~~QD0B1   RX
41 00 00 46 20 5A 75 3F 03 00 23 44 30 45 31 20   A~~F Zu?~~#D0E1 
20 20 43 4F 4D 00 00 10 3F 5A 75 3F 03 00 23 44     COM~~~?Zu?~~#D
30 42 31 20 20 20 41 44 56 00 00 4E 3F 5A 75 3F   0B1   ADV~~N?Zu?
03 00 11 44 30 42 32 20 20 20 49 53 20 00 00 4E   ~~~D0B2   IS ~~N
3F 5A 75 3F 03 00 38 44 30 42 31 20 20 20 57 47   ?Zu?~~8D0B1   WG
20 00 00 10 3F 5A 75 3F 03 00 22 44 30 42 31 20    ~~~?Zu?~~"D0B1 
20 20 4D 45 44 00 00 10 3F 5A 75 3F 03 00 16 44     MED~~~?Zu?~~~D
30 42 32 20 20 20 4D 45 44 00 00 0F 12 5A 75 3F   0B2   MED~~~~Zu?
03 00 1B 44 30 42 32 20 20 20 41 34 20 00 00 46   ~~~D0B2   A4 ~~F
20 5A 75 3F 03 00 05 44 30 45 31 20 20 20 43 4F    Zu?~~~D0E1   CO
4D 00 00 06 11 5A 75 3F 03 00 1F 44 30 42 31 20   M~~~~Zu?~~~D0B1 
20 20 54 4E 4D 00 09 50 3F 5A 75 3F 03 00 0B 44     TNM~~P?Zu?~~~D
30 42 32 20 20 20 4D 45 44 00 09 4F 31 5A 75 3F   0B2   MED~~O1Zu?
03 00 38 44 30 42 31 20 20 20 39 39 39 00 09 50   ~~8D0B1   999~~P
3F 5A 75 3F 03 00 3A 44 30 42 31 20 20 20 30 30   ?Zu?~~:D0B1   00
36 00 00 10 3F 5A 75 3F 04 00 2C 44 30 42 31 38   6~~~?Zu?~~,D0B18
38 20 41 44 56 00 09 4F 31 5A 75 3F 04 00 38 44   8 ADV~~O1Zu?~~8D
30 42 31 20 20 20 39 39 39 00 00 10 3F 5A 75 3F   0B1   999~~~?Zu?
04 00 2C 44 30 42 31 20 20 20 41 44 56 00 09 4F   ~~,D0B1   ADV~~O
31 5A 75 3F 04 00 0A 44 30 42 32 20 20 20 39 39   1Zu?~~~D0B2   99
39 00 00 10 3F 5A 75 3F 04 00 47 44 30 42 31 20   9~~~?Zu?~~GD0B1 
20 20 41 44 56 00 00 4C 3F 5A 75 3F 04 00 68 44     ADV~~L?Zu?~~hD
30 42 31 37 35 20 30 31 39 00 09 4E 3F 5A 75 3F   0B175 019~~N?Zu?
04 00 29 44 30 42 31 37 58 20 50 45 55 00 09 4F   ~~)D0B17X PEU~~O
3F 5A 75 3F 04 00 14 44 30 42 32 20 20 20 39 39   ?Zu?~~~D0B2   99
39 00 00 4C 3F 5A 75 3F 04 00 1B 44 30 42 32 20   9~~L?Zu?~~~D0B2 
20 20 30 36 32 00 00 42 72 5A 75 3F 04 00 11 44     062~~BrZu?~~~D
30 42 32 20 20 20 43 49 4D 00 00 10 32 5A 75 3F   0B2   CIM~~~2Zu?
04 00 3F 44 30 42 31 37 30 20 20 20 20 00 09 50   ~~?D0B170    ~~P
0B 5A 75 3F 04 00 5C 44 30 42 31 37 39 20 52 58   ~Zu?~~\D0B179 RX
41 00 00 4E 3F 5A 75 3F 04 00 21 44 30 42 31 37   A~~N?Zu?~~!D0B17
35 20 48 4C 20 00 00 10 3F 5A 75 3F 04 00 2D 44   5 HL ~~~?Zu?~~-D
30 42 31 37 36 20 41 44 56 00 09 4F 3F 5A 75 3F   0B176 ADV~~O?Zu?
04 00 32 44 30 42 31 20 20 20 46 45 50 00 00 10   ~~2D0B1   FEP~~~
3F 5A 75 3F 04 00 33 44 30 42 31 20 20 20 4D 45   ?Zu?~~3D0B1   ME
44 00 00 3C 3F 5A 75 3F 04 00 49 44 30 42 31 20   D~~<?Zu?~~ID0B1 
20 20 41 53 50 00 00 10 3F 5A 75 3F 04 00 32 44     ASP~~~?Zu?~~2D
30 42 31 37 39 20 4D 45 44 00 00 52 3F 5A 75 3F   0B179 MED~~R?Zu?
04 00 34 44 30 42 32 20 20 20 44 49 53 00 09 4F   ~~4D0B2   DIS~~O
3F 5A 75 3F 04 00 2C 44 30 42 31 20 20 20 46 45   ?Zu?~~,D0B1   FE
50 00 09 4E 3F 5A 75 3F 04 00 0F 44 30 42 31 31   P~~N?Zu?~~~D0B11
31 20 50 45 55 00 00 10 3F 5A 75 3F 05 00 1E 44   1 PEU~~~?Zu?~~~D
30 42 31 20 20 20 41 44 56 00 09 51 2A 5A 75 3F   0B1   ADV~~Q*Zu?
05 00 2F 44 30 42 31 20 20 20 4E 56 54 00 09 50   ~~/D0B1   NVT~~P
3F 5A 75 3F 05 00 3F 44 30 42 31 20 20 20 35 35   ?Zu?~~?D0B1   55
32 00 00 10 3F 5A 75 3F 05 00 2D 44 30 42 31 20   2~~~?Zu?~~-D0B1 
20 20 41 44 56 00 09 4E 3F 5A 75 3F 05 00 77 44     ADV~~N?Zu?~~wD
30 42 31 20 20 20 50 45 55 00 09 4F 3F 5A 75 3F   0B1   PEU~~O?Zu?
05 00 34 44 30 42 31 20 20 20 39 39 39 00 00 4E   ~~4D0B1   999~~N
3F 5A 75 3F 05 00 32 44 30 42 32 20 20 20 30 32   ?Zu?~~2D0B2   02
30 00 00 46 20 5A 75 3F 05 00 40 44 30 45 31 20   0~~F Zu?~~@D0E1 
20 20 43 4F 4D 00 00 46 20 5A 75 3F 05 00 55 44     COM~~F Zu?~~UD
30 45 31 20 20 20 43 4F 4D 00 00 10 3F 5A 75 3F   0E1   COM~~~?Zu?
05 00 5E 44 30 42 31 20 20 20 41 44 56 00 00 4E   ~~^D0B1   ADV~~N
3F 5A 75 3F 06 00 3F 44 30 42 31 20 20 20 41 43   ?Zu?~~?D0B1   AC
20 00 09 4F 3F 5A 75 3F 06 00 45 44 30 42 31 38    ~~O?Zu?~~ED0B18
38 20 39 39 39 00 09 4F 31 5A 75 3F 06 00 43 44   8 999~~O1Zu?~~CD
30 42 31 37 39 20 39 39 39 00 00 10 3F 5A 75 3F   0B179 999~~~?Zu?
06 00 38 44 30 42 31 20 20 20 41 44 56 00 09 4F   ~~8D0B1   ADV~~O
31 5A 75 3F 06 00 31 44 30 42 31 20 20 20 39 39   1Zu?~~1D0B1   99
03                                                ~