
02 31 35 30 36 37 30 31 36 50 53 4F 5A 30 34 00   ~15067016PSOZ04~
00 31 30 54 50 30 30 30 30 5A 58 30 35 43 56 53   ~10TP0000ZX05CVS
54 1B 3F 56 33 00 00 00 57 00 56 07 3F 00 02 00   T~?V3~~~W~V~?~~~
02 00 0D 00 22 00 31 00 02 00 00 00 23 55 3F 3F   ~~~~"~1~~~~~#U??
46 00 12 00 1B 00 00 1B 3F 00 00 10 3F 5A 75 3F   F~~~~~~~?~~~?Zu?
75 00 2A 44 30 42 31 20 20 20 41 44 56 00 09 4E   u~*D0B1   ADV~~N
3F 5A 75 3F 75 00 23 44 30 42 31 36 39 20 50 45   ?Zu?u~#D0B169 PE
55 00 09 4E 3F 5A 75 3F 75 00 23 44 30 42 31 36   U~~N?Zu?u~#D0B16
39 20 50 45 55 00 00 48 6B 5A 75 3F 75 00 64 44   9 PEU~~HkZu?u~dD
30 42 31 20 20 20 30 31 38 00 00 10 3F 5A 75 3F   0B1   018~~~?Zu?
75 00 2A 44 30 42 31 20 20 20 41 44 56 00 00 4E   u~*D0B1   ADV~~N
3F 5A 75 3F 75 00 0F 44 30 42 32 20 20 20 49 4E   ?Zu?u~~D0B2   IN
20 00 00 10 3F 5A 75 3F 75 00 0E 44 30 42 32 20    ~~~?Zu?u~~D0B2 
20 20 4D 45 44 00 09 4E 3F 5A 75 3F 75 00 2A 44     MED~~N?Zu?u~*D
30 42 31 20 20 20 50 45 55 00 00 3C 3F 5A 75 3F   0B1   PEU~~<?Zu?
75 00 4C 44 30 42 31 20 20 20 30 33 32 00 09 50   u~LD0B1   032~~P
5E 5A 75 3F 75 00 3C 44 30 42 32 20 20 20 43 56   ^Zu?u~<D0B2   CV
31 00 00 58 3F 5A 75 3F 75 00 63 44 30 42 31 20   1~~X?Zu?u~cD0B1 
20 20 36 33 33 00 00 10 3F 5A 75 3F 75 00 2B 44     633~~~?Zu?u~+D
30 42 31 20 20 20 4D 45 44 00 09 29 6A 5A 75 3F   0B1   MED~~)jZu?
75 01 09 44 30 42 31 20 20 20 35 34 20 00 00 17   u~~D0B1   54 ~~~
3F 5A 75 3F 75 00 3F 44 30 42 32 20 20 20 4D 53   ?Zu?u~?D0B2   MS
43 00 09 4E 3F 5A 75 3F 75 00 0E 44 30 42 32 20   C~~N?Zu?u~~D0B2 
20 20 50 45 55 00 00 10 3F 5A 75 3F 75 00 0A 44     PEU~~~?Zu?u~~D
30 42 31 38 35 20 4D 43 41 00 00 58 3F 5A 75 3F   0B185 MCA~~X?Zu?
75 00 4F 44 30 42 31 20 20 20 36 33 33 00 00 10   u~OD0B1   633~~~
3F 5A 75 3F 75 00 17 44 30 42 32 20 20 20 41 44   ?Zu?u~~D0B2   AD
56 00 09 4E 3F 5A 75 3F 76 00 1B 44 30 42 32 20   V~~N?Zu?v~~D0B2 
20 20 4D 45 44 00 00 55 41 5A 75 3F 76 00 30 44     MED~~UAZu?v~0D
30 42 31 20 20 20 49 52 58 00 09 4E 3F 5A 75 3F   0B1   IRX~~N?Zu?
76 00 2F 44 30 42 31 20 20 20 50 45 55 00 09 4E   v~/D0B1   PEU~~N
3F 5A 75 3F 76 00 39 44 30 42 31 37 35 20 43 54   ?Zu?v~9D0B175 CT
52 00 00 10 3F 5A 75 3F 76 00 33 44 30 42 31 20   R~~~?Zu?v~3D0B1 
20 20 4D 45 44 00 00 17 3F 5A 75 3F 76 01 3A 44     MED~~~?Zu?v~:D
30 42 31 20 20 20 4D 53 43 00 00 46 20 5A 75 3F   0B1   MSC~~F Zu?
76 00 4C 44 30 45 31 20 20 20 43 4F 4D 00 00 10   v~LD0E1   COM~~~
3F 5A 75 3F 76 00 2C 44 30 42 31 20 20 20 4D 45   ?Zu?v~,D0B1   ME
44 00 00 10 3F 5A 75 3F 76 00 4B 44 30 42 31 20   D~~~?Zu?v~KD0B1 
20 20 41 44 56 00 00 1C 6B 5A 75 3F 76 00 01 44     ADV~~~kZu?v~~D
30 42 31 20 20 20 20 20 20 00 09 4E 3F 5A 75 3F   0B1      ~~N?Zu?
76 00 49 44 30 42 31 20 20 20 50 45 55 00 00 58   v~ID0B1   PEU~~X
3F 5A 75 3F 76 00 55 44 30 42 32 20 20 20 36 33   ?Zu?v~UD0B2   63
33 00 00 10 3F 5A 75 3F 76 00 48 44 30 42 31 20   3~~~?Zu?v~HD0B1 
20 20 4D 45 44 00 00 46 20 5A 75 3F 76 00 6F 44     MED~~F Zu?v~oD
30 45 31 20 20 20 43 4F 4D 00 09 4E 3F 5A 75 3F   0E1   COM~~N?Zu?
76 00 13 44 30 42 32 20 20 20 49 52 58 00 00 10   v~~D0B2   IRX~~~
3F 5A 75 3F 76 00 11 44 30 42 31 32 32 20 48 4E   ?Zu?v~~D0B122 HN
45 00 09 4F 31 5A 75 3F 76 00 28 44 30 42 31 20   E~~O1Zu?v~(D0B1 
20 20 39 39 39 00 00 10 3F 5A 75 3F 76 00 28 44     999~~~?Zu?v~(D
30 42 31 37 39 20 4D 45 44 00 00 48 6B 5A 75 3F   0B179 MED~~HkZu?
77 00 43 44 30 42 32 20 20 20 30 31 38 00 09 51   w~CD0B2   018~~Q
2A 5A 75 3F 77 00 1D 44 30 42 32 20 20 20 4D 43   *Zu?w~~D0B2   MC
44 00 00 33 21 5A 75 3F 77 00 28 44 30 42 31 20   D~~3!Zu?w~(D0B1 
20 20 43 4F 4D 00 00 10 3F 5A 75 3F 77 00 29 44     COM~~~?Zu?w~)D
30 42 31 20 20 20 4D 45 44 00 09 4F 31 5A 75 3F   0B1   MED~~O1Zu?
77 00 15 44 30 42 32 20 20 20 39 39 39 00 00 4E   w~~D0B2   999~~N
3F 5A 75 3F 77 00 39 44 30 42 31 20 20 20 57 47   ?Zu?w~9D0B1   WG
20 00 09 50 3F 5A 75 3F 77 00 23 44 30 42 32 20    ~~P?Zu?w~#D0B2 
20 20 30 30 36 00 00 40 73 5A 75 3F 77 00 4F 44     006~~@sZu?w~OD
30 42 31 20 20 20 48 5A 52 00 09 4E 3F 5A 75 3F   0B1   HZR~~N?Zu?
77 00 27 44 30 42 31 20 20 20 50 45 55 00 09 50   w~'D0B1   PEU~~P
5E 5A 75 3F 77 00 3F 44 30 42 31 20 20 20 43 56   ^Zu?w~?D0B1   CV
31 00 00 4E 3F 5A 75 3F 77 00 2E 44 30 42 31 20   1~~N?Zu?w~.D0B1 
20 20 49 53 20 00 00 10 3F 5A 75 3F 77 00 0B 44     IS ~~~?Zu?w~~D
30 42 32 20 20 20 41 44 56 00 00 12 4A 5A 75 3F   0B2   ADV~~~JZu?
77 00 3F 44 30 42 32 20 20 20 43 4E 20 00 00 3C   w~?D0B2   CN ~~<
3F 5A 75 3F 77 00 41 44 30 42 31 20 20 20 30 33   ?Zu?w~AD0B1   03
32 00 00 46 20 5A 75 3F 77 00 35 44 30 45 31 4E   2~~F Zu?w~5D0E1N
31 20 43 4F 4D 00 09 4E 3F 5A 75 3F 77 00 2C 44   1 COM~~N?Zu?w~,D
30 42 31 37 30 20 20 20 20 00 00 1C 6B 5A 75 3F   0B170    ~~~kZu?
77 00 07 44 30 42 31 20 20 20 20 20 20 00 00 10   w~~D0B1      ~~~
3F 5A 75 3F 77 00 30 44 30 42 31 20 20 20 41 44   ?Zu?w~0D0B1   AD
56 00 00 48 10 5A 75 3F 77 00 28 44 30 42 31 20   V~~H~Zu?w~(D0B1 
20 20 36 36 32 00 09 50 3F 5A 75 3F 77 00 26 44     662~~P?Zu?w~&D
30 42 31 38 32 39 4D 45 44 00 00 1C 6B 5A 75 3F   0B1829MED~~~kZu?
77 00 01 44 30 42 31 20 20 20 20 20 20 00 00 10   w~~D0B1      ~~~
3F 5A 75 3F 77 00 3F 44 30 42 31 33 39 20 54 45   ?Zu?w~?D0B139 TE
4C 00 09 4E 3F 5A 75 3F 77 00 33 44 30 42 31 20   L~~N?Zu?w~3D0B1 
20 20 50 45 55 00 00 10 3F 5A 75 3F 77 00 2D 44     PEU~~~?Zu?w~-D
30 42 31 20 20 20 41 44 56 00 00 1C 6B 5A 75 3F   0B1   ADV~~~kZu?
77 00 06 44 30 42 31 20 20 20 20 20 20 00 00 4E   w~~D0B1      ~~N
3F 5A 75 3F 78 00 2E 44 30 42 31 20 20 20 49 53   ?Zu?x~.D0B1   IS
20 00 00 0F 3F 5A 75 3F 78 00 3B 44 30 42 31 20    ~~~?Zu?x~;D0B1 
20 20 34 33 2D 00 09 4E 3F 5A 75 3F 78 00 0E 44     43-~~N?Zu?x~~D
30 42 32 20 20 20 50 45 55 00 09 4F 31 5A 75 3F   0B2   PEU~~O1Zu?
78 00 13 44 30 42 32 20 20 20 39 39 39 00 09 51   x~~D0B2   999~~Q
1F 5A 75 3F 78 00 3E 44 30 42 31 20 20 20 41 44   ~Zu?x~>D0B1   AD
56 00 09 51 2A 5A 75 3F 78 00 4B 44 30 42 31 20   V~~Q*Zu?x~KD0B1 
20 20 4D 43 44 00 09 4F 31 5A 75 3F 78 00 0B 44     MCD~~O1Zu?x~~D
30 42 32 20 20 20 39 39 39 00 00 48 6B 5A 75 3F   0B2   999~~HkZu?
78 00 53 44 30 42 31 20 20 20 30 31 38 00 00 0E   x~SD0B1   018~~~
42 5A 75 3F 78 00 12 44 30 42 32 20 20 20 36 34   BZu?x~~D0B2   64
20 00 00 46 20 5A 75 3F 78 00 19 44 30 45 31 4E    ~~F Zu?x~~D0E1N
31 20 43 4F 4D 00 00 10 3F 5A 75 3F 78 00 26 44   1 COM~~~?Zu?x~&D
30 42 31 20 20 20 4D 45 44 00 09 4F 3F 5A 75 3F   0B1   MED~~O?Zu?
78 00 25 44 30 42 31 35 30 20 39 39 39 00 00 10   x~%D0B150 999~~~
3F 5A 75 3F 78 00 3A 44 30 42 31 20 20 20 41 44   ?Zu?x~:D0B1   AD
56 00 00 10 3F 5A 75 3F 78 00 3C 44 30 42 31 37   V~~~?Zu?x~<D0B17
36 20 41 44 56 00 00 46 20 5A 75 3F 78 00 27 44   6 ADV~~F Zu?x~'D
30 45 31 4E 31 20 43 4F 4D 00 00 4E 3F 5A 75 3F   0E1N1 COM~~N?Zu?
78 00 51 44 30 42 31 37 30 20 57 47 20 00 09 50   x~QD0B170 WG ~~P
3F 5A 75 3F 78 00 36 44 30 42 31 20 20 20 34 34   ?Zu?x~6D0B1   44
34 00 00 46 20 5A 75 3F 78 00 2C 44 30 45 31 20   4~~F Zu?x~,D0E1 
20 20 43 4F 4D 00 00 1C 6B 5A 75 3F 78 00 01 44     COM~~~kZu?x~~D
30 42 31 20 20 20 20 20 20 00 09 4F 31 5A 75 3F   0B1      ~~O1Zu?
78 00 41 44 30 42 31 20 20 20 39 39 39 00 00 10   x~AD0B1   999~~~
3F 5A 75 3F 78 00 39 44 30 42 31 20 20 20 41 44   ?Zu?x~9D0B1   AD
56 00 00 10 3F 5A 75 3F 78 00 3C 44 30 42 31 20   V~~~?Zu?x~<D0B1 
20 20 4D 45 44 00 00 10 3F 5A 75 3F 78 00 0D 44     MED~~~?Zu?x~~D
30 42 32 20 20 20 4D 45 44 00 09 4E 3F 5A 75 3F   0B2   MED~~N?Zu?
78 00 21 44 30 42 31 20 20 20 50 45 55 00 00 10   x~!D0B1   PEU~~~
3F 5A 75 3F 78 00 2A 44 30 42 31 20 20 20 4D 45   ?Zu?x~*D0B1   ME
44 00 00 46 20 5A 75 3F 78 00 1C 44 30 45 31 4E   D~~F Zu?x~~D0E1N
31 20 43 4F 4D 00 00 26 09 5A 75 3F 54 00 64 44   1 COM~~&~Zu?T~dD
30 42 31 20 20 20 50 30 30 00 00 10 3F 5A 75 3F   0B1   P00~~~?Zu?
54 00 37 44 30 42 31 37 35 20 41 44 56 00 09 2D   T~7D0B175 ADV~~-
14 5A 75 3F 54 00 3F 44 30 42 31 20 20 20 44 52   ~Zu?T~?D0B1   DR
4E 00 00 10 3F 5A 75 3F 54 00 25 44 30 42 31 20   N~~~?Zu?T~%D0B1 
20 20 4D 45 44 00 00 10 3F 5A 75 3F 54 00 2F 44     MED~~~?Zu?T~/D
30 42 31 20 20 20 41 44 56 00 09 51 1F 5A 75 3F   0B1   ADV~~Q~Zu?
54 00 0E 44 30 42 32 20 20 20 4D 45 44 00 00 10   T~~D0B2   MED~~~
3F 5A 75 3F 54 00 0F 44 30 42 32 20 20 20 41 44   ?Zu?T~~D0B2   AD
56 00 00 4E 3F 5A 75 3F 54 00 3D 44 30 42 31 20   V~~N?Zu?T~=D0B1 
20 20 57 47 20 00 00 10 3F 5A 75 3F 54 00 0D 44     WG ~~~?Zu?T~~D
30 42 32 20 20 20 37 37 39 00 09 4E 3F 5A 75 3F   0B2   779~~N?Zu?
54 00 21 44 30 42 31 20 20 20 50 45 55 00 09 51   T~!D0B1   PEU~~Q
2A 5A 75 3F 54 00 3F 44 30 42 31 37 35 20 45 47   *Zu?T~?D0B175 EG
57 00 00 10 3F 5A 75 3F 54 00 48 44 30 42 31 20   W~~~?Zu?T~HD0B1 
20 20 41 44 56 00 00 10 3F 5A 75 3F 54 00 2A 44     ADV~~~?Zu?T~*D
30 42 31 20 20 20 4D 45 44 00 00 10 3F 5A 75 3F   0B1   MED~~~?Zu?
54 00 17 44 30 42 32 20 20 20 4D 45 44 00 09 50   T~~D0B2   MED~~P
3F 5A 75 3F 54 00 1D 44 30 42 32 20 20 20 30 30   ?Zu?T~~D0B2   00
36 00 00 58 3F 5A 75 3F 54 00 12 44 30 42 32 20   6~~X?Zu?T~~D0B2 
20 20 36 33 33 00 09 50 3F 5A 75 3F 54 00 46 44     633~~P?Zu?T~FD
30 42 31 20 20 20 4D 45 44 00 00 46 20 5A 75 3F   0B1   MED~~F Zu?
54 00 25 44 30 45 31 20 20 20 43 4F 4D 00 00 10   T~%D0E1   COM~~~
3F 5A 75 3F 54 00 38 44 30 42 31 20 20 20 41 44   ?Zu?T~8D0B1   AD
56 00 09 50 3F 5A 75 3F 54 00 41 44 30 42 31 20   V~~P?Zu?T~AD0B1 
20 20 30 30 36 00 09 4F 3F 5A 75 3F 55 00 31 44     006~~O?Zu?U~1D
30 42 32 20 20 20 39 39 39 00 00 5E 3F 5A 75 3F   0B2   999~~^?Zu?
55 00 60 44 30 42 31 20 20 20 4F 48 52 00 00 46   U~`D0B1   OHR~~F
20 5A 75 3F 55 00 30 44 30 45 31 4E 31 20 43 4F    Zu?U~0D0E1N1 CO
4D 00 09 4F 31 5A 75 3F 55 00 54 44 30 42 31 37   M~~O1Zu?U~TD0B17
35 20 39 39 39 00 00 10 3F 5A 75 3F 55 00 32 44   5 999~~~?Zu?U~2D
30 42 31 37 36 20 41 44 56 00 00 10 3F 5A 75 3F   0B176 ADV~~~?Zu?
55 00 0C 44 30 42 32 20 20 20 41 44 56 00 00 3D   U~~D0B2   ADV~~=
3F 5A 75 3F 55 00 26 44 30 42 31 36 39 20 30 36   ?Zu?U~&D0B169 06
34 00 09 50 5E 5A 75 3F 55 00 25 44 30 42 32 20   4~~P^Zu?U~%D0B2 
20 20 43 56 31 00 00 10 3F 5A 75 3F 55 00 25 44     CV1~~~?Zu?U~%D
30 42 31 20 20 20 48 4E 45 00 00 58 3F 5A 75 3F   0B1   HNE~~X?Zu?
55 00 69 44 30 42 31 20 20 20 36 33 33 00 09 4E   U~iD0B1   633~~N
3F 5A 75 3F 55 00 2B 44 30 42 31 37 30 20 49 52   ?Zu?U~+D0B170 IR
58 00 09 4E 3F 5A 75 3F 55 00 35 44 30 42 31 37   X~~N?Zu?U~5D0B17
58 20 4D 45 44 00 00 0F 3F 5A 75 3F 55 00 37 44   X MED~~~?Zu?U~7D
30 42 31 20 20 20 34 33 2D 00 09 34 3F 5A 75 3F   0B1   43-~~4?Zu?
55 00 12 44 30 42 32 20 20 20 30 31 34 00 00 58   U~~D0B2   014~~X
3F 5A 75 3F 55 00 1A 44 30 42 32 20 20 20 36 33   ?Zu?U~~D0B2   63
33 00 00 46 20 5A 75 3F 55 00 37 44 30 45 31 20   3~~F Zu?U~7D0E1 
20 20 43 4F 4D 00 00 10 3F 5A 75 3F 55 00 3F 44     COM~~~?Zu?U~?D
30 42 31 20 20 20 41 44 56 00 00 10 3F 5A 75 3F   0B1   ADV~~~?Zu?
55 00 32 44 30 42 31 20 20 20 4D 45 44 00 09 50   U~2D0B1   MED~~P
3F 5A 75 3F 55 00 22 44 30 42 32 20 20 20 30 30   ?Zu?U~"D0B2   00
36 00 00 3C 3F 5A 75 3F 55 00 38 44 30 42 31 20   6~~<?Zu?U~8D0B1 
20 20 30 33 32 00 00 10 3F 5A 75 3F 55 00 31 44     032~~~?Zu?U~1D
30 42 31 20 20 20 41 44 56 00 00 10 3F 5A 75 3F   0B1   ADV~~~?Zu?
55 00 2C 44 30 42 31 20 20 20 41 44 56 00 09 4F   U~,D0B1   ADV~~O
3F 5A 75 3F 56 00 35 44 30 42 31 37 36 20 39 39   ?Zu?V~5D0B176 99
39 00 09 51 2A 5A 75 3F 56 00 72 44 30 42 31 37   9~~Q*Zu?V~rD0B17
35 20 4D 43 44 00 00 1C 6B 5A 75 3F 56 00 06 44   5 MCD~~~kZu?V~~D
30 42 32 20 20 20 20 20 20 00 09 4E 3F 5A 75 3F   0B2      ~~N?Zu?
56 00 38 44 30 42 31 37 35 20 50 45 55 00 00 46   V~8D0B175 PEU~~F
20 5A 75 3F 56 00 1A 44 30 45 31 4E 31 20 43 4F    Zu?V~~D0E1N1 CO
4D 00 09 4F 3F 5A 75 3F 56 00 27 44 30 42 31 20   M~~O?Zu?V~'D0B1 
20 20 46 45 50 00 09 50 3F 5A 75 3F 56 00 5B 44     FEP~~P?Zu?V~[D
30 42 31 20 20 20 30 30 36 00 00 46 20 5A 75 3F   0B1   006~~F Zu?
56 00 68 44 30 45 31 4E 31 20 43 4F 4D 00 00 4E   V~hD0E1N1 COM~~N
3F 5A 75 3F 56 00 35 44 30 42 31 20 20 20 57 47   ?Zu?V~5D0B1   WG
20 00 00 10 3F 5A 75 3F 56 00 27 44 30 42 31 20    ~~~?Zu?V~'D0B1 
20 20 4D 45 44 00 00 46 20 5A 75 3F 56 00 11 44     MED~~F Zu?V~~D
30 45 31 20 20 20 43 4F 4D 00 09 50 3F 5A 75 3F   0E1   COM~~P?Zu?
56 00 52 44 30 42 31 39 34 33 41 44 56 00 09 50   V~RD0B1943ADV~~P
3F 5A 75 3F 56 00 51 44 30 42 31 20 20 20 41 48   ?Zu?V~QD0B1   AH
50 00 00 17 3F 5A 75 3F 56 00 5B 44 30 42 31 20   P~~~?Zu?V~[D0B1 
20 20 4D 53 43 00 00 46 20 5A 75 3F 56 00 1C 44     MSC~~F Zu?V~~D
30 45 31 4E 31 20 43 4F 4D 00 00 4E 3F 5A 75 3F   0E1N1 COM~~N?Zu?
57 00 28 44 30 42 31 20 20 20 49 53 20 00 00 46   W~(D0B1   IS ~~F
20 5A 75 3F 57 00 3A 44 30 45 31 20 20 20 43 4F    Zu?W~:D0E1   CO
4D 00 00 10 3F 5A 75 3F 57 00 0D 44 30 42 32 20   M~~~?Zu?W~~D0B2 
20 20 4D 45 44 00 00 3C 3F 5A 75 3F 57 00 40 44     MED~~<?Zu?W~@D
30 42 31 20 20 20 30 33 32 00 00 4E 3F 5A 75 3F   0B1   032~~N?Zu?
57 00 5D 44 30 42 31 20 20 20 49 4E 20 00 00 58   W~]D0B1   IN ~~X
3F 5A 75 3F 57 00 3F 44 30 42 31 20 20 20 36 33   ?Zu?W~?D0B1   63
33 00 00 3C 3F 5A 75 3F 57 00 34 44 30 42 31 20   3~~<?Zu?W~4D0B1 
20 20 30 33 32 00 00 10 3F 5A 75 3F 57 00 1A 44     032~~~?Zu?W~~D
30 42 32 20 20 20 4D 45 44 00 00 46 20 5A 75 3F   0B2   MED~~F Zu?
57 00 21 44 30 45 31 4E 31 20 43 4F 4D 00 09 50   W~!D0E1N1 COM~~P
3F 5A 75 3F 57 00 13 44 30 42 31 52 38 20 45 4D   ?Zu?W~~D0B1R8 EM
4E 00 00 1C 6B 5A 75 3F 57 00 01 44 30 42 31 20   N~~~kZu?W~~D0B1 
20 20 20 20 20 00 00 3C 3F 5A 75 3F 57 00 2F 44        ~~<?Zu?W~/D
30 42 31 35 36 39 30 33 32 00 00 58 3F 5A 75 3F   0B1569032~~X?Zu?
57 00 0B 44 30 42 31 38 35 20 36 33 33 00 00 1C   W~~D0B185 633~~~
6B 5A 75 3F 57 00 06 44 30 42 32 20 20 20 20 20   kZu?W~~D0B2     
20 00 00 4F 3F 5A 75 3F 57 00 33 44 30 42 31 20    ~~O?Zu?W~3D0B1 
20 20 49 52 58 00 09 4E 3F 5A 75 3F 57 00 1A 44     IRX~~N?Zu?W~~D
30 42 32 20 20 20 50 45 55 00 00 46 20 5A 75 3F   0B2   PEU~~F Zu?
57 00 37 44 30 45 31 20 20 20 43 4F 4D 00 00 58   W~7D0E1   COM~~X
3F 5A 75 3F 58 00 3F 44 30 42 31 20 20 20 36 33   ?Zu?X~?D0B1   63
33 00 09 4F 3F 5A 75 3F 58 00 21 44 30 42 31 36   3~~O?Zu?X~!D0B16
39 20 39 39 39 00 00 44 3F 5A 75 3F 58 00 48 44   9 999~~D?Zu?X~HD
30 42 31 20 20 20 50 30 32 00 09 4E 3F 5A 75 3F   0B1   P02~~N?Zu?
58 00 29 44 30 42 31 20 20 20 50 45 55 00 00 10   X~)D0B1   PEU~~~
3F 5A 75 3F 58 00 30 44 30 42 31 37 36 20 41 44   ?Zu?X~0D0B176 AD
56 00 00 10 3F 5A 75 3F 58 00 23 44 30 42 31 37   V~~~?Zu?X~#D0B17
39 20 4D 45 44 00 00 3C 3F 5A 75 3F 58 00 2F 44   9 MED~~<?Zu?X~/D
30 42 31 37 36 20 30 33 32 00 00 46 20 5A 75 3F   0B176 032~~F Zu?
58 00 1C 44 30 45 31 4E 31 20 43 4F 4D 00 00 58   X~~D0E1N1 COM~~X
3F 5A 75 3F 58 00 55 44 30 42 31 20 20 20 36 33   ?Zu?X~UD0B1   63
33 00 00 42 72 5A 75 3F 58 00 24 44 30 42 31 20   3~~BrZu?X~$D0B1 
20 20 30 32 31 00 00 58 3F 5A 75 3F 58 00 3F 44     021~~X?Zu?X~?D
30 42 31 20 20 20 36 33 33 00 09 4E 3F 5A 75 3F   0B1   633~~N?Zu?
58 00 29 44 30 42 31 20 20 20 49 52 58 00 00 26   X~)D0B1   IRX~~&
3F 5A 75 3F 58 00 3F 44 30 42 31 20 20 20 44 43   ?Zu?X~?D0B1   DC
41 00 09 51 1F 5A 75 3F 58 00 3D 44 30 42 31 20   A~~Q~Zu?X~=D0B1 
20 20 4D 45 44 00 09 4F 31 5A 75 3F 58 00 35 44     MED~~O1Zu?X~5D
30 42 31 37 39 20 39 39 39 00 00 4C 3F 5A 75 3F   0B179 999~~L?Zu?
58 00 3F 44 30 42 32 20 20 20 30 36 30 00 00 43   X~?D0B2   060~~C
7A 5A 75 3F 58 00 47 44 30 42 31 20 20 20 50 44   zZu?X~GD0B1   PD
4D 00 00 58 3F 5A 75 3F 58 00 3F 44 30 42 31 20   M~~X?Zu?X~?D0B1 
20 20 36 33 33 00 09 4E 3F 5A 75 3F 58 01 0E 44     633~~N?Zu?X~~D
30 42 31 37 35 20 49 52 58 00 00 46 20 5A 75 3F   0B175 IRX~~F Zu?
59 00 58 44 30 45 31 20 20 20 43 4F 4D 00 00 10   Y~XD0E1   COM~~~
3F 5A 75 3F 59 00 26 44 30 42 31 35 32 20 4D 43   ?Zu?Y~&D0B152 MC
41 00 09 4E 3F 5A 75 3F 59 00 2C 44 30 42 31 37   A~~N?Zu?Y~,D0B17
36 20 50 45 55 00 00 58 3F 5A 75 3F 59 00 46 44   6 PEU~~X?Zu?Y~FD
30 42 31 36 45 20 36 33 33 00 00 10 3F 5A 75 3F   0B16E 633~~~?Zu?
59 00 27 44 30 42 31 37 36 20 37 37 39 00 09 4F   Y~'D0B176 779~~O
31 5A 75 3F 59 00 2F 44 30 42 31 20 20 20 39 39   1Zu?Y~/D0B1   99
39 00 09 4E 3F 5A 75 3F 59 00 3D 44 30 42 31 38   9~~N?Zu?Y~=D0B18
38 20 49 52 58 00 00 4E 3F 5A 75 3F 59 00 2B 44   8 IRX~~N?Zu?Y~+D
30 42 31 20 20 20 49 52 58 00 00 46 20 5A 75 3F   0B1   IRX~~F Zu?
59 00 10 44 30 45 31 4E 31 20 43 4F 4D 00 00 46   Y~~D0E1N1 COM~~F
20 5A 75 3F 59 00 46 44 30 45 31 20 20 20 43 4F    Zu?Y~FD0E1   CO
4D 00 00 3C 3F 5A 75 3F 59 00 3D 44 30 42 31 20   M~~<?Zu?Y~=D0B1 
20 20 30 33 32 00 00 4E 3F 5A 75 3F 59 00 64 44     032~~N?Zu?Y~dD
30 42 31 20 20 20 49 53 20 00 00 3C 3F 5A 75 3F   0B1   IS ~~<?Zu?
59 00 39 44 30 42 31 20 20 20 30 33 32 00 00 10   Y~9D0B1   032~~~
3F 5A 75 3F 59 00 18 44 30 42 32 20 20 20 41 44   ?Zu?Y~~D0B2   AD
56 00 00 10 3F 5A 75 3F 59 00 29 44 30 42 31 20   V~~~?Zu?Y~)D0B1 
20 20 4D 45 44 00 00 58 3F 5A 75 3F 59 00 3F 44     MED~~X?Zu?Y~?D
30 42 31 20 20 20 33 39 33 00 00 2D 20 5A 75 3F   0B1   393~~- Zu?
59 00 5B 44 30 42 31 37 30 20 49 4C 44 00 00 10   Y~[D0B170 ILD~~~
3F 5A 75 3F 59 00 26 44 30 42 31 20 20 20 41 44   ?Zu?Y~&D0B1   AD
56 00 00 46 20 5A 75 3F 59 00 51 44 30 45 31 20   V~~F Zu?Y~QD0E1 
20 20 43 4F 4D 00 00 2D 20 5A 75 3F 5A 00 66 44     COM~~- Zu?Z~fD
30 42 31 37 30 20 42 43 54 00 00 42 72 5A 75 3F   0B170 BCT~~BrZu?
5A 00 17 44 30 42 32 20 20 20 30 32 31 00 00 2D   Z~~D0B2   021~~-
20 5A 75 3F 5A 00 12 44 30 42 32 20 20 20 50 44    Zu?Z~~D0B2   PD
50 00 09 50 3F 5A 75 3F 5A 00 28 44 30 42 31 20   P~~P?Zu?Z~(D0B1 
20 20 4D 45 44 00 09 4E 3F 5A 75 3F 5A 00 42 44     MED~~N?Zu?Z~BD
30 42 31 20 20 20 50 45 55 00 00 3C 3F 5A 75 3F   0B1   PEU~~<?Zu?
5A 00 3F 44 30 42 31 20 20 20 30 33 32 00 00 10   Z~?D0B1   032~~~
3F 5A 75 3F 5A 00 26 44 30 42 31 37 39 20 4D 45   ?Zu?Z~&D0B179 ME
44 00 00 17 3B 5A 75 3F 5A 00 50 44 30 42 31 20   D~~~;Zu?Z~PD0B1 
20 20 43 4C 41 00 00 55 41 5A 75 3F 5A 00 29 44     CLA~~UAZu?Z~)D
30 42 31 20 20 20 49 52 58 00 00 58 3F 5A 75 3F   0B1   IRX~~X?Zu?
5A 00 62 44 30 42 31 37 30 20 36 33 33 00 00 46   Z~bD0B170 633~~F
20 5A 75 3F 5A 00 3B 44 30 45 31 4E 31 20 43 4F    Zu?Z~;D0E1N1 CO
4D 00 00 10 3F 5A 75 3F 5A 00 2C 44 30 42 31 37   M~~~?Zu?Z~,D0B17
36 20 37 37 39 00 09 4F 3F 5A 75 3F 5A 00 2B 44   6 779~~O?Zu?Z~+D
30 42 31 20 20 20 46 45 50 00 09 4E 3F 5A 75 3F   0B1   FEP~~N?Zu?
5A 00 42 44 30 42 31 20 20 20 50 45 55 00 00 26   Z~BD0B1   PEU~~&
3F 5A 75 3F 5A 00 59 44 30 42 31 20 20 20 44 43   ?Zu?Z~YD0B1   DC
41 00 09 4F 31 5A 75 3F 5A 00 46 44 30 42 31 37   A~~O1Zu?Z~FD0B17
30 20 39 39 39 00 00 42 72 5A 75 3F 5A 00 2F 44   0 999~~BrZu?Z~/D
30 42 31 20 20 20 43 49 4D 00 00 10 3F 5A 75 3F   0B1   CIM~~~?Zu?
5A 00 18 44 30 42 32 20 20 20 41 44 56 00 09 4E   Z~~D0B2   ADV~~N
3F 5A 75 3F 5B 00 18 44 30 42 32 20 20 20 50 45   ?Zu?[~~D0B2   PE
55 00 00 10 3F 5A 75 3F 5B 00 31 44 30 42 31 30   U~~~?Zu?[~1D0B10
39 20 41 44 56 00 00 3C 3F 5A 75 3F 5B 00 4C 44   9 ADV~~<?Zu?[~LD
30 42 31 20 20 20 30 33 32 00 00 5E 3F 5A 75 3F   0B1   032~~^?Zu?
5B 00 3F 44 30 42 31 38 38 20 4F 48 52 00 09 4E   [~?D0B188 OHR~~N
3F 5A 75 3F 5B 00 34 44 30 42 31 38 38 20 43 54   ?Zu?[~4D0B188 CT
52 00 00 4B 3F 5A 75 3F 5B 00 2D 44 30 42 31 20   R~~K?Zu?[~-D0B1 
20 20 37 32 38 00 00 4C 3F 5A 75 3F 5B 00 3F 44     728~~L?Zu?[~?D
30 42 31 20 20 20 30 36 30 00 00 10 3F 5A 75 3F   0B1   060~~~?Zu?
5B 00 2E 44 30 42 31 37 35 20 41 44 56 00 09 4E   [~.D0B175 ADV~~N
3F 5A 75 3F 5B 00 27 44 30 42 31 20 20 20 50 45   ?Zu?[~'D0B1   PE
55 00 09 50 3F 5A 75 3F 5B 00 4D 44 30 42 31 20   U~~P?Zu?[~MD0B1 
20 20 20 20 20 00 09 4E 3F 5A 75 3F 5B 00 40 44        ~~N?Zu?[~@D
30 42 31 20 20 20 50 45 55 00 00 0F 12 5A 75 3F   0B1   PEU~~~~Zu?
5B 00 20 44 30 42 31 20 20 20 41 34 20 00 00 10   [~ D0B1   A4 ~~~
3F 5A 75 3F 5B 00 55 44 30 42 31 49 30 20 54 45   ?Zu?[~UD0B1I0 TE
4C 00 09 50 5E 5A 75 3F 5B 00 36 44 30 42 32 20   L~~P^Zu?[~6D0B2 
20 20 43 56 31 00 00 58 3F 5A 75 3F 5B 00 65 44     CV1~~X?Zu?[~eD
30 42 31 50 5A 20 36 33 33 00 00 4E 3F 5A 75 3F   0B1PZ 633~~N?Zu?
5B 00 32 44 30 42 31 20 20 20 57 47 20 00 09 4F   [~2D0B1   WG ~~O
31 5A 75 3F 5B 00 3A 44 30 42 31 37 39 20 39 39   1Zu?[~:D0B179 99
39 00 00 10 3F 5A 75 3F 5B 00 10 44 30 42 32 20   9~~~?Zu?[~~D0B2 
20 20 4D 43 41 00 00 46 20 5A 75 3F 5B 00 25 44     MCA~~F Zu?[~%D
30 45 31 4E 31 20 43 4F 4D 00 00 3D 3F 5A 75 3F   0E1N1 COM~~=?Zu?
5B 00 1D 44 30 42 31 37 36 20 4F 48 50 00 00 58   [~~D0B176 OHP~~X
3F 5A 75 3F 5C 00 56 44 30 42 31 20 20 20 36 33   ?Zu?\~VD0B1   63
33 00 00 46 20 5A 75 3F 5C 00 39 44 30 45 31 20   3~~F Zu?\~9D0E1 
20 20 43 4F 4D 00 00 42 72 5A 75 3F 5C 00 16 44     COM~~BrZu?\~~D
30 42 32 20 20 20 43 49 4D 00 00 4E 3F 5A 75 3F   0B2   CIM~~N?Zu?
5C 00 38 44 30 42 31 37 39 20 49 53 20 00 00 10   \~8D0B179 IS ~~~
3F 5A 75 3F 5C 00 3A 44 30 42 31 20 20 20 41 44   ?Zu?\~:D0B1   AD
56 00 00 48 7B 5A 75 3F 5C 00 3F 44 30 42 31 20   V~~H{Zu?\~?D0B1 
20 20 30 31 38 00 09 4E 3F 5A 75 3F 5C 00 19 44     018~~N?Zu?\~~D
30 42 32 20 20 20 50 45 55 00 00 1C 6B 5A 75 3F   0B2   PEU~~~kZu?
5C 00 01 44 30 42 32 20 20 20 20 20 20 00 00 10   \~~D0B2      ~~~
3F 5A 75 3F 5C 00 2D 44 30 42 31 20 20 20 41 44   ?Zu?\~-D0B1   AD
56 00 09 4F 3F 5A 75 3F 5C 00 2F 44 30 42 31 37   V~~O?Zu?\~/D0B17
30 20 39 39 39 00 00 3C 3F 5A 75 3F 5C 00 25 44   0 999~~<?Zu?\~%D
30 42 31 37 39 20 30 33 32 00 09 50 5E 5A 75 3F   0B179 032~~P^Zu?
5C 00 3F 44 30 42 31 20 20 20 43 56 31 00 00 10   \~?D0B1   CV1~~~
3F 5A 75 3F 5C 00 37 44 30 42 31 20 20 20 41 44   ?Zu?\~7D0B1   AD
56 00 09 4F 3F 5A 75 3F 5C 00 3E 44 30 42 31 20   V~~O?Zu?\~>D0B1 
20 20 39 39 39 00 00 10 3F 5A 75 3F 5C 00 28 44     999~~~?Zu?\~(D
30 42 31 20 20 20 4D 45 44 00 09 4F 3F 5A 75 3F   0B1   MED~~O?Zu?
5C 00 2A 44 30 42 31 20 20 20 39 39 39 00 09 51   \~*D0B1   999~~Q
2A 5A 75 3F 5C 00 5D 44 30 42 31 20 20 20 4E 56   *Zu?\~]D0B1   NV
54 00 09 4E 3F 5A 75 3F 5C 00 27 44 30 42 31 37   T~~N?Zu?\~'D0B17
36 20 50 45 55 00 00 10 3F 5A 75 3F 5C 00 32 44   6 PEU~~~?Zu?\~2D
30 42 31 37 36 20 37 37 39 00 00 0F 12 5A 75 3F   0B176 779~~~~Zu?
5C 00 23 44 30 42 31 37 30 20 41 34 20 00 09 51   \~#D0B170 A4 ~~Q
2A 5A 75 3F 5C 00 4A 44 30 42 31 20 20 20 4D 43   *Zu?\~JD0B1   MC
44 00 00 3C 3F 5A 75 3F 5C 00 49 44 30 42 31 20   D~~<?Zu?\~ID0B1 
20 20 30 33 32 00 00 17 3F 5A 75 3F 5C 00 3F 44     032~~~?Zu?\~?D
30 42 31 20 20 20 4D 53 43 00 00 4E 3F 5A 75 3F   0B1   MSC~~N?Zu?
5C 00 12 44 30 42 32 20 20 20 49 52 58 00 09 4E   \~~D0B2   IRX~~N
3F 5A 75 3F 5C 00 44 44 30 42 31 37 30 20 20 20   ?Zu?\~DD0B170   
20 00 09 51 2A 5A 75 3F 5D 00 3F 44 30 42 31 20    ~~Q*Zu?]~?D0B1 
20 20 4E 56 54 00 09 4E 3F 5A 75 3F 5D 00 28 44     NVT~~N?Zu?]~(D
30 42 31 20 20 20 4D 45 44 00 09 4F 31 5A 75 3F   0B1   MED~~O1Zu?
5D 00 2E 44 30 42 31 20 20 20 39 39 39 00 00 42   ]~.D0B1   999~~B
72 5A 75 3F 5D 00 3C 44 30 42 31 20 20 20 30 35   rZu?]~<D0B1   05
31 00 00 4E 3F 5A 75 3F 5D 00 10 44 30 42 32 20   1~~N?Zu?]~~D0B2 
20 20 49 53 20 00 00 5E 3F 5A 75 3F 5D 00 21 44     IS ~~^?Zu?]~!D
30 42 32 20 20 20 4F 48 52 00 09 4E 3F 5A 75 3F   0B2   OHR~~N?Zu?
5D 00 21 44 30 42 32 20 20 20 43 52 4B 00 09 4E   ]~!D0B2   CRK~~N
3F 5A 75 3F 5D 00 2D 44 30 42 31 20 20 20 50 45   ?Zu?]~-D0B1   PE
55 00 00 12 4A 5A 75 3F 5D 00 3F 44 30 42 31 20   U~~~JZu?]~?D0B1 
20 20 43 4E 20 00 00 10 3F 5A 75 3F 5D 00 32 44     CN ~~~?Zu?]~2D
30 42 31 20 20 20 4D 45 44 00 09 50 3F 5A 75 3F   0B1   MED~~P?Zu?
5D 00 34 44 30 42 31 37 30 20 34 37 30 00 00 10   ]~4D0B170 470~~~
3F 5A 75 3F 5D 00 2F 44 30 42 31 37 39 20 41 44   ?Zu?]~/D0B179 AD
56 00 00 1C 6B 5A 75 3F 5D 00 01 44 30 42 31 20   V~~~kZu?]~~D0B1 
20 20 20 20 20 00 00 10 3F 5A 75 3F 5D 00 40 44        ~~~?Zu?]~@D
30 42 31 20 20 20 41 44 56 00 00 10 3F 5A 75 3F   0B1   ADV~~~?Zu?
5D 00 0C 44 30 42 32 20 20 20 4D 45 44 00 09 4F   ]~~D0B2   MED~~O
31 5A 75 3F 5D 00 40 44 30 42 31 20 20 20 39 39   1Zu?]~@D0B1   99
39 00 00 3C 3F 5A 75 3F 5D 00 57 44 30 42 31 20   9~~<?Zu?]~WD0B1 
20 20 41 53 50 00 00 1C 6B 5A 75 3F 5D 00 01 44     ASP~~~kZu?]~~D
30 42 32 20 20 20 20 20 20 00 09 4F 31 5A 75 3F   0B2      ~~O1Zu?
5E 00 38 44 30 42 31 20 20 20 39 39 39 00 09 52   ^~8D0B1   999~~R
0E 5A 75 3F 5E 00 22 44 30 42 31 20 20 20 52 52   ~Zu?^~"D0B1   RR
58 00 00 10 3F 5A 75 3F 5E 00 1F 44 30 42 32 20   X~~~?Zu?^~~D0B2 
20 20 41 44 56 00 00 46 20 5A 75 3F 5E 00 42 44     ADV~~F Zu?^~BD
30 45 31 20 20 20 43 4F 4D 00 00 10 3F 5A 75 3F   0E1   COM~~~?Zu?
5E 00 13 44 30 42 32 20 20 20 41 44 56 00 09 4F   ^~~D0B2   ADV~~O
31 5A 75 3F 5E 00 1D 44 30 42 32 20 20 20 39 39   1Zu?^~~D0B2   99
39 00 00 0F 12 5A 75 3F 5E 00 11 44 30 42 32 20   9~~~~Zu?^~~D0B2 
20 20 41 34 20 00 00 10 3F 5A 75 3F 5E 00 31 44     A4 ~~~?Zu?^~1D
30 42 31 20 20 20 4D 43 41 00 09 50 5E 5A 75 3F   0B1   MCA~~P^Zu?
5E 00 3F 44 30 42 31 20 20 20 43 56 31 00 00 3C   ^~?D0B1   CV1~~<
3F 5A 75 3F 5E 00 50 44 30 42 31 20 20 20 41 53   ?Zu?^~PD0B1   AS
50 00 09 4E 3F 5A 75 3F 5E 00 21 44 30 42 31 36   P~~N?Zu?^~!D0B16
39 20 4D 45 44 00 00 46 20 5A 75 3F 5E 00 26 44   9 MED~~F Zu?^~&D
30 45 31 4E 31 20 43 4F 4D 00 09 4E 3F 5A 75 3F   0E1N1 COM~~N?Zu?
5E 00 0B 44 30 42 32 20 20 20 50 45 55 00 00 3C   ^~~D0B2   PEU~~<
3F 5A 75 3F 5E 00 48 44 30 42 31 20 20 20 30 33   ?Zu?^~HD0B1   03
32 00 00 3C 3F 5A 75 3F 5E 00 29 44 30 42 31 20   2~~<?Zu?^~)D0B1 
20 20 30 33 32 00 00 58 3F 5A 75 3F 5E 00 31 44     032~~X?Zu?^~1D
30 42 31 34 31 20 36 33 33 00 00 10 3F 5A 75 3F   0B141 633~~~?Zu?
5E 00 13 44 30 42 32 20 20 20 41 44 56 00 09 50   ^~~D0B2   ADV~~P
3F 5A 75 3F 5E 00 2A 44 30 42 31 20 20 20 4D 45   ?Zu?^~*D0B1   ME
44 00 00 4E 3F 5A 75 3F 5E 00 2B 44 30 42 31 20   D~~N?Zu?^~+D0B1 
20 20 49 53 20 00 00 10 3F 5A 75 3F 5E 00 11 44     IS ~~~?Zu?^~~D
30 42 32 20 20 20 4D 45 44 00 00 2D 20 5A 75 3F   0B2   MED~~- Zu?
5E 00 23 44 30 42 31 34 31 20 49 4C 43 00 00 10   ^~#D0B141 ILC~~~
3F 5A 75 3F 5E 00 15 44 30 42 32 20 20 20 4D 45   ?Zu?^~~D0B2   ME
44 00 00 10 3F 5A 75 3F 5E 00 1A 44 30 42 32 20   D~~~?Zu?^~~D0B2 
20 20 37 37 39 00 00 58 3F 5A 75 3F 5F 00 1B 44     779~~X?Zu?_~~D
30 42 32 20 20 20 36 33 33 00 00 58 3F 5A 75 3F   0B2   633~~X?Zu?
5F 00 4C 44 30 42 31 20 20 20 36 33 33 00 00 1C   _~LD0B1   633~~~
6B 5A 75 3F 5F 00 06 44 30 42 31 20 20 20 20 20   kZu?_~~D0B1     
20 00 00 10 3F 5A 75 3F 5F 00 1B 44 30 42 32 20    ~~~?Zu?_~~D0B2 
20 20 41 44 56 00 00 46 20 5A 75 3F 5F 00 5A 44     ADV~~F Zu?_~ZD
30 45 31 20 20 20 43 4F 4D 00 00 58 3F 5A 75 3F   0E1   COM~~X?Zu?
5F 00 37 44 30 42 31 36 45 20 36 33 33 00 00 10   _~7D0B16E 633~~~
3F 5A 75 3F 5F 00 19 44 30 42 32 20 20 20 41 44   ?Zu?_~~D0B2   AD
56 00 00 46 20 5A 75 3F 5F 00 1F 44 30 45 31 20   V~~F Zu?_~~D0E1 
20 20 43 4F 4D 00 09 4E 3F 5A 75 3F 5F 00 61 44     COM~~N?Zu?_~aD
30 42 31 20 20 20 50 45 55 00 00 10 3F 5A 75 3F   0B1   PEU~~~?Zu?
5F 00 12 44 30 42 32 20 20 20 41 44 56 00 00 58   _~~D0B2   ADV~~X
3F 5A 75 3F 5F 00 76 44 30 42 32 20 20 20 36 33   ?Zu?_~vD0B2   63
33 00 09 51 1F 5A 75 3F 5F 00 24 44 30 42 31 20   3~~Q~Zu?_~$D0B1 
20 20 41 44 56 00 00 10 3F 5A 75 3F 5F 00 2D 44     ADV~~~?Zu?_~-D
30 42 31 20 20 20 41 44 56 00 00 10 3F 5A 75 3F   0B1   ADV~~~?Zu?
5F 00 15 44 30 42 32 20 20 20 41 44 56 00 09 50   _~~D0B2   ADV~~P
5E 5A 75 3F 5F 00 3F 44 30 42 31 20 20 20 43 56   ^Zu?_~?D0B1   CV
31 00 09 4E 3F 5A 75 3F 5F 00 26 44 30 42 31 20   1~~N?Zu?_~&D0B1 
20 20 50 45 55 00 00 10 3F 5A 75 3F 5F 00 2F 44     PEU~~~?Zu?_~/D
30 42 31 20 20 20 4D 45 44 00 00 4E 3F 5A 75 3F   0B1   MED~~N?Zu?
5F 00 20 44 30 42 31 36 39 20 57 47 20 00 00 4E   _~ D0B169 WG ~~N
3F 5A 75 3F 5F 00 16 44 30 42 32 20 20 20 49 53   ?Zu?_~~D0B2   IS
20 00 09 4F 3F 5A 75 3F 5F 00 32 44 30 42 31 20    ~~O?Zu?_~2D0B1 
20 20 46 45 50 00 00 46 20 5A 75 3F 5F 00 1A 44     FEP~~F Zu?_~~D
30 45 31 20 20 20 43 4F 4D 00 00 0E 01 5A 75 3F   0E1   COM~~~~Zu?
5F 00 78 44 30 42 31 35 30 20 37 30 30 00 00 33   _~xD0B150 700~~3
21 5A 75 3F 5F 00 28 44 30 42 31 38 35 20 43 4F   !Zu?_~(D0B185 CO
4D 00 00 4E 3F 5A 75 3F 5F 00 39 44 30 42 31 20   M~~N?Zu?_~9D0B1 
20 20 49 53 20 00 00 4E 3F 5A 75 3F 60 00 26 44     IS ~~N?Zu?`~&D
30 42 31 20 20 20 46 4D 20 00 09 4F 31 5A 75 3F   0B1   FM ~~O1Zu?
60 00 34 44 30 42 31 20 20 20 39 39 39 00 00 17   `~4D0B1   999~~~
3F 5A 75 3F 60 01 48 44 30 42 31 20 20 20 4D 53   ?Zu?`~HD0B1   MS
43 00 09 4F 31 5A 75 3F 60 00 35 44 30 42 31 37   C~~O1Zu?`~5D0B17
39 20 39 39 39 00 00 10 3F 5A 75 3F 60 00 4A 44   9 999~~~?Zu?`~JD
30 42 31 20 20 20 41 44 56 00 09 4E 3F 5A 75 3F   0B1   ADV~~N?Zu?
60 00 1C 44 30 42 32 20 20 20 50 45 55 00 00 10   `~~D0B2   PEU~~~
3F 5A 75 3F 60 00 2C 44 30 42 31 20 20 20 41 44   ?Zu?`~,D0B1   AD
56 00 00 10 3F 5A 75 3F 60 00 29 44 30 42 31 37   V~~~?Zu?`~)D0B17
30 20 4D 45 44 00 00 10 3F 5A 75 3F 60 00 2E 44   0 MED~~~?Zu?`~.D
30 42 31 20 20 20 41 44 56 00 00 4E 3F 5A 75 3F   0B1   ADV~~N?Zu?
60 00 2F 44 30 42 31 20 20 20 49 53 20 00 00 10   `~/D0B1   IS ~~~
3F 5A 75 3F 60 00 27 44 30 42 31 20 20 20 4D 43   ?Zu?`~'D0B1   MC
41 00 09 4E 3F 5A 75 3F 60 00 42 44 30 42 31 20   A~~N?Zu?`~BD0B1 
20 20 50 45 55 00 00 4E 3F 5A 75 3F 60 00 37 44     PEU~~N?Zu?`~7D
30 42 31 20 20 20 49 53 20 00 00 10 3F 5A 75 3F   0B1   IS ~~~?Zu?
60 00 0E 44 30 42 32 20 20 20 41 44 56 00 00 17   `~~D0B2   ADV~~~
3F 5A 75 3F 60 00 3F 44 30 42 32 20 20 20 4D 53   ?Zu?`~?D0B2   MS
43 00 00 58 3F 5A 75 3F 60 00 12 44 30 42 32 20   C~~X?Zu?`~~D0B2 
20 20 36 33 33 00 09 51 2A 5A 75 3F 60 00 33 44     633~~Q*Zu?`~3D
30 42 31 20 20 20 4E 56 54 00 00 10 3F 5A 75 3F   0B1   NVT~~~?Zu?
61 00 10 44 30 42 32 20 20 20 37 37 39 00 00 4E   a~~D0B2   779~~N
3F 5A 75 3F 61 00 3F 44 30 42 31 20 20 20 57 47   ?Zu?a~?D0B1   WG
20 00 00 4E 3F 5A 75 3F 61 00 30 44 30 42 31 37    ~~N?Zu?a~0D0B17
39 20 49 53 20 00 00 46 20 5A 75 3F 61 00 37 44   9 IS ~~F Zu?a~7D
30 45 31 20 20 20 43 4F 4D 00 00 5E 3F 5A 75 3F   0E1   COM~~^?Zu?
61 00 6C 44 30 42 31 20 20 20 4F 48 52 00 00 0F   a~lD0B1   OHR~~~
3F 5A 75 3F 61 00 3A 44 30 42 31 20 20 20 34 33   ?Zu?a~:D0B1   43
2D 00 00 1C 6B 5A 75 3F 61 00 01 44 30 42 31 20   -~~~kZu?a~~D0B1 
20 20 20 20 20 00 00 0F 12 5A 75 3F 61 00 22 44        ~~~~Zu?a~"D
30 42 31 20 20 20 4D 44 20 00 09 4E 3F 5A 75 3F   0B1   MD ~~N?Zu?
61 00 30 44 30 42 31 20 20 20 50 45 55 00 00 42   a~0D0B1   PEU~~B
72 5A 75 3F 61 00 25 44 30 42 31 36 39 20 30 35   rZu?a~%D0B169 05
31 00 00 10 3F 5A 75 3F 61 00 0B 44 30 42 32 20   1~~~?Zu?a~~D0B2 
20 20 4D 43 41 00 00 10 3F 5A 75 3F 61 00 22 44     MCA~~~?Zu?a~"D
30 42 31 37 39 20 41 44 56 00 00 1C 6B 5A 75 3F   0B179 ADV~~~kZu?
61 00 06 44 30 42 31 20 20 20 20 20 20 00 00 10   a~~D0B1      ~~~
3F 5A 75 3F 61 00 28 44 30 42 31 20 20 20 41 44   ?Zu?a~(D0B1   AD
56 00 09 4E 3F 5A 75 3F 61 00 27 44 30 42 31 30   V~~N?Zu?a~'D0B10
31 20 4D 45 44 00 00 58 3F 5A 75 3F 61 00 48 44   1 MED~~X?Zu?a~HD
30 42 31 37 36 20 36 33 33 00 00 10 3F 5A 75 3F   0B176 633~~~?Zu?
61 00 3C 44 30 42 31 37 30 20 37 37 39 00 00 42   a~<D0B170 779~~B
72 5A 75 3F 61 00 14 44 30 42 32 20 20 20 43 49   rZu?a~~D0B2   CI
4D 00 00 58 3F 5A 75 3F 61 00 3F 44 30 42 31 20   M~~X?Zu?a~?D0B1 
20 20 36 33 33 00 00 2E 5B 5A 75 3F 61 00 27 44     633~~.[Zu?a~'D
30 42 32 20 20 20 20 20 20 00 09 4E 3F 5A 75 3F   0B2      ~~N?Zu?
62 00 14 44 30 42 32 20 20 20 50 45 55 00 09 4E   b~~D0B2   PEU~~N
3F 5A 75 3F 62 00 2F 44 30 42 31 20 20 20 50 45   ?Zu?b~/D0B1   PE
55 00 09 4F 31 5A 75 3F 62 00 3B 44 30 42 31 37   U~~O1Zu?b~;D0B17
30 20 39 39 39 00 00 10 3F 5A 75 3F 62 00 2B 44   0 999~~~?Zu?b~+D
30 42 31 20 20 20 4D 45 44 00 00 10 3F 5A 75 3F   0B1   MED~~~?Zu?
62 00 67 44 30 42 31 20 20 20 41 44 56 00 00 58   b~gD0B1   ADV~~X
3F 5A 75 3F 62 00 35 44 30 42 31 34 31 20 36 33   ?Zu?b~5D0B141 63
33 00 00 58 3F 5A 75 3F 62 00 5A 44 30 42 31 20   3~~X?Zu?b~ZD0B1 
20 20 36 33 33 00 00 3C 3F 5A 75 3F 62 00 50 44     633~~<?Zu?b~PD
30 42 31 20 20 20 30 33 32 00 00 58 3F 5A 75 3F   0B1   032~~X?Zu?
62 00 4B 44 30 42 31 20 20 20 36 33 33 00 00 1C   b~KD0B1   633~~~
6B 5A 75 3F 62 00 06 44 30 42 31 20 20 20 20 20   kZu?b~~D0B1     
20 00 00 5E 3F 5A 75 3F 62 00 76 44 30 42 31 20    ~~^?Zu?b~vD0B1 
20 20 4F 48 52 00 00 26 3F 5A 75 3F 62 00 61 44     OHR~~&?Zu?b~aD
30 42 31 20 20 20 52 4F 49 00 00 0E 01 5A 75 3F   0B1   ROI~~~~Zu?
62 00 54 44 30 42 31 37 39 20 41 53 50 00 09 4F   b~TD0B179 ASP~~O
3F 5A 75 3F 62 00 15 44 30 42 32 20 20 20 46 45   ?Zu?b~~D0B2   FE
50 00 00 1C 6B 5A 75 3F 62 00 06 44 30 42 32 20   P~~~kZu?b~~D0B2 
20 20 20 20 20 00 00 10 3F 5A 75 3F 62 00 33 44        ~~~?Zu?b~3D
30 42 31 20 20 20 41 44 56 00 00 10 3F 5A 75 3F   0B1   ADV~~~?Zu?
62 00 29 44 30 42 31 32 31 20 41 44 56 00 00 10   b~)D0B121 ADV~~~
3F 5A 75 3F 62 00 2A 44 30 42 31 37 35 20 41 44   ?Zu?b~*D0B175 AD
56 00 00 4E 3F 5A 75 3F 62 00 39 44 30 42 31 20   V~~N?Zu?b~9D0B1 
20 20 57 47 20 00 00 58 3F 5A 75 3F 62 00 2E 44     WG ~~X?Zu?b~.D
30 42 31 34 31 20 36 33 33 00 00 33 21 5A 75 3F   0B141 633~~3!Zu?
62 00 1E 44 30 42 31 36 39 20 4D 43 41 00 00 46   b~~D0B169 MCA~~F
20 5A 75 3F 62 00 37 44 30 45 31 20 20 20 43 4F    Zu?b~7D0E1   CO
4D 00 00 62 3F 5A 75 3F 62 00 70 44 30 42 31 45   M~~b?Zu?b~pD0B1E
37 20 44 52 4D 00 00 10 3F 5A 75 3F 62 00 39 44   7 DRM~~~?Zu?b~9D
30 42 31 20 20 20 41 44 56 00 00 42 72 5A 75 3F   0B1   ADV~~BrZu?
63 00 34 44 30 42 31 20 20 20 30 32 31 00 00 4E   c~4D0B1   021~~N
3F 5A 75 3F 63 00 29 44 30 42 31 20 20 20 49 53   ?Zu?c~)D0B1   IS
20 00 00 46 20 5A 75 3F 63 00 1F 44 30 45 31 4E    ~~F Zu?c~~D0E1N
31 20 43 4F 4D 00 00 1C 6B 5A 75 3F 63 00 05 44   1 COM~~~kZu?c~~D
30 42 32 20 20 20 20 20 20 00 09 4E 3F 5A 75 3F   0B2      ~~N?Zu?
63 00 35 44 30 42 31 20 20 20 50 45 55 00 00 3C   c~5D0B1   PEU~~<
3F 5A 75 3F 63 00 0E 44 30 42 32 20 20 20 30 33   ?Zu?c~~D0B2   03
32 00 00 1C 6B 5A 75 3F 63 00 06 44 30 42 31 20   2~~~kZu?c~~D0B1 
20 20 20 20 20 00 00 46 20 5A 75 3F 63 00 08 44        ~~F Zu?c~~D
30 45 31 4E 31 20 43 4F 4D 00 00 10 3F 5A 75 3F   0E1N1 COM~~~?Zu?
63 00 21 44 30 42 31 20 20 20 41 44 56 00 00 42   c~!D0B1   ADV~~B
72 5A 75 3F 63 00 36 44 30 42 31 37 33 20 30 32   rZu?c~6D0B173 02
31 00 00 10 3F 5A 75 3F 63 00 14 44 30 42 32 20   1~~~?Zu?c~~D0B2 
20 20 41 44 56 00 00 10 3F 5A 75 3F 63 00 25 44     ADV~~~?Zu?c~%D
30 42 31 38 35 20 41 44 56 00 00 10 3F 5A 75 3F   0B185 ADV~~~?Zu?
63 00 0E 44 30 42 32 20 20 20 4D 45 44 00 00 10   c~~D0B2   MED~~~
3F 5A 75 3F 63 00 44 44 30 42 31 20 20 20 41 44   ?Zu?c~DD0B1   AD
56 00 00 10 3F 5A 75 3F 63 00 15 44 30 42 32 20   V~~~?Zu?c~~D0B2 
20 20 4D 45 44 00 09 33 3F 5A 75 3F 63 00 28 44     MED~~3?Zu?c~(D
30 42 31 20 20 20 42 41 5A 00 00 4E 3F 5A 75 3F   0B1   BAZ~~N?Zu?
63 00 2B 44 30 42 31 20 20 20 49 53 20 00 00 3C   c~+D0B1   IS ~~<
3F 5A 75 3F 63 00 2D 44 30 42 31 37 39 20 30 33   ?Zu?c~-D0B179 03
32 00 00 46 20 5A 75 3F 63 00 32 44 30 45 31 20   2~~F Zu?c~2D0E1 
20 20 43 4F 4D 00 00 42 72 5A 75 3F 63 00 31 44     COM~~BrZu?c~1D
30 42 31 20 20 20 30 35 31 00 00 33 21 5A 75 3F   0B1   051~~3!Zu?
63 00 23 44 30 42 31 20 20 20 43 4F 4D 00 00 10   c~#D0B1   COM~~~
3F 5A 75 3F 63 00 1F 44 30 42 32 20 20 20 41 44   ?Zu?c~~D0B2   AD
56 00 09 4E 3F 5A 75 3F 63 00 4F 44 30 42 31 20   V~~N?Zu?c~OD0B1 
20 20 49 52 58 00 00 3C 3F 5A 75 3F 63 00 30 44     IRX~~<?Zu?c~0D
30 42 31 37 39 20 30 33 32 00 09 4E 3F 5A 75 3F   0B179 032~~N?Zu?
64 00 21 44 30 42 31 37 58 20 50 45 55 00 09 4F   d~!D0B17X PEU~~O
24 5A 75 3F 64 00 23 44 30 42 32 20 20 20 44 52   $Zu?d~#D0B2   DR
57 00 09 51 1F 5A 75 3F 64 00 1F 44 30 42 31 20   W~~Q~Zu?d~~D0B1 
20 20 41 44 56 00 00 10 3F 5A 75 3F 64 00 23 44     ADV~~~?Zu?d~#D
30 42 31 20 20 20 4D 45 44 00 00 37 63 5A 75 3F   0B1   MED~~7cZu?
64 00 2D 44 30 42 32 20 20 20 39 37 34 00 00 10   d~-D0B2   974~~~
3F 5A 75 3F 64 00 22 44 30 42 31 38 31 38 4D 45   ?Zu?d~"D0B1818ME
44 00 00 4D 3F 5A 75 3F 64 00 5B 44 30 42 32 20   D~~M?Zu?d~[D0B2 
20 20 48 48 31 00 09 4E 3F 5A 75 3F 64 00 33 44     HH1~~N?Zu?d~3D
30 42 31 20 20 20 49 52 58 00 09 4F 31 5A 75 3F   0B1   IRX~~O1Zu?
64 00 37 44 30 42 31 20 20 20 39 39 39 00 00 58   d~7D0B1   999~~X
3F 5A 75 3F 64 00 63 44 30 42 31 20 20 20 36 33   ?Zu?d~cD0B1   63
33 00 00 4E 3F 5A 75 3F 64 00 2E 44 30 42 31 37   3~~N?Zu?d~.D0B17
39 20 49 53 20 00 09 50 3F 5A 75 3F 64 00 1D 44   9 IS ~~P?Zu?d~~D
30 42 32 20 20 20 30 30 36 00 00 10 3F 5A 75 3F   0B2   006~~~?Zu?
64 00 11 44 30 42 32 20 20 20 37 37 39 00 00 10   d~~D0B2   779~~~
3F 5A 75 3F 64 00 5F 44 30 42 31 38 38 20 41 44   ?Zu?d~_D0B188 AD
56 00 09 50 3F 5A 75 3F 64 00 46 44 30 42 31 20   V~~P?Zu?d~FD0B1 
20 20 30 30 36 00 00 10 3F 5A 75 3F 64 00 31 44     006~~~?Zu?d~1D
30 42 31 38 38 20 4D 45 44 00 00 10 3F 5A 75 3F   0B188 MED~~~?Zu?
64 00 10 44 30 42 32 20 20 20 41 44 56 00 00 10   d~~D0B2   ADV~~~
3F 5A 75 3F 64 00 28 44 30 42 31 37 39 20 4D 45   ?Zu?d~(D0B179 ME
44 00 00 50 41 5A 75 3F 64 00 2C 44 30 42 32 20   D~~PAZu?d~,D0B2 
20 20 52 58 41 00 00 10 3F 5A 75 3F 64 00 41 44     RXA~~~?Zu?d~AD
30 42 31 20 20 20 41 44 56 00 00 10 3F 5A 75 3F   0B1   ADV~~~?Zu?
64 00 0A 44 30 42 32 20 20 20 4D 43 41 00 00 10   d~~D0B2   MCA~~~
3F 5A 75 3F 65 00 2F 44 30 42 31 20 20 20 4D 45   ?Zu?e~/D0B1   ME
44 00 09 29 6C 5A 75 3F 65 00 1C 44 30 42 31 20   D~~)lZu?e~~D0B1 
20 20 30 36 38 00 00 10 3F 5A 75 3F 65 00 7F 44     068~~~?Zu?e~~D
30 42 31 20 20 20 54 45 4C 00 09 50 3F 5A 75 3F   0B1   TEL~~P?Zu?
65 00 0C 44 30 42 32 20 20 20 4D 45 44 00 09 29   e~~D0B2   MED~~)
6A 5A 75 3F 65 00 3F 44 30 42 31 20 20 20 35 34   jZu?e~?D0B1   54
20 00 09 51 2A 5A 75 3F 65 00 24 44 30 42 32 20    ~~Q*Zu?e~$D0B2 
20 20 4D 43 44 00 00 4E 3F 5A 75 3F 65 00 0D 44     MCD~~N?Zu?e~~D
30 42 32 20 20 20 49 53 20 00 00 4A 3F 5A 75 3F   0B2   IS ~~J?Zu?
65 00 2D 44 30 42 31 37 36 20 43 4E 52 00 09 4E   e~-D0B176 CNR~~N
3F 5A 75 3F 65 00 3F 44 30 42 31 37 35 20 49 52   ?Zu?e~?D0B175 IR
58 00 00 3C 3F 5A 75 3F 65 00 1E 44 30 42 31 37   X~~<?Zu?e~~D0B17
39 20 30 33 32 00 09 4F 31 5A 75 3F 65 00 12 44   9 032~~O1Zu?e~~D
30 42 32 20 20 20 39 39 39 00 09 4E 3F 5A 75 3F   0B2   999~~N?Zu?
65 00 2B 44 30 42 31 20 20 20 20 20 20 00 09 4F   e~+D0B1      ~~O
3F 5A 75 3F 65 00 32 44 30 42 31 37 30 20 46 45   ?Zu?e~2D0B170 FE
50 00 09 50 3F 5A 75 3F 65 00 2A 44 30 42 31 20   P~~P?Zu?e~*D0B1 
20 20 4D 45 44 00 09 4E 3F 5A 75 3F 65 00 1F 44     MED~~N?Zu?e~~D
30 42 31 35 30 20 49 52 58 00 00 10 3F 5A 75 3F   0B150 IRX~~~?Zu?
65 00 0E 44 30 42 32 20 20 20 41 44 56 00 00 4E   e~~D0B2   ADV~~N
3F 5A 75 3F 65 00 31 44 30 42 31 20 20 20 49 53   ?Zu?e~1D0B1   IS
20 00 00 0F 12 5A 75 3F 65 00 21 44 30 42 31 20    ~~~~Zu?e~!D0B1 
20 20 4D 44 20 00 09 4E 3F 5A 75 3F 65 00 0E 44     MD ~~N?Zu?e~~D
30 42 32 20 20 20 50 45 55 00 00 3C 3F 5A 75 3F   0B2   PEU~~<?Zu?
65 00 2E 44 30 42 31 20 20 20 30 33 32 00 00 10   e~.D0B1   032~~~
3F 5A 75 3F 65 00 2F 44 30 42 31 20 20 20 4D 45   ?Zu?e~/D0B1   ME
44 00 09 4E 3F 5A 75 3F 66 00 5C 44 30 42 31 37   D~~N?Zu?f~\D0B17
35 20 50 44 4D 00 00 10 3F 5A 75 3F 66 00 34 44   5 PDM~~~?Zu?f~4D
30 42 31 37 30 20 4D 45 44 00 00 58 3F 5A 75 3F   0B170 MED~~X?Zu?
66 00 12 44 30 42 32 20 20 20 36 33 33 00 09 50   f~~D0B2   633~~P
5E 5A 75 3F 66 00 69 44 30 42 32 20 20 20 43 56   ^Zu?f~iD0B2   CV
31 00 00 46 20 5A 75 3F 66 00 32 44 30 45 31 4E   1~~F Zu?f~2D0E1N
31 20 43 4F 4D 00 00 0F 12 5A 75 3F 66 00 2C 44   1 COM~~~~Zu?f~,D
30 42 31 20 20 20 41 34 20 00 00 48 3F 5A 75 3F   0B1   A4 ~~H?Zu?
66 00 21 44 30 42 31 20 20 20 48 45 4C 00 00 0F   f~!D0B1   HEL~~~
12 5A 75 3F 66 00 25 44 30 42 31 37 39 20 41 34   ~Zu?f~%D0B179 A4
20 00 00 10 3F 5A 75 3F 66 00 10 44 30 42 32 20    ~~~?Zu?f~~D0B2 
20 20 4D 45 44 00 09 51 2A 5A 75 3F 66 00 55 44     MED~~Q*Zu?f~UD
30 42 31 20 20 20 4E 56 54 00 00 10 3F 5A 75 3F   0B1   NVT~~~?Zu?
66 00 4A 44 30 42 31 20 20 20 4D 45 44 00 09 51   f~JD0B1   MED~~Q
2A 5A 75 3F 66 00 70 44 30 42 31 20 20 20 4E 56   *Zu?f~pD0B1   NV
54 00 09 29 3F 5A 75 3F 66 00 36 44 30 42 31 20   T~~)?Zu?f~6D0B1 
20 20 37 37 37 00 09 4E 3F 5A 75 3F 66 00 2C 44     777~~N?Zu?f~,D
30 42 31 20 20 20 50 45 55 00 00 58 3F 5A 75 3F   0B1   PEU~~X?Zu?
66 00 56 44 30 42 32 20 20 20 36 33 33 00 00 10   f~VD0B2   633~~~
3F 5A 75 3F 66 00 22 44 30 42 31 38 35 20 41 44   ?Zu?f~"D0B185 AD
56 00 00 10 3F 5A 75 3F 66 00 0B 44 30 42 32 20   V~~~?Zu?f~~D0B2 
20 20 52 58 53 00 00 10 3F 5A 75 3F 66 00 25 44     RXS~~~?Zu?f~%D
30 42 31 20 20 20 41 44 56 00 00 10 3F 5A 75 3F   0B1   ADV~~~?Zu?
66 00 38 44 30 42 31 37 30 20 4D 45 44 00 00 58   f~8D0B170 MED~~X
3F 5A 75 3F 66 00 66 44 30 42 31 20 20 20 36 33   ?Zu?f~fD0B1   63
33 00 09 4E 3F 5A 75 3F 66 00 14 44 30 42 32 20   3~~N?Zu?f~~D0B2 
20 20 49 52 58 00 00 0F 12 5A 75 3F 67 00 33 44     IRX~~~~Zu?g~3D
30 42 31 20 20 20 41 34 20 00 00 58 3F 5A 75 3F   0B1   A4 ~~X?Zu?
67 00 6D 44 30 42 32 20 20 20 36 33 33 00 00 10   g~mD0B2   633~~~
3F 5A 75 3F 67 00 29 44 30 42 31 20 20 20 41 44   ?Zu?g~)D0B1   AD
56 00 00 58 3F 5A 75 3F 67 00 52 44 30 42 31 20   V~~X?Zu?g~RD0B1 
20 20 36 33 33 00 09 4F 3F 5A 75 3F 67 00 34 44     633~~O?Zu?g~4D
30 42 31 37 36 20 39 39 39 00 00 2D 20 5A 75 3F   0B176 999~~- Zu?
67 00 0E 44 30 42 32 20 20 20 49 4C 44 00 09 4E   g~~D0B2   ILD~~N
3F 5A 75 3F 67 00 33 44 30 42 31 37 36 20 49 52   ?Zu?g~3D0B176 IR
58 00 00 0E 01 5A 75 3F 67 00 21 44 30 42 31 30   X~~~~Zu?g~!D0B10
36 20 41 53 50 00 00 10 3F 5A 75 3F 67 00 16 44   6 ASP~~~?Zu?g~~D
30 42 32 20 20 20 41 44 56 00 00 58 3F 5A 75 3F   0B2   ADV~~X?Zu?
67 00 51 44 30 42 31 20 20 20 36 33 33 00 00 58   g~QD0B1   633~~X
3F 5A 75 3F 67 00 58 44 30 42 31 20 20 20 36 33   ?Zu?g~XD0B1   63
33 00 00 46 20 5A 75 3F 67 00 25 44 30 45 31 20   3~~F Zu?g~%D0E1 
20 20 43 4F 4D 00 00 10 3F 5A 75 3F 67 00 40 44     COM~~~?Zu?g~@D
30 42 31 20 20 20 41 44 56 00 00 3C 3F 5A 75 3F   0B1   ADV~~<?Zu?
67 00 57 44 30 42 31 37 39 20 41 53 50 00 00 10   g~WD0B179 ASP~~~
3F 5A 75 3F 67 00 2D 44 30 42 31 20 20 20 41 44   ?Zu?g~-D0B1   AD
56 00 00 58 3F 5A 75 3F 67 00 30 44 30 42 31 34   V~~X?Zu?g~0D0B14
31 20 36 33 33 00 00 58 3F 5A 75 3F 67 00 3F 44   1 633~~X?Zu?g~?D
30 42 31 38 38 20 36 33 33 00 00 10 3F 5A 75 3F   0B188 633~~~?Zu?
67 00 27 44 30 42 31 20 20 20 4D 45 44 00 09 4E   g~'D0B1   MED~~N
3F 5A 75 3F 68 00 46 44 30 42 31 20 20 20 20 20   ?Zu?h~FD0B1     
20 00 00 10 3F 5A 75 3F 68 00 31 44 30 42 31 37    ~~~?Zu?h~1D0B17
30 20 4D 43 41 00 00 10 3F 5A 75 3F 68 00 27 44   0 MCA~~~?Zu?h~'D
30 42 31 20 20 20 41 44 56 00 00 43 3F 5A 75 3F   0B1   ADV~~C?Zu?
68 00 74 44 30 42 31 35 31 20 39 39 39 00 00 10   h~tD0B151 999~~~
3F 5A 75 3F 68 00 27 44 30 42 31 20 20 20 41 44   ?Zu?h~'D0B1   AD
56 00 00 10 3F 5A 75 3F 68 00 0C 44 30 42 32 20   V~~~?Zu?h~~D0B2 
20 20 4D 45 44 00 00 42 72 5A 75 3F 68 00 35 44     MED~~BrZu?h~5D
30 42 31 20 20 20 43 49 4D 00 00 58 3F 5A 75 3F   0B1   CIM~~X?Zu?
68 00 52 44 30 42 31 20 20 20 36 33 33 00 00 10   h~RD0B1   633~~~
3F 5A 75 3F 68 00 23 44 30 42 32 20 20 20 41 44   ?Zu?h~#D0B2   AD
56 00 09 4E 3F 5A 75 3F 68 00 23 44 30 42 31 41   V~~N?Zu?h~#D0B1A
44 20 50 45 55 00 00 10 3F 5A 75 3F 68 00 0E 44   D PEU~~~?Zu?h~~D
30 42 32 20 20 20 4D 43 41 00 00 46 20 5A 75 3F   0B2   MCA~~F Zu?
68 00 22 44 30 45 31 4E 31 20 43 4F 4D 00 00 4E   h~"D0E1N1 COM~~N
3F 5A 75 3F 68 00 25 44 30 42 31 34 31 20 49 4E   ?Zu?h~%D0B141 IN
20 00 09 4F 3F 5A 75 3F 68 00 29 44 30 42 31 20    ~~O?Zu?h~)D0B1 
20 20 39 39 39 00 00 10 3F 5A 75 3F 68 00 13 44     999~~~?Zu?h~~D
30 42 32 20 20 20 41 44 56 00 00 4E 3F 5A 75 3F   0B2   ADV~~N?Zu?
68 00 34 44 30 42 31 20 20 20 49 4E 20 00 00 10   h~4D0B1   IN ~~~
3F 5A 75 3F 68 00 31 44 30 42 31 37 39 20 41 44   ?Zu?h~1D0B179 AD
56 00 09 4E 3F 5A 75 3F 68 00 54 44 30 42 31 20   V~~N?Zu?h~TD0B1 
20 20 50 58 58 00 00 10 3F 5A 75 3F 68 00 42 44     PXX~~~?Zu?h~BD
30 42 31 20 20 20 37 37 39 00 00 1C 6B 5A 75 3F   0B1   779~~~kZu?
68 00 06 44 30 42 32 20 20 20 20 20 20 00 09 51   h~~D0B2      ~~Q
1F 5A 75 3F 69 00 0E 44 30 42 32 20 20 20 41 44   ~Zu?i~~D0B2   AD
56 00 00 2B 3F 5A 75 3F 69 00 46 44 30 42 31 35   V~~+?Zu?i~FD0B15
30 20 53 43 43 00 00 3C 3F 5A 75 3F 69 00 6B 44   0 SCC~~<?Zu?i~kD
30 42 31 20 20 20 30 33 32 00 09 29 6A 5A 75 3F   0B1   032~~)jZu?
69 00 3F 44 30 42 32 20 20 20 35 34 20 00 00 10   i~?D0B2   54 ~~~
3F 5A 75 3F 69 00 3C 44 30 42 31 20 20 20 41 44   ?Zu?i~<D0B1   AD
56 00 00 4B 3F 5A 75 3F 69 00 28 44 30 42 31 20   V~~K?Zu?i~(D0B1 
20 20 37 32 38 00 00 10 3F 5A 75 3F 69 00 37 44     728~~~?Zu?i~7D
30 42 32 20 20 20 54 45 4C 00 00 2B 3F 5A 75 3F   0B2   TEL~~+?Zu?
69 00 36 44 30 42 31 35 30 20 53 43 43 00 00 0E   i~6D0B150 SCC~~~
01 5A 75 3F 69 00 1B 44 30 42 32 20 20 20 41 53   ~Zu?i~~D0B2   AS
50 00 00 3C 3F 5A 75 3F 69 00 1C 44 30 42 32 20   P~~<?Zu?i~~D0B2 
20 20 30 33 32 00 00 0F 12 5A 75 3F 69 00 2B 44     032~~~~Zu?i~+D
30 42 31 20 20 20 41 34 20 00 09 51 2A 5A 75 3F   0B1   A4 ~~Q*Zu?
69 00 20 44 30 42 31 4E 31 20 4E 56 54 00 00 58   i~ D0B1N1 NVT~~X
3F 5A 75 3F 69 00 66 44 30 42 31 20 20 20 36 33   ?Zu?i~fD0B1   63
33 00 00 10 3F 5A 75 3F 69 00 0F 44 30 42 32 20   3~~~?Zu?i~~D0B2 
20 20 44 43 41 00 00 10 3F 5A 75 3F 69 00 4F 44     DCA~~~?Zu?i~OD
30 42 31 20 20 20 4D 45 44 00 00 4E 3F 5A 75 3F   0B1   MED~~N?Zu?
69 00 52 44 30 42 31 20 20 20 57 47 20 00 00 4E   i~RD0B1   WG ~~N
3F 5A 75 3F 69 00 27 44 30 42 31 20 20 20 49 53   ?Zu?i~'D0B1   IS
20 00 00 10 3F 5A 75 3F 6A 00 26 44 30 42 31 20    ~~~?Zu?j~&D0B1 
20 20 41 44 56 00 00 42 72 5A 75 3F 6A 00 25 44     ADV~~BrZu?j~%D
30 42 31 36 39 20 30 32 31 00 09 4F 3F 5A 75 3F   0B169 021~~O?Zu?
6A 00 25 44 30 42 31 20 20 20 39 39 39 00 00 10   j~%D0B1   999~~~
3F 5A 75 3F 6A 00 27 44 30 42 31 20 20 20 41 44   ?Zu?j~'D0B1   AD
56 00 00 10 3F 5A 75 3F 6A 00 0F 44 30 42 32 20   V~~~?Zu?j~~D0B2 
20 20 41 44 56 00 00 3C 3F 5A 75 3F 6A 00 3B 44     ADV~~<?Zu?j~;D
30 42 31 20 20 20 30 33 32 00 09 4F 3F 5A 75 3F   0B1   032~~O?Zu?
6A 00 38 44 30 42 31 20 20 20 39 39 39 00 00 58   j~8D0B1   999~~X
3F 5A 75 3F 6A 00 4F 44 30 42 31 20 20 20 36 33   ?Zu?j~OD0B1   63
33 00 00 10 3F 5A 75 3F 6A 00 12 44 30 42 32 20   3~~~?Zu?j~~D0B2 
20 20 4D 45 44 00 09 4E 3F 5A 75 3F 6A 00 42 44     MED~~N?Zu?j~BD
30 42 31 20 20 20 50 45 55 00 00 33 21 5A 75 3F   0B1   PEU~~3!Zu?
6A 00 19 44 30 42 32 20 20 20 43 4F 4D 00 09 51   j~~D0B2   COM~~Q
3F 5A 75 3F 6A 00 32 44 30 42 32 20 20 20 4A 54   ?Zu?j~2D0B2   JT
31 00 00 58 3F 5A 75 3F 6A 00 5A 44 30 42 31 20   1~~X?Zu?j~ZD0B1 
20 20 36 33 33 00 09 4E 3F 5A 75 3F 6A 00 0F 44     633~~N?Zu?j~~D
30 42 32 20 20 20 49 52 58 00 09 50 5E 5A 75 3F   0B2   IRX~~P^Zu?
6A 00 3F 44 30 42 31 20 20 20 43 56 31 00 00 10   j~?D0B1   CV1~~~
3F 5A 75 3F 6A 00 39 44 30 42 31 20 20 20 41 44   ?Zu?j~9D0B1   AD
56 00 09 50 3F 5A 75 3F 6A 00 25 44 30 42 31 37   V~~P?Zu?j~%D0B17
39 20 30 30 36 00 00 0F 12 5A 75 3F 6A 00 23 44   9 006~~~~Zu?j~#D
30 42 31 30 34 20 4D 44 58 00 00 10 3F 5A 75 3F   0B104 MDX~~~?Zu?
6A 00 1B 44 30 42 32 20 20 20 41 44 56 00 00 10   j~~D0B2   ADV~~~
3F 5A 75 3F 6B 00 2D 44 30 42 31 20 20 20 4D 45   ?Zu?k~-D0B1   ME
44 00 00 10 3F 5A 75 3F 6B 00 30 44 30 42 31 20   D~~~?Zu?k~0D0B1 
20 20 4D 45 44 00 00 1C 6B 5A 75 3F 6B 00 06 44     MED~~~kZu?k~~D
30 42 31 20 20 20 20 20 20 00 00 4E 3F 5A 75 3F   0B1      ~~N?Zu?
6B 00 40 44 30 42 31 20 20 20 57 47 20 00 09 50   k~@D0B1   WG ~~P
3F 5A 75 3F 6B 00 41 44 30 42 31 38 38 20 34 37   ?Zu?k~AD0B188 47
30 00 09 4F 31 5A 75 3F 6B 00 37 44 30 42 31 37   0~~O1Zu?k~7D0B17
30 20 39 39 39 00 00 10 3F 5A 75 3F 6B 00 17 44   0 999~~~?Zu?k~~D
30 42 32 20 20 20 4D 45 44 00 00 46 20 5A 75 3F   0B2   MED~~F Zu?
6B 00 44 44 30 45 31 4E 31 20 43 4F 4D 00 00 58   k~DD0E1N1 COM~~X
3F 5A 75 3F 6B 00 0C 44 30 42 31 38 35 20 36 33   ?Zu?k~~D0B185 63
33 00 09 4F 31 5A 75 3F 6B 00 30 44 30 42 31 20   3~~O1Zu?k~0D0B1 
20 20 39 39 39 00 00 33 21 5A 75 3F 6B 00 32 44     999~~3!Zu?k~2D
30 42 31 37 36 20 4D 43 41 00 09 4E 3F 5A 75 3F   0B176 MCA~~N?Zu?
6B 00 2B 44 30 42 31 20 20 20 49 52 58 00 00 0F   k~+D0B1   IRX~~~
12 5A 75 3F 6B 00 37 44 30 42 31 20 20 20 41 34   ~Zu?k~7D0B1   A4
20 00 09 4F 31 5A 75 3F 6B 00 3B 44 30 42 31 20    ~~O1Zu?k~;D0B1 
20 20 39 39 39 00 00 49 3F 5A 75 3F 6B 00 42 44     999~~I?Zu?k~BD
30 42 31 38 38 20 50 33 30 00 00 10 3F 5A 75 3F   0B188 P30~~~?Zu?
6B 00 2D 44 30 42 31 20 20 20 41 44 56 00 00 58   k~-D0B1   ADV~~X
3F 5A 75 3F 6B 00 26 44 30 42 32 20 20 20 33 39   ?Zu?k~&D0B2   39
33 00 00 10 3F 5A 75 3F 6B 00 37 44 30 42 31 20   3~~~?Zu?k~7D0B1 
20 20 41 44 56 00 09 51 2A 5A 75 3F 6C 00 4A 44     ADV~~Q*Zu?l~JD
30 42 31 20 20 20 4D 43 44 00 00 10 3F 5A 75 3F   0B1   MCD~~~?Zu?
6C 00 45 44 30 42 31 37 35 20 41 44 56 00 00 10   l~ED0B175 ADV~~~
3F 5A 75 3F 6C 00 33 44 30 42 31 20 20 20 4D 45   ?Zu?l~3D0B1   ME
44 00 00 4D 3F 5A 75 3F 6C 00 65 44 30 42 31 20   D~~M?Zu?l~eD0B1 
20 20 48 48 31 00 00 10 3F 5A 75 3F 6C 00 19 44     HH1~~~?Zu?l~~D
30 42 32 20 20 20 44 43 41 00 00 1C 6B 5A 75 3F   0B2   DCA~~~kZu?
6C 00 06 44 30 42 31 20 20 20 20 20 20 00 00 5E   l~~D0B1      ~~^
3F 5A 75 3F 6C 00 5D 44 30 42 31 20 20 20 4F 48   ?Zu?l~]D0B1   OH
52 00 09 4F 4F 5A 75 3F 6C 00 34 44 30 42 31 20   R~~OOZu?l~4D0B1 
20 20 30 31 39 00 09 51 2A 5A 75 3F 6C 00 2B 44     019~~Q*Zu?l~+D
30 42 32 20 20 20 4D 43 44 00 09 4E 3F 5A 75 3F   0B2   MCD~~N?Zu?
6C 00 36 44 30 42 31 20 20 20 49 52 58 00 00 10   l~6D0B1   IRX~~~
3F 5A 75 3F 6C 00 4E 44 30 42 31 20 20 20 41 44   ?Zu?l~ND0B1   AD
56 00 00 58 3F 5A 75 3F 6C 00 3F 44 30 42 31 20   V~~X?Zu?l~?D0B1 
20 20 36 33 33 00 00 17 3B 5A 75 3F 6C 00 2C 44     633~~~;Zu?l~,D
30 42 31 20 20 20 43 4C 41 00 09 4E 3F 5A 75 3F   0B1   CLA~~N?Zu?
6C 00 12 44 30 42 32 20 20 20 49 52 58 00 09 4F   l~~D0B2   IRX~~O
4F 5A 75 3F 6C 00 44 44 30 42 31 20 20 20 30 31   OZu?l~DD0B1   01
39 00 00 0E 01 5A 75 3F 6C 00 57 44 30 42 31 20   9~~~~Zu?l~WD0B1 
20 20 41 53 50 00 09 4F 31 5A 75 3F 6C 00 3D 44     ASP~~O1Zu?l~=D
30 42 31 37 39 20 39 39 39 00 00 5E 3F 5A 75 3F   0B179 999~~^?Zu?
6D 00 41 44 30 42 31 30 39 20 4F 48 52 00 00 10   m~AD0B109 OHR~~~
3F 5A 75 3F 6D 00 29 44 30 42 31 20 20 20 41 44   ?Zu?m~)D0B1   AD
56 00 09 4E 3F 5A 75 3F 6D 00 1C 44 30 42 31 20   V~~N?Zu?m~~D0B1 
20 20 50 45 55 00 09 4F 3F 5A 75 3F 6D 00 1F 44     PEU~~O?Zu?m~~D
30 42 31 20 20 20 39 39 39 00 00 10 3F 5A 75 3F   0B1   999~~~?Zu?
6D 00 0C 44 30 42 32 20 20 20 4D 45 44 00 00 10   m~~D0B2   MED~~~
3F 5A 75 3F 6D 00 2F 44 30 42 31 20 20 20 4D 45   ?Zu?m~/D0B1   ME
44 00 09 4F 3F 5A 75 3F 6D 00 32 44 30 42 31 20   D~~O?Zu?m~2D0B1 
20 20 39 39 39 00 09 4E 3F 5A 75 3F 6D 00 34 44     999~~N?Zu?m~4D
30 42 31 20 20 20 49 52 58 00 00 10 3F 5A 75 3F   0B1   IRX~~~?Zu?
6D 00 1C 44 30 42 32 20 20 20 37 37 39 00 00 10   m~~D0B2   779~~~
3F 5A 75 3F 6D 00 2F 44 30 42 31 20 20 20 41 44   ?Zu?m~/D0B1   AD
56 00 00 42 72 5A 75 3F 6D 00 28 44 30 42 31 20   V~~BrZu?m~(D0B1 
20 20 43 49 4D 00 09 51 1F 5A 75 3F 6D 00 2B 44     CIM~~Q~Zu?m~+D
30 42 31 20 20 20 41 44 56 00 09 4F 3F 5A 75 3F   0B1   ADV~~O?Zu?
6D 00 40 44 30 42 31 38 38 20 39 39 39 00 00 10   m~@D0B188 999~~~
3F 5A 75 3F 6D 00 3C 44 30 42 31 20 20 20 41 44   ?Zu?m~<D0B1   AD
56 00 09 4E 3F 5A 75 3F 6D 00 15 44 30 42 32 20   V~~N?Zu?m~~D0B2 
20 20 43 4F 52 00 00 58 3F 5A 75 3F 6E 00 5F 44     COR~~X?Zu?n~_D
30 42 31 20 20 20 36 33 33 00 00 10 3F 5A 75 3F   0B1   633~~~?Zu?
6E 00 32 44 30 42 31 20 20 20 41 44 56 00 00 10   n~2D0B1   ADV~~~
3F 5A 75 3F 6E 00 48 44 30 42 31 20 20 20 41 44   ?Zu?n~HD0B1   AD
56 00 00 10 3F 5A 75 3F 6E 00 27 44 30 42 31 20   V~~~?Zu?n~'D0B1 
20 20 41 44 56 00 00 58 3F 5A 75 3F 6E 00 29 44     ADV~~X?Zu?n~)D
30 42 32 20 20 20 36 33 33 00 00 17 3F 5A 75 3F   0B2   633~~~?Zu?
6E 00 6C 44 30 42 31 20 20 20 4D 53 43 00 09 4E   n~lD0B1   MSC~~N
3F 5A 75 3F 6E 00 2C 44 30 42 31 38 39 31 50 45   ?Zu?n~,D0B1891PE
55 00 00 1C 6B 5A 75 3F 6E 00 01 44 30 42 31 20   U~~~kZu?n~~D0B1 
20 20 20 20 20 00 00 0F 12 5A 75 3F 6E 00 3C 44        ~~~~Zu?n~<D
30 42 31 20 20 20 4D 44 20 00 00 1C 6B 5A 75 3F   0B1   MD ~~~kZu?
6E 00 01 44 30 42 32 20 20 20 20 20 20 00 00 10   n~~D0B2      ~~~
3F 5A 75 3F 6E 00 34 44 30 42 31 20 20 20 41 44   ?Zu?n~4D0B1   AD
56 00 00 10 3F 5A 75 3F 6E 00 38 44 30 42 31 38   V~~~?Zu?n~8D0B18
38 20 4D 45 44 00 00 58 3F 5A 75 3F 6E 00 11 44   8 MED~~X?Zu?n~~D
30 42 32 20 20 20 36 33 33 00 00 2E 5B 5A 75 3F   0B2   633~~.[Zu?
6E 01 3F 44 30 42 31 20 20 20 20 20 20 00 09 4F   n~?D0B1      ~~O
31 5A 75 3F 6E 00 32 44 30 42 31 37 39 20 39 39   1Zu?n~2D0B179 99
39 00 00 3C 3F 5A 75 3F 6E 00 1C 44 30 42 31 35   9~~<?Zu?n~~D0B15
36 39 30 33 32 00 09 51 2A 5A 75 3F 6E 00 7A 44   69032~~Q*Zu?n~zD
30 42 31 20 20 20 45 47 57 00 09 4E 3F 5A 75 3F   0B1   EGW~~N?Zu?
6E 00 26 44 30 42 31 20 20 20 4D 45 44 00 00 4E   n~&D0B1   MED~~N
3F 5A 75 3F 6E 00 2F 44 30 42 31 38 38 20 49 4E   ?Zu?n~/D0B188 IN
20 00 00 10 3F 5A 75 3F 6E 00 3C 44 30 42 31 20    ~~~?Zu?n~<D0B1 
20 20 41 44 56 00 00 58 3F 5A 75 3F 6E 00 12 44     ADV~~X?Zu?n~~D
30 42 32 20 20 20 36 33 33 00 09 4E 3F 5A 75 3F   0B2   633~~N?Zu?
6E 00 28 44 30 42 31 37 58 20 50 45 55 00 00 10   n~(D0B17X PEU~~~
3F 5A 75 3F 6E 00 1D 44 30 42 31 35 34 20 41 44   ?Zu?n~~D0B154 AD
56 00 09 4F 31 5A 75 3F 6F 00 43 44 30 42 31 20   V~~O1Zu?o~CD0B1 
20 20 39 39 39 00 09 4E 3F 5A 75 3F 6F 00 2F 44     999~~N?Zu?o~/D
30 42 31 20 20 20 49 52 58 00 00 46 20 5A 75 3F   0B1   IRX~~F Zu?
6F 00 3F 44 30 45 31 20 20 20 43 4F 4D 00 00 46   o~?D0E1   COM~~F
20 5A 75 3F 6F 00 32 44 30 45 31 20 20 20 43 4F    Zu?o~2D0E1   CO
4D 00 00 20 3F 5A 75 3F 6F 00 0E 44 30 42 31 36   M~~ ?Zu?o~~D0B16
35 20 43 4F 56 00 09 4E 3F 5A 75 3F 6F 00 37 44   5 COV~~N?Zu?o~7D
30 42 31 20 20 20 50 45 55 00 00 0F 12 5A 75 3F   0B1   PEU~~~~Zu?
6F 00 33 44 30 42 31 20 20 20 4D 44 20 00 00 33   o~3D0B1   MD ~~3
21 5A 75 3F 6F 00 3E 44 30 42 31 20 20 20 43 4F   !Zu?o~>D0B1   CO
4D 00 09 4E 3F 5A 75 3F 6F 00 20 44 30 42 32 20   M~~N?Zu?o~ D0B2 
20 20 50 45 55 00 00 58 3F 5A 75 3F 6F 00 5C 44     PEU~~X?Zu?o~\D
30 42 31 20 20 20 36 33 33 00 00 58 3F 5A 75 3F   0B1   633~~X?Zu?
6F 00 43 44 30 42 32 20 20 20 36 33 33 00 00 2D   o~CD0B2   633~~-
20 5A 75 3F 6F 00 58 44 30 42 31 20 20 20 49 4C    Zu?o~XD0B1   IL
44 00 00 4E 3F 5A 75 3F 6F 00 4B 44 30 42 31 20   D~~N?Zu?o~KD0B1 
20 20 49 53 20 00 00 10 3F 5A 75 3F 6F 00 2F 44     IS ~~~?Zu?o~/D
30 42 31 20 20 20 41 44 56 00 00 58 3F 5A 75 3F   0B1   ADV~~X?Zu?
6F 00 2F 44 30 42 32 20 20 20 36 33 33 00 00 1C   o~/D0B2   633~~~
6B 5A 75 3F 6F 00 06 44 30 42 31 20 20 20 20 20   kZu?o~~D0B1     
20 00 00 10 3F 5A 75 3F 6F 00 35 44 30 42 31 20    ~~~?Zu?o~5D0B1 
20 20 4D 45 44 00 00 1C 6B 5A 75 3F 6F 00 01 44     MED~~~kZu?o~~D
30 42 31 20 20 20 20 20 20 00 09 4F 3F 5A 75 3F   0B1      ~~O?Zu?
6F 00 25 44 30 42 32 20 20 20 39 39 39 00 00 1C   o~%D0B2   999~~~
6B 5A 75 3F 6F 00 06 44 30 42 31 20 20 20 20 20   kZu?o~~D0B1     
20 00 09 4F 31 5A 75 3F 6F 00 33 44 30 42 31 37    ~~O1Zu?o~3D0B17
30 20 39 39 39 00 09 4E 3F 5A 75 3F 6F 00 43 44   0 999~~N?Zu?o~CD
30 42 31 20 20 20 50 45 55 00 00 10 3F 5A 75 3F   0B1   PEU~~~?Zu?
6F 00 32 44 30 42 31 20 20 20 41 44 56 00 09 4F   o~2D0B1   ADV~~O
3F 5A 75 3F 6F 00 2C 44 30 42 31 20 20 20 39 39   ?Zu?o~,D0B1   99
39 00 09 4F 3F 5A 75 3F 70 00 0F 44 30 42 32 20   9~~O?Zu?p~~D0B2 
20 20 39 39 39 00 00 10 3F 5A 75 3F 70 00 35 44     999~~~?Zu?p~5D
30 42 31 37 39 20 41 44 56 00 00 46 20 5A 75 3F   0B179 ADV~~F Zu?
70 00 36 44 30 45 31 20 20 20 43 4F 4D 00 09 4F   p~6D0E1   COM~~O
31 5A 75 3F 70 00 38 44 30 42 31 20 20 20 39 39   1Zu?p~8D0B1   99
39 00 00 1C 6B 5A 75 3F 70 00 06 44 30 42 31 20   9~~~kZu?p~~D0B1 
20 20 20 20 20 00 00 17 3F 5A 75 3F 70 00 22 44        ~~~?Zu?p~"D
30 42 32 20 20 20 4D 53 43 00 00 42 72 5A 75 3F   0B2   MSC~~BrZu?
70 00 2B 44 30 42 31 20 20 20 43 49 4D 00 00 10   p~+D0B1   CIM~~~
3F 5A 75 3F 70 00 2B 44 30 42 31 37 39 20 41 44   ?Zu?p~+D0B179 AD
56 00 00 48 6B 5A 75 3F 70 00 6A 44 30 42 32 20   V~~HkZu?p~jD0B2 
20 20 30 31 38 00 00 10 3F 5A 75 3F 70 00 10 44     018~~~?Zu?p~~D
30 42 32 20 20 20 41 44 56 00 00 10 3F 5A 75 3F   0B2   ADV~~~?Zu?
70 00 0E 44 30 42 32 20 20 20 4D 45 44 00 00 10   p~~D0B2   MED~~~
3F 5A 75 3F 70 00 10 44 30 42 32 20 20 20 4D 45   ?Zu?p~~D0B2   ME
44 00 00 10 3F 5A 75 3F 70 00 30 44 30 42 31 20   D~~~?Zu?p~0D0B1 
20 20 41 44 56 00 00 10 3F 5A 75 3F 70 00 2C 44     ADV~~~?Zu?p~,D
30 42 31 20 20 20 4D 45 44 00 00 46 20 5A 75 3F   0B1   MED~~F Zu?
70 00 37 44 30 45 31 20 20 20 43 4F 4D 00 00 5E   p~7D0E1   COM~~^
3F 5A 75 3F 70 00 17 44 30 42 32 20 20 20 4F 48   ?Zu?p~~D0B2   OH
52 00 00 10 3F 5A 75 3F 70 00 10 44 30 42 32 20   R~~~?Zu?p~~D0B2 
20 20 41 44 56 00 00 60 3F 5A 75 3F 70 00 3C 44     ADV~~`?Zu?p~<D
30 42 31 35 32 20 41 53 43 00 00 46 20 5A 75 3F   0B152 ASC~~F Zu?
70 00 2A 44 30 45 31 4E 31 20 43 4F 4D 00 00 4E   p~*D0E1N1 COM~~N
3F 5A 75 3F 70 00 3B 44 30 42 31 20 20 20 49 53   ?Zu?p~;D0B1   IS
20 00 09 50 5E 5A 75 3F 70 00 35 44 30 42 32 20    ~~P^Zu?p~5D0B2 
20 20 43 56 31 00 00 10 3F 5A 75 3F 70 00 32 44     CV1~~~?Zu?p~2D
30 42 31 38 35 20 41 44 56 00 00 10 3F 5A 75 3F   0B185 ADV~~~?Zu?
70 00 28 44 30 42 31 20 20 20 37 37 39 00 00 1C   p~(D0B1   779~~~
6B 5A 75 3F 70 00 01 44 30 42 31 20 20 20 20 20   kZu?p~~D0B1     
20 00 00 10 3F 5A 75 3F 71 00 2D 44 30 42 31 20    ~~~?Zu?q~-D0B1 
20 20 4D 45 44 00 09 4E 3F 5A 75 3F 71 00 2C 44     MED~~N?Zu?q~,D
30 42 31 20 20 20 50 45 55 00 00 10 3F 5A 75 3F   0B1   PEU~~~?Zu?
71 00 0A 44 30 42 31 32 32 20 41 44 56 00 00 4E   q~~D0B122 ADV~~N
3F 5A 75 3F 71 00 0E 44 30 42 32 20 20 20 43 53   ?Zu?q~~D0B2   CS
20 00 09 4E 3F 5A 75 3F 71 00 31 44 30 42 31 20    ~~N?Zu?q~1D0B1 
20 20 49 52 58 00 09 4E 3F 5A 75 3F 71 00 26 44     IRX~~N?Zu?q~&D
30 42 31 20 20 20 43 52 4B 00 00 10 3F 5A 75 3F   0B1   CRK~~~?Zu?
71 00 40 44 30 42 31 20 20 20 4D 45 44 00 00 46   q~@D0B1   MED~~F
20 5A 75 3F 71 00 1E 44 30 45 31 4E 31 20 43 4F    Zu?q~~D0E1N1 CO
4D 00 00 4E 3F 5A 75 3F 71 00 3E 44 30 42 31 20   M~~N?Zu?q~>D0B1 
20 20 57 47 20 00 00 0F 12 5A 75 3F 71 00 31 44     WG ~~~~Zu?q~1D
30 42 31 20 20 20 4D 44 20 00 00 10 3F 5A 75 3F   0B1   MD ~~~?Zu?
71 00 30 44 30 42 31 20 20 20 41 44 56 00 09 4F   q~0D0B1   ADV~~O
3F 5A 75 3F 71 00 3C 44 30 42 31 20 20 20 46 45   ?Zu?q~<D0B1   FE
50 00 00 58 3F 5A 75 3F 71 00 6C 44 30 42 31 20   P~~X?Zu?q~lD0B1 
20 20 36 33 33 00 00 10 3F 5A 75 3F 71 00 23 44     633~~~?Zu?q~#D
30 42 31 20 20 20 41 44 56 00 00 58 3F 5A 75 3F   0B1   ADV~~X?Zu?
71 00 5F 44 30 42 31 20 20 20 36 33 33 00 00 58   q~_D0B1   633~~X
3F 5A 75 3F 71 00 63 44 30 42 31 20 20 20 36 33   ?Zu?q~cD0B1   63
33 00 09 4E 3F 5A 75 3F 71 00 43 44 30 42 31 20   3~~N?Zu?q~CD0B1 
20 20 4D 45 44 00 00 2D 20 5A 75 3F 71 00 37 44     MED~~- Zu?q~7D
30 42 31 20 20 20 42 43 54 00 09 4E 3F 5A 75 3F   0B1   BCT~~N?Zu?
71 00 15 44 30 42 32 20 20 20 50 45 55 00 00 10   q~~D0B2   PEU~~~
3F 5A 75 3F 71 00 12 44 30 42 32 20 20 20 41 44   ?Zu?q~~D0B2   AD
56 00 00 10 3F 5A 75 3F 72 00 19 44 30 42 32 20   V~~~?Zu?r~~D0B2 
20 20 4D 45 44 00 00 10 3F 5A 75 3F 72 00 2A 44     MED~~~?Zu?r~*D
30 42 31 37 39 20 4D 45 44 00 09 4F 31 5A 75 3F   0B179 MED~~O1Zu?
72 00 3A 44 30 42 31 20 20 20 39 39 39 00 00 0F   r~:D0B1   999~~~
12 5A 75 3F 72 00 30 44 30 42 31 37 36 20 41 34   ~Zu?r~0D0B176 A4
20 00 00 10 3F 5A 75 3F 72 00 34 44 30 42 31 20    ~~~?Zu?r~4D0B1 
20 20 41 44 56 00 00 10 3F 5A 75 3F 72 00 3D 44     ADV~~~?Zu?r~=D
30 42 31 20 20 20 41 44 56 00 00 3C 3F 5A 75 3F   0B1   ADV~~<?Zu?
72 00 37 44 30 42 31 20 20 20 30 33 32 00 09 50   r~7D0B1   032~~P
3F 5A 75 3F 72 00 49 44 30 42 31 37 36 20 34 34   ?Zu?r~ID0B176 44
30 00 00 0F 12 5A 75 3F 72 00 58 44 30 42 31 20   0~~~~Zu?r~XD0B1 
20 20 41 34 20 00 00 10 3F 5A 75 3F 72 00 18 44     A4 ~~~?Zu?r~~D
30 42 32 20 20 20 41 44 56 00 09 4F 3F 5A 75 3F   0B2   ADV~~O?Zu?
72 00 2D 44 30 42 31 20 20 20 39 39 39 00 00 37   r~-D0B1   999~~7
63 5A 75 3F 72 00 20 44 30 42 32 20 20 20 39 37   cZu?r~ D0B2   97
34 00 09 50 3F 5A 75 3F 72 00 2F 44 30 42 31 20   4~~P?Zu?r~/D0B1 
20 20 4D 45 44 00 00 10 3F 5A 75 3F 72 00 2F 44     MED~~~?Zu?r~/D
30 42 31 20 20 20 41 44 56 00 00 1C 6B 5A 75 3F   0B1   ADV~~~kZu?
72 00 06 44 30 42 31 20 20 20 20 20 20 00 00 4E   r~~D0B1      ~~N
3F 5A 75 3F 72 00 3B 44 30 42 31 37 39 20 49 53   ?Zu?r~;D0B179 IS
20 00 00 46 20 5A 75 3F 72 00 2B 44 30 45 31 4E    ~~F Zu?r~+D0E1N
31 20 43 4F 4D 00 00 10 3F 5A 75 3F 72 00 11 44   1 COM~~~?Zu?r~~D
30 42 32 20 20 20 41 44 56 00 00 0F 12 5A 75 3F   0B2   ADV~~~~Zu?
72 00 16 44 30 42 32 20 20 20 4D 44 20 00 00 17   r~~D0B2   MD ~~~
3F 5A 75 3F 72 01 11 44 30 42 31 20 20 20 4D 53   ?Zu?r~~D0B1   MS
43 00 09 50 5E 5A 75 3F 72 00 3F 44 30 42 31 20   C~~P^Zu?r~?D0B1 
20 20 43 56 31 00 00 10 3F 5A 75 3F 73 00 13 44     CV1~~~?Zu?s~~D
30 42 32 20 20 20 4D 45 44 00 09 4F 31 5A 75 3F   0B2   MED~~O1Zu?
73 00 37 44 30 42 31 37 30 20 39 39 39 00 00 10   s~7D0B170 999~~~
3F 5A 75 3F 73 00 0D 44 30 42 32 20 20 20 41 44   ?Zu?s~~D0B2   AD
56 00 00 10 3F 5A 75 3F 73 00 2C 44 30 42 31 20   V~~~?Zu?s~,D0B1 
20 20 4D 45 44 00 00 4E 3F 5A 75 3F 73 00 38 44     MED~~N?Zu?s~8D
30 42 31 20 20 20 49 53 20 00 09 4F 31 5A 75 3F   0B1   IS ~~O1Zu?
73 00 41 44 30 42 31 37 30 20 39 39 39 00 09 4F   s~AD0B170 999~~O
3F 5A 75 3F 73 00 48 44 30 42 31 20 20 20 46 45   ?Zu?s~HD0B1   FE
50 00 09 50 3F 5A 75 3F 73 00 0E 44 30 42 32 20   P~~P?Zu?s~~D0B2 
20 20 4D 45 44 00 09 4E 3F 5A 75 3F 73 00 30 44     MED~~N?Zu?s~0D
30 42 31 20 20 20 49 52 58 00 09 4F 4F 5A 75 3F   0B1   IRX~~OOZu?
73 00 30 44 30 42 31 20 20 20 30 31 39 00 00 48   s~0D0B1   019~~H
3F 5A 75 3F 73 00 22 44 30 42 31 20 20 20 48 45   ?Zu?s~"D0B1   HE
4C 00 00 1C 6B 5A 75 3F 73 00 06 44 30 42 31 20   L~~~kZu?s~~D0B1 
20 20 20 20 20 00 00 3C 3F 5A 75 3F 73 00 25 44        ~~<?Zu?s~%D
30 42 31 30 34 20 30 33 32 00 09 4F 31 5A 75 3F   0B104 032~~O1Zu?
73 00 3B 44 30 42 31 20 20 20 39 39 39 00 00 1C   s~;D0B1   999~~~
6B 5A 75 3F 73 00 01 44 30 42 31 20 20 20 20 20   kZu?s~~D0B1     
20 00 00 10 3F 5A 75 3F 73 00 29 44 30 42 31 38    ~~~?Zu?s~)D0B18
31 39 4D 45 44 00 09 4F 3F 5A 75 3F 73 00 2D 44   19MED~~O?Zu?s~-D
30 42 31 36 30 38 39 39 39 00 09 4E 3F 5A 75 3F   0B1608999~~N?Zu?
73 00 29 44 30 42 31 20 20 20 4D 45 44 00 00 2E   s~)D0B1   MED~~.
5B 5A 75 3F 73 00 2B 44 30 42 31 20 20 20 48 54   [Zu?s~+D0B1   HT
20 00 00 42 72 5A 75 3F 74 00 36 44 30 42 31 20    ~~BrZu?t~6D0B1 
20 20 30 32 31 00 00 1C 6B 5A 75 3F 74 00 01 44     021~~~kZu?t~~D
30 42 31 20 20 20 20 20 20 00 09 4E 3F 5A 75 3F   0B1      ~~N?Zu?
74 00 26 44 30 42 31 38 38 39 49 52 58 00 00 17   t~&D0B1889IRX~~~
3B 5A 75 3F 74 00 0E 44 30 42 32 20 20 20 43 4C   ;Zu?t~~D0B2   CL
41 00 09 4E 3F 5A 75 3F 74 00 2B 44 30 42 31 20   A~~N?Zu?t~+D0B1 
20 20 50 45 55 00 00 58 3F 5A 75 3F 74 00 3F 44     PEU~~X?Zu?t~?D
30 42 31 38 38 20 36 33 33 00 00 42 72 5A 75 3F   0B188 633~~BrZu?
74 00 29 44 30 42 31 20 20 20 43 49 4D 00 00 1C   t~)D0B1   CIM~~~
6B 5A 75 3F 74 00 01 44 30 42 32 20 20 20 20 20   kZu?t~~D0B2     
20 00 00 10 3F 5A 75 3F 74 00 11 44 30 42 32 20    ~~~?Zu?t~~D0B2 
20 20 41 44 56 00 00 4E 3F 5A 75 3F 74 00 40 44     ADV~~N?Zu?t~@D
30 42 31 20 20 20 57 47 20 00 00 10 3F 5A 75 3F   0B1   WG ~~~?Zu?
74 00 29 44 30 42 31 20 20 20 4D 45 44 00 00 10   t~)D0B1   MED~~~
3F 5A 75 3F 74 00 25 44 30 42 31 20 20 20 41 44   ?Zu?t~%D0B1   AD
56 00 00 2D 20 5A 75 3F 74 00 12 44 30 42 32 20   V~~- Zu?t~~D0B2 
20 20 50 44 50 00 09 4E 3F 5A 75 3F 74 00 2A 44     PDP~~N?Zu?t~*D
30 42 31 20 20 20 50 45 55 00 00 10 3F 5A 75 3F   0B1   PEU~~~?Zu?
74 00 3C 44 30 42 31 20 20 20 4D 45 44 00 00 10   t~<D0B1   MED~~~
3F 5A 75 3F 74 00 0E 44 30 42 32 20 20 20 41 44   ?Zu?t~~D0B2   AD
56 00 00 2D 20 5A 75 3F 75 00 74 44 30 42 31 37   V~~- Zu?u~tD0B17
30 20 49 4C 44 00 00 10 3F 5A 75 3F 75 00 27 44   0 ILD~~~?Zu?u~'D
30 42 31 37 36 20 4D 43 41 00 00 4E 3F 5A 75 3F   0B176 MCA~~N?Zu?
75 00 2B 44 30 42 31 20 20 20 49 52 58 00 00 29   u~+D0B1   IRX~~)
53 5A 75 3F 75 00 6F 44 30 42 31 20 20 20 4F 4B   SZu?u~oD0B1   OK
03                                                ~