
02 31 35 30 36 37 30 31 36 50 54 30 46 30 42 00   ~15067016PT0F0B~
00 31 30 54 50 30 30 30 30 5A 58 30 35 43 56 53   ~10TP0000ZX05CVS
54 1B 3F 56 33 00 00 01 3F 01 3F 07 3F 00 02 00   T~?V3~~~?~?~?~~~
02 00 0D 00 29 00 30 00 29 00 00 00 23 55 3F 7B   ~~~~)~0~)~~~#U?{
19 00 11 00 1A 00 00 1B 3F 00 00 1C 6B 5A 75 3F   ~~~~~~~~?~~~kZu?
04 00 01 44 30 42 31 20 20 20 20 20 20 00 09 4E   ~~~D0B1      ~~N
3F 5A 75 3F 04 00 3C 44 30 42 31 37 30 20 49 52   ?Zu?~~<D0B170 IR
58 00 00 46 20 5A 75 3F 04 00 34 44 30 45 31 20   X~~F Zu?~~4D0E1 
20 20 43 4F 4D 00 00 58 3F 5A 75 3F 04 00 17 44     COM~~X?Zu?~~~D
30 42 32 20 20 20 36 33 33 00 09 4E 3F 5A 75 3F   0B2   633~~N?Zu?
04 00 2C 44 30 42 31 20 20 20 43 52 4B 00 09 4F   ~~,D0B1   CRK~~O
31 5A 75 3F 04 00 3A 44 30 42 31 38 38 20 39 39   1Zu?~~:D0B188 99
39 00 00 0F 12 5A 75 3F 04 00 37 44 30 42 31 20   9~~~~Zu?~~7D0B1 
20 20 4D 44 20 00 09 50 3F 5A 75 3F 04 00 35 44     MD ~~P?Zu?~~5D
30 42 31 20 20 20 39 39 39 00 00 1C 6B 5A 75 3F   0B1   999~~~kZu?
04 00 01 44 30 42 32 20 20 20 20 20 20 00 00 58   ~~~D0B2      ~~X
3F 5A 75 3F 04 00 48 44 30 42 32 20 20 20 36 33   ?Zu?~~HD0B2   63
33 00 00 4D 3F 5A 75 3F 05 00 6B 44 30 42 31 20   3~~M?Zu?~~kD0B1 
20 20 48 48 31 00 00 4E 3F 5A 75 3F 05 00 2B 44     HH1~~N?Zu?~~+D
30 42 31 37 36 20 57 47 20 00 00 4E 3F 5A 75 3F   0B176 WG ~~N?Zu?
05 00 3F 44 30 42 31 37 35 20 49 4E 20 00 00 4E   ~~?D0B175 IN ~~N
3F 5A 75 3F 05 00 31 44 30 42 31 20 20 20 49 53   ?Zu?~~1D0B1   IS
20 00 00 10 3F 5A 75 3F 05 00 58 44 30 42 31 20    ~~~?Zu?~~XD0B1 
20 20 41 44 56 00 00 10 3F 5A 75 3F 05 00 34 44     ADV~~~?Zu?~~4D
30 42 31 20 20 20 4D 45 44 00 09 4F 31 5A 75 3F   0B1   MED~~O1Zu?
05 00 33 44 30 42 31 20 20 20 39 39 39 00 00 58   ~~3D0B1   999~~X
3F 5A 75 3F 05 00 4B 44 30 42 31 38 38 20 36 33   ?Zu?~~KD0B188 63
33 00 00 10 3F 5A 75 3F 05 00 27 44 30 42 31 20   3~~~?Zu?~~'D0B1 
20 20 41 44 56 00 00 10 3F 5A 75 3F 05 00 15 44     ADV~~~?Zu?~~~D
30 42 32 20 20 20 41 44 56 00 09 4E 3F 5A 75 3F   0B2   ADV~~N?Zu?
05 00 3F 44 30 42 31 37 35 20 49 52 58 00 09 4E   ~~?D0B175 IRX~~N
3F 5A 75 3F 05 00 37 44 30 42 31 20 20 20 50 45   ?Zu?~~7D0B1   PE
55 00 09 4F 3F 5A 75 3F 05 00 37 44 30 42 31 37   U~~O?Zu?~~7D0B17
36 20 46 45 50 00 00 4E 3F 5A 75 3F 05 00 26 44   6 FEP~~N?Zu?~~&D
30 42 31 20 20 20 57 4B 20 00 09 4F 24 5A 75 3F   0B1   WK ~~O$Zu?
05 00 53 44 30 42 31 37 35 20 44 52 4D 00 00 10   ~~SD0B175 DRM~~~
3F 5A 75 3F 05 00 42 44 30 42 31 20 20 20 41 44   ?Zu?~~BD0B1   AD
56 00 09 4F 3F 5A 75 3F 05 00 40 44 30 42 31 37   V~~O?Zu?~~@D0B17
35 20 46 45 50 00 00 0F 12 5A 75 3F 05 00 2A 44   5 FEP~~~~Zu?~~*D
30 42 31 20 20 20 4D 44 20 00 00 4B 3F 5A 75 3F   0B1   MD ~~K?Zu?
05 00 11 44 30 42 32 20 20 20 37 32 38 00 00 46   ~~~D0B2   728~~F
20 5A 75 3F 05 00 3A 44 30 45 31 4E 31 20 43 4F    Zu?~~:D0E1N1 CO
4D 00 00 10 3F 5A 75 3F 05 00 32 44 30 42 31 20   M~~~?Zu?~~2D0B1 
20 20 4D 45 44 00 0C 35 08 5A 75 3F 06 00 03 44     MED~~5~Zu?~~~D
30 42 32 20 20 20 49 48 43 00 09 4F 31 5A 75 3F   0B2   IHC~~O1Zu?
06 00 3E 44 30 42 31 20 20 20 39 39 39 00 00 1C   ~~>D0B1   999~~~
6B 5A 75 3F 06 00 06 44 30 42 31 20 20 20 20 20   kZu?~~~D0B1     
20 00 09 4F 31 5A 75 3F 06 00 11 44 30 42 32 20    ~~O1Zu?~~~D0B2 
20 20 39 39 39 00 00 10 3F 5A 75 3F 06 00 2C 44     999~~~?Zu?~~,D
30 42 31 20 20 20 41 44 56 00 00 10 3F 5A 75 3F   0B1   ADV~~~?Zu?
06 00 11 44 30 42 32 20 20 20 41 44 56 00 00 10   ~~~D0B2   ADV~~~
3F 5A 75 3F 06 00 3F 44 30 42 31 37 36 20 41 44   ?Zu?~~?D0B176 AD
56 00 09 4F 31 5A 75 3F 06 00 3C 44 30 42 31 20   V~~O1Zu?~~<D0B1 
20 20 39 39 39 00 00 46 20 5A 75 3F 06 00 2A 44     999~~F Zu?~~*D
30 45 31 20 20 20 43 4F 4D 00 00 10 3F 5A 75 3F   0E1   COM~~~?Zu?
06 00 2A 44 30 42 31 41 43 20 41 44 56 00 09 4E   ~~*D0B1AC ADV~~N
3F 5A 75 3F 06 00 3D 44 30 42 31 20 20 20 50 45   ?Zu?~~=D0B1   PE
55 00 09 4F 31 5A 75 3F 06 00 2E 44 30 42 31 20   U~~O1Zu?~~.D0B1 
20 20 39 39 39 00 00 5E 3F 5A 75 3F 06 00 75 44     999~~^?Zu?~~uD
30 42 31 20 20 20 4F 48 52 00 09 29 6A 5A 75 3F   0B1   OHR~~)jZu?
06 00 3F 44 30 42 31 20 20 20 35 34 20 00 09 51   ~~?D0B1   54 ~~Q
2A 5A 75 3F 06 00 3F 44 30 42 31 20 20 20 4E 56   *Zu?~~?D0B1   NV
54 00 00 3C 3F 5A 75 3F 06 00 16 44 30 42 32 20   T~~<?Zu?~~~D0B2 
20 20 41 53 50 00 0C 35 08 5A 75 3F 06 00 1F 44     ASP~~5~Zu?~~~D
30 42 31 20 20 20 49 48 43 00 00 2E 42 5A 75 3F   0B1   IHC~~.BZu?
06 00 48 44 30 42 31 35 30 20 4E 43 43 00 09 4F   ~~HD0B150 NCC~~O
31 5A 75 3F 06 00 27 44 30 42 31 20 20 20 39 39   1Zu?~~'D0B1   99
39 00 00 3C 3F 5A 75 3F 07 00 29 44 30 42 31 20   9~~<?Zu?~~)D0B1 
20 20 30 33 32 00 00 42 72 5A 75 3F 07 00 2B 44     032~~BrZu?~~+D
30 42 31 38 38 20 30 32 31 00 00 58 3F 5A 75 3F   0B188 021~~X?Zu?
07 00 1C 44 30 42 32 20 20 20 36 33 33 00 00 4E   ~~~D0B2   633~~N
3F 5A 75 3F 07 00 42 44 30 42 31 20 20 20 49 53   ?Zu?~~BD0B1   IS
20 00 00 0F 12 5A 75 3F 07 00 0D 44 30 42 32 20    ~~~~Zu?~~~D0B2 
20 20 41 34 20 00 09 50 3F 5A 75 3F 07 00 26 44     A4 ~~P?Zu?~~&D
30 42 31 20 20 20 30 30 36 00 00 4E 3F 5A 75 3F   0B1   006~~N?Zu?
07 00 2A 44 30 42 31 20 20 20 49 53 20 00 00 4E   ~~*D0B1   IS ~~N
3F 5A 75 3F 07 00 0E 44 30 42 32 20 20 20 57 4B   ?Zu?~~~D0B2   WK
20 00 09 4E 3F 5A 75 3F 07 00 2F 44 30 42 31 20    ~~N?Zu?~~/D0B1 
20 20 50 45 55 00 00 4E 3F 5A 75 3F 07 00 30 44     PEU~~N?Zu?~~0D
30 42 31 37 39 20 49 4E 20 00 00 3C 3F 5A 75 3F   0B179 IN ~~<?Zu?
07 00 55 44 30 42 31 20 20 20 41 53 50 00 09 51   ~~UD0B1   ASP~~Q
2A 5A 75 3F 07 00 45 44 30 42 31 37 39 20 45 47   *Zu?~~ED0B179 EG
57 00 00 42 72 5A 75 3F 07 00 41 44 30 42 31 20   W~~BrZu?~~AD0B1 
20 20 30 35 31 00 00 10 3F 5A 75 3F 07 00 3E 44     051~~~?Zu?~~>D
30 42 31 20 20 20 41 44 56 00 00 3E 3F 5A 75 3F   0B1   ADV~~>?Zu?
07 00 27 44 30 42 32 20 20 20 43 57 48 00 09 4F   ~~'D0B2   CWH~~O
3F 5A 75 3F 07 00 31 44 30 42 31 20 20 20 39 39   ?Zu?~~1D0B1   99
39 00 09 4E 3F 5A 75 3F 07 00 2D 44 30 42 31 20   9~~N?Zu?~~-D0B1 
20 20 50 45 55 00 09 4F 3F 5A 75 3F 07 00 2F 44     PEU~~O?Zu?~~/D
30 42 31 20 20 20 39 39 39 00 09 50 3F 5A 75 3F   0B1   999~~P?Zu?
07 00 0A 44 30 42 32 20 20 20 30 30 36 00 00 4E   ~~~D0B2   006~~N
3F 5A 75 3F 07 00 33 44 30 42 31 20 20 20 43 53   ?Zu?~~3D0B1   CS
20 00 00 58 3F 5A 75 3F 07 00 1F 44 30 42 32 20    ~~X?Zu?~~~D0B2 
20 20 36 33 33 00 09 4F 3F 5A 75 3F 07 00 15 44     633~~O?Zu?~~~D
30 42 32 20 20 20 46 45 50 00 00 4E 3F 5A 75 3F   0B2   FEP~~N?Zu?
07 00 0B 44 30 42 32 20 20 20 57 47 20 00 00 0F   ~~~D0B2   WG ~~~
12 5A 75 3F 07 00 29 44 30 42 31 20 20 20 4D 41   ~Zu?~~)D0B1   MA
20 00 09 51 2A 5A 75 3F 07 00 1D 44 30 42 32 20    ~~Q*Zu?~~~D0B2 
20 20 4D 43 44 00 00 10 3F 5A 75 3F 08 00 27 44     MCD~~~?Zu?~~'D
30 42 31 37 39 20 4D 43 41 00 09 4F 3F 5A 75 3F   0B179 MCA~~O?Zu?
08 00 0C 44 30 42 32 20 20 20 46 45 50 00 00 1C   ~~~D0B2   FEP~~~
6B 5A 75 3F 08 00 07 44 30 42 31 20 20 20 20 20   kZu?~~~D0B1     
20 00 00 10 3F 5A 75 3F 08 00 28 44 30 42 31 20    ~~~?Zu?~~(D0B1 
20 20 4D 43 41 00 00 3C 3F 5A 75 3F 08 00 1C 44     MCA~~<?Zu?~~~D
30 42 32 20 20 20 30 33 32 00 00 10 3F 5A 75 3F   0B2   032~~~?Zu?
08 00 34 44 30 42 31 20 20 20 41 44 56 00 00 10   ~~4D0B1   ADV~~~
3F 5A 75 3F 08 00 2B 44 30 42 32 20 20 20 4D 45   ?Zu?~~+D0B2   ME
44 00 00 10 3F 5A 75 3F 08 00 2B 44 30 42 31 37   D~~~?Zu?~~+D0B17
36 20 41 44 56 00 00 10 3F 5A 75 3F 08 00 49 44   6 ADV~~~?Zu?~~ID
30 42 31 20 20 20 41 44 56 00 09 4F 31 5A 75 3F   0B1   ADV~~O1Zu?
08 00 3E 44 30 42 31 20 20 20 39 39 39 00 09 50   ~~>D0B1   999~~P
3F 5A 75 3F 08 00 3D 44 30 42 31 37 35 20 34 37   ?Zu?~~=D0B175 47
30 00 00 4E 3F 5A 75 3F 08 00 2D 44 30 42 31 20   0~~N?Zu?~~-D0B1 
20 20 57 4B 20 00 00 58 3F 5A 75 3F 08 00 0F 44     WK ~~X?Zu?~~~D
30 42 31 38 35 20 36 33 33 00 09 50 3F 5A 75 3F   0B185 633~~P?Zu?
08 00 33 44 30 42 31 20 20 20 30 30 36 00 09 4E   ~~3D0B1   006~~N
3F 5A 75 3F 08 00 3C 44 30 42 31 20 20 20 50 45   ?Zu?~~<D0B1   PE
55 00 00 10 3F 5A 75 3F 08 00 0D 44 30 42 32 20   U~~~?Zu?~~~D0B2 
20 20 4D 45 44 00 09 4E 3F 5A 75 3F 08 00 34 44     MED~~N?Zu?~~4D
30 42 31 20 20 20 20 20 20 00 09 4F 3F 5A 75 3F   0B1      ~~O?Zu?
08 00 39 44 30 42 31 20 20 20 46 45 50 00 09 4E   ~~9D0B1   FEP~~N
3F 5A 75 3F 09 00 67 44 30 42 31 37 35 20 49 52   ?Zu?~~gD0B175 IR
58 00 09 50 5E 5A 75 3F 09 00 45 44 30 42 32 20   X~~P^Zu?~~ED0B2 
20 20 43 56 31 00 09 4E 3F 5A 75 3F 09 00 2A 44     CV1~~N?Zu?~~*D
30 42 31 20 20 20 50 45 55 00 09 4E 3F 5A 75 3F   0B1   PEU~~N?Zu?
09 00 2B 44 30 42 31 20 20 20 50 45 55 00 00 10   ~~+D0B1   PEU~~~
3F 5A 75 3F 09 00 32 44 30 42 31 20 20 20 41 44   ?Zu?~~2D0B1   AD
56 00 00 1C 6B 5A 75 3F 09 00 05 44 30 42 32 20   V~~~kZu?~~~D0B2 
20 20 20 20 20 00 09 50 3F 5A 75 3F 09 00 19 44        ~~P?Zu?~~~D
30 42 32 20 20 20 30 30 36 00 00 10 3F 5A 75 3F   0B2   006~~~?Zu?
09 00 0F 44 30 42 32 20 20 20 4D 45 44 00 00 46   ~~~D0B2   MED~~F
20 5A 75 3F 09 00 13 44 30 45 31 4E 31 20 43 4F    Zu?~~~D0E1N1 CO
4D 00 00 10 3F 5A 75 3F 09 00 32 44 30 42 31 20   M~~~?Zu?~~2D0B1 
20 20 41 44 56 00 00 4E 3F 5A 75 3F 09 00 28 44     ADV~~N?Zu?~~(D
30 42 31 20 20 20 43 53 20 00 00 10 3F 5A 75 3F   0B1   CS ~~~?Zu?
09 00 2A 44 30 42 31 37 39 20 41 44 56 00 00 4E   ~~*D0B179 ADV~~N
3F 5A 75 3F 09 00 36 44 30 42 31 20 20 20 46 47   ?Zu?~~6D0B1   FG
20 00 09 50 3F 5A 75 3F 09 00 27 44 30 42 31 37    ~~P?Zu?~~'D0B17
33 20 30 30 36 00 00 10 3F 5A 75 3F 09 00 69 44   3 006~~~?Zu?~~iD
30 42 31 37 36 20 41 44 56 00 00 10 3F 5A 75 3F   0B176 ADV~~~?Zu?
09 00 39 44 30 42 31 37 30 20 4D 45 44 00 00 10   ~~9D0B170 MED~~~
3F 5A 75 3F 0A 00 4C 44 30 42 31 20 20 20 4D 45   ?Zu?~~LD0B1   ME
44 00 00 1C 6B 5A 75 3F 0A 00 0A 44 30 42 31 20   D~~~kZu?~~~D0B1 
20 20 20 20 20 00 00 1C 6B 5A 75 3F 0A 00 01 44        ~~~kZu?~~~D
30 42 31 20 20 20 20 20 20 00 00 49 3F 5A 75 3F   0B1      ~~I?Zu?
0A 00 3D 44 30 42 31 20 20 20 50 33 30 00 09 4E   ~~=D0B1   P30~~N
3F 5A 75 3F 0A 00 2C 44 30 42 31 20 20 20 4D 45   ?Zu?~~,D0B1   ME
44 00 09 50 3F 5A 75 3F 0A 00 33 44 30 42 31 20   D~~P?Zu?~~3D0B1 
20 20 30 30 36 00 00 17 3F 5A 75 3F 0A 00 47 44     006~~~?Zu?~~GD
30 42 31 20 20 20 4D 53 43 00 00 10 3F 5A 75 3F   0B1   MSC~~~?Zu?
0A 00 11 44 30 42 32 20 20 20 41 44 56 00 00 3C   ~~~D0B2   ADV~~<
3F 5A 75 3F 0A 00 7E 44 30 42 31 35 36 39 30 33   ?Zu?~~~D0B156903
32 00 09 4E 3F 5A 75 3F 0A 00 38 44 30 42 31 20   2~~N?Zu?~~8D0B1 
20 20 49 52 58 00 00 0F 12 5A 75 3F 0A 00 2A 44     IRX~~~~Zu?~~*D
30 42 31 20 20 20 41 34 20 00 09 51 2A 5A 75 3F   0B1   A4 ~~Q*Zu?
0A 00 2E 44 30 42 31 20 20 20 4E 56 54 00 00 46   ~~.D0B1   NVT~~F
20 5A 75 3F 0A 00 38 44 30 45 31 4E 31 20 43 4F    Zu?~~8D0E1N1 CO
4D 00 00 42 72 5A 75 3F 0B 00 4B 44 30 42 31 20   M~~BrZu?~~KD0B1 
20 20 30 32 31 00 00 10 3F 5A 75 3F 0B 00 21 44     021~~~?Zu?~~!D
30 42 31 20 20 20 4D 43 41 00 09 51 2A 5A 75 3F   0B1   MCA~~Q*Zu?
0B 00 56 44 30 42 31 37 35 20 4D 43 44 00 09 4F   ~~VD0B175 MCD~~O
3F 5A 75 3F 0B 00 2D 44 30 42 31 37 30 20 39 39   ?Zu?~~-D0B170 99
39 00 00 10 3F 5A 75 3F 0B 00 21 44 30 42 32 20   9~~~?Zu?~~!D0B2 
20 20 41 44 56 00 00 1C 6B 5A 75 3F 0B 00 01 44     ADV~~~kZu?~~~D
30 42 32 20 20 20 20 20 20 00 09 4F 3F 5A 75 3F   0B2      ~~O?Zu?
0B 00 2C 44 30 42 31 20 20 20 39 39 39 00 09 50   ~~,D0B1   999~~P
5E 5A 75 3F 0B 00 49 44 30 42 32 20 20 20 43 56   ^Zu?~~ID0B2   CV
31 00 00 46 20 5A 75 3F 0B 00 68 44 30 45 31 20   1~~F Zu?~~hD0E1 
20 20 43 4F 4D 00 00 4E 3F 5A 75 3F 0B 00 2A 44     COM~~N?Zu?~~*D
30 42 31 32 31 20 46 43 20 00 00 46 20 5A 75 3F   0B121 FC ~~F Zu?
0B 00 11 44 30 45 31 4E 31 20 43 4F 4D 00 00 10   ~~~D0E1N1 COM~~~
3F 5A 75 3F 0B 00 35 44 30 42 31 37 35 20 41 44   ?Zu?~~5D0B175 AD
56 00 09 50 5E 5A 75 3F 0B 00 3F 44 30 42 31 20   V~~P^Zu?~~?D0B1 
20 20 43 56 31 00 00 3C 3F 5A 75 3F 0B 00 27 44     CV1~~<?Zu?~~'D
30 42 31 20 20 20 30 33 32 00 00 10 3F 5A 75 3F   0B1   032~~~?Zu?
0B 00 2F 44 30 42 31 20 20 20 41 44 56 00 09 4E   ~~/D0B1   ADV~~N
3F 5A 75 3F 0B 00 3F 44 30 42 31 20 20 20 50 45   ?Zu?~~?D0B1   PE
55 00 09 4E 3F 5A 75 3F 0B 00 2C 44 30 42 31 20   U~~N?Zu?~~,D0B1 
20 20 49 52 58 00 09 34 3F 5A 75 3F 0B 00 22 44     IRX~~4?Zu?~~"D
30 42 31 20 20 20 30 31 34 00 09 4E 3F 5A 75 3F   0B1   014~~N?Zu?
0C 00 24 44 30 42 31 20 20 20 50 45 55 00 00 5B   ~~$D0B1   PEU~~[
3F 5A 75 3F 0C 00 7D 44 30 42 31 20 20 20 41 52   ?Zu?~~}D0B1   AR
58 00 00 10 3F 5A 75 3F 0C 00 2D 44 30 42 31 30   X~~~?Zu?~~-D0B10
39 20 41 44 56 00 00 58 3F 5A 75 3F 0C 00 76 44   9 ADV~~X?Zu?~~vD
30 42 31 20 20 20 36 33 33 00 00 55 41 5A 75 3F   0B1   633~~UAZu?
0C 00 12 44 30 42 32 20 20 20 49 52 58 00 00 10   ~~~D0B2   IRX~~~
3F 5A 75 3F 0C 00 22 44 30 42 32 20 20 20 41 44   ?Zu?~~"D0B2   AD
56 00 00 58 3F 5A 75 3F 0C 00 5D 44 30 42 31 20   V~~X?Zu?~~]D0B1 
20 20 36 33 33 00 00 10 3F 5A 75 3F 0C 00 11 44     633~~~?Zu?~~~D
30 42 32 20 20 20 41 44 56 00 00 4E 3F 5A 75 3F   0B2   ADV~~N?Zu?
0C 00 38 44 30 42 31 20 20 20 57 4B 20 00 00 45   ~~8D0B1   WK ~~E
18 5A 75 3F 0C 00 42 44 30 42 31 20 20 20 39 37   ~Zu?~~BD0B1   97
34 00 00 10 3F 5A 75 3F 0C 00 35 44 30 42 31 20   4~~~?Zu?~~5D0B1 
20 20 4D 45 44 00 00 10 3F 5A 75 3F 0C 00 28 44     MED~~~?Zu?~~(D
30 42 31 37 36 20 41 44 56 00 09 4F 3F 5A 75 3F   0B176 ADV~~O?Zu?
0C 00 16 44 30 42 32 20 20 20 39 39 39 00 09 4E   ~~~D0B2   999~~N
3F 5A 75 3F 0C 00 34 44 30 42 31 20 20 20 4D 45   ?Zu?~~4D0B1   ME
44 00 00 0F 3F 5A 75 3F 0C 00 2A 44 30 42 32 20   D~~~?Zu?~~*D0B2 
20 20 34 33 2D 00 00 1C 6B 5A 75 3F 0C 00 01 44     43-~~~kZu?~~~D
30 42 31 20 20 20 20 20 20 00 00 10 3F 5A 75 3F   0B1      ~~~?Zu?
0C 00 32 44 30 42 31 37 36 20 41 44 56 00 00 3C   ~~2D0B176 ADV~~<
3F 5A 75 3F 0D 00 4A 44 30 42 31 20 20 20 30 33   ?Zu?~~JD0B1   03
32 00 00 42 72 5A 75 3F 0D 00 45 44 30 42 31 37   2~~BrZu?~~ED0B17
39 20 43 49 4D 00 00 4D 3F 5A 75 3F 0D 00 46 44   9 CIM~~M?Zu?~~FD
30 42 32 20 20 20 48 48 31 00 09 50 5E 5A 75 3F   0B2   HH1~~P^Zu?
0D 00 3F 44 30 42 31 20 20 20 43 56 31 00 00 33   ~~?D0B1   CV1~~3
21 5A 75 3F 0D 00 27 44 30 42 31 20 20 20 4D 43   !Zu?~~'D0B1   MC
41 00 00 0F 12 5A 75 3F 0D 00 2E 44 30 42 31 20   A~~~~Zu?~~.D0B1 
20 20 4D 44 20 00 00 10 3F 5A 75 3F 0D 00 0E 44     MD ~~~?Zu?~~~D
30 42 32 20 20 20 4D 45 44 00 00 58 3F 5A 75 3F   0B2   MED~~X?Zu?
0D 00 44 44 30 42 31 20 20 20 33 39 33 00 09 50   ~~DD0B1   393~~P
4A 5A 75 3F 0D 00 3F 44 30 42 31 20 20 20 53 43   JZu?~~?D0B1   SC
31 00 00 10 3F 5A 75 3F 0D 00 24 44 30 42 31 20   1~~~?Zu?~~$D0B1 
20 20 41 44 56 00 00 10 3F 5A 75 3F 0D 00 2F 44     ADV~~~?Zu?~~/D
30 42 31 20 20 20 4D 45 44 00 09 4E 3F 5A 75 3F   0B1   MED~~N?Zu?
0D 00 37 44 30 42 31 20 20 20 49 52 58 00 00 10   ~~7D0B1   IRX~~~
3F 5A 75 3F 0D 00 30 44 30 42 31 32 31 20 41 44   ?Zu?~~0D0B121 AD
56 00 00 48 3F 5A 75 3F 0D 00 14 44 30 42 32 20   V~~H?Zu?~~~D0B2 
20 20 48 45 4C 00 00 1C 6B 5A 75 3F 0D 00 01 44     HEL~~~kZu?~~~D
30 42 31 20 20 20 20 20 20 00 00 10 3F 5A 75 3F   0B1      ~~~?Zu?
0E 00 14 44 30 42 32 20 20 20 41 44 56 00 09 4E   ~~~D0B2   ADV~~N
3F 5A 75 3F 0E 00 2B 44 30 42 31 20 20 20 50 45   ?Zu?~~+D0B1   PE
55 00 09 4F 24 5A 75 3F 0E 00 2C 44 30 42 31 35   U~~O$Zu?~~,D0B15
32 20 44 52 54 00 00 58 3F 5A 75 3F 0E 00 0A 44   2 DRT~~X?Zu?~~~D
30 42 32 20 20 20 36 33 33 00 09 50 3F 5A 75 3F   0B2   633~~P?Zu?
0E 00 3A 44 30 42 31 20 20 20 39 39 39 00 09 50   ~~:D0B1   999~~P
3F 5A 75 3F 0E 00 3F 44 30 42 31 20 20 20 30 30   ?Zu?~~?D0B1   00
36 00 09 4F 3F 5A 75 3F 0E 00 12 44 30 42 32 20   6~~O?Zu?~~~D0B2 
20 20 39 39 39 00 00 46 20 5A 75 3F 0E 00 41 44     999~~F Zu?~~AD
30 45 31 4E 31 20 43 4F 4D 00 00 10 3F 5A 75 3F   0E1N1 COM~~~?Zu?
0E 00 2C 44 30 42 31 37 30 20 41 44 56 00 09 4E   ~~,D0B170 ADV~~N
3F 5A 75 3F 0E 00 25 44 30 42 31 20 20 20 50 45   ?Zu?~~%D0B1   PE
55 00 09 4E 3F 5A 75 3F 0E 00 1A 44 30 42 32 20   U~~N?Zu?~~~D0B2 
20 20 50 45 55 00 00 10 3F 5A 75 3F 0E 00 2B 44     PEU~~~?Zu?~~+D
30 42 31 20 20 20 37 37 39 00 00 4E 3F 5A 75 3F   0B1   779~~N?Zu?
0E 00 33 44 30 42 31 37 36 20 46 47 20 00 00 10   ~~3D0B176 FG ~~~
3F 5A 75 3F 0E 00 37 44 30 42 31 20 20 20 41 44   ?Zu?~~7D0B1   AD
56 00 00 0F 3F 5A 75 3F 0F 00 43 44 30 42 31 20   V~~~?Zu?~~CD0B1 
20 20 34 33 2D 00 00 58 3F 5A 75 3F 0F 00 3F 44     43-~~X?Zu?~~?D
30 42 31 38 38 20 36 33 33 00 00 58 3F 5A 75 3F   0B188 633~~X?Zu?
0F 00 32 44 30 42 32 20 20 20 36 33 33 00 00 10   ~~2D0B2   633~~~
3F 5A 75 3F 0F 00 2B 44 30 42 31 20 20 20 41 44   ?Zu?~~+D0B1   AD
56 00 00 0F 12 5A 75 3F 0F 00 28 44 30 42 31 20   V~~~~Zu?~~(D0B1 
20 20 4D 44 20 00 00 10 3F 5A 75 3F 0F 00 2F 44     MD ~~~?Zu?~~/D
30 42 31 20 20 20 4D 45 44 00 09 4F 3F 5A 75 3F   0B1   MED~~O?Zu?
0F 00 2E 44 30 42 31 20 20 20 39 39 39 00 09 50   ~~.D0B1   999~~P
3F 5A 75 3F 0F 03 3F 44 30 42 31 20 20 20 20 20   ?Zu?~~?D0B1     
20 00 00 58 3F 5A 75 3F 0F 00 57 44 30 42 31 20    ~~X?Zu?~~WD0B1 
20 20 36 33 33 00 00 58 3F 5A 75 3F 0F 00 3D 44     633~~X?Zu?~~=D
30 42 32 20 20 20 36 33 33 00 09 33 3F 5A 75 3F   0B2   633~~3?Zu?
0F 00 27 44 30 42 31 37 36 20 42 41 5A 00 00 0F   ~~'D0B176 BAZ~~~
12 5A 75 3F 0F 00 2D 44 30 42 31 20 20 20 41 34   ~Zu?~~-D0B1   A4
20 00 00 10 3F 5A 75 3F 0F 00 36 44 30 42 31 20    ~~~?Zu?~~6D0B1 
20 20 41 44 56 00 00 10 3F 5A 75 3F 0F 00 2C 44     ADV~~~?Zu?~~,D
30 42 31 20 20 20 41 44 56 00 09 4F 31 5A 75 3F   0B1   ADV~~O1Zu?
0F 00 40 44 30 42 31 37 30 20 39 39 39 00 09 4F   ~~@D0B170 999~~O
4F 5A 75 3F 0F 00 43 44 30 42 31 20 20 20 30 31   OZu?~~CD0B1   01
39 00 09 4E 3F 5A 75 3F 0F 00 21 44 30 42 31 36   9~~N?Zu?~~!D0B16
39 20 49 52 58 00 00 48 3F 5A 75 3F 10 00 27 44   9 IRX~~H?Zu?~~'D
30 42 32 20 20 20 48 45 4C 00 00 1C 6B 5A 75 3F   0B2   HEL~~~kZu?
10 00 05 44 30 42 31 20 20 20 20 20 20 00 00 10   ~~~D0B1      ~~~
3F 5A 75 3F 10 00 17 44 30 42 32 20 20 20 41 44   ?Zu?~~~D0B2   AD
56 00 09 4E 3F 5A 75 3F 10 00 2F 44 30 42 31 20   V~~N?Zu?~~/D0B1 
20 20 50 45 55 00 00 4E 3F 5A 75 3F 10 00 74 44     PEU~~N?Zu?~~tD
30 42 31 20 20 20 57 47 20 00 00 1C 6B 5A 75 3F   0B1   WG ~~~kZu?
10 00 05 44 30 42 32 20 20 20 20 20 20 00 09 4F   ~~~D0B2      ~~O
31 5A 75 3F 10 00 34 44 30 42 31 20 20 20 39 39   1Zu?~~4D0B1   99
39 00 00 10 3F 5A 75 3F 10 00 2F 44 30 42 31 37   9~~~?Zu?~~/D0B17
35 20 41 44 56 00 00 44 29 5A 75 3F 10 00 3F 44   5 ADV~~D)Zu?~~?D
30 42 31 20 20 20 36 37 39 00 00 0F 12 5A 75 3F   0B1   679~~~~Zu?
10 00 3C 44 30 42 31 20 20 20 41 34 20 00 09 4E   ~~<D0B1   A4 ~~N
3F 5A 75 3F 10 00 23 44 30 42 31 20 20 20 4D 45   ?Zu?~~#D0B1   ME
44 00 09 4F 31 5A 75 3F 10 00 11 44 30 42 32 20   D~~O1Zu?~~~D0B2 
20 20 39 39 39 00 00 0F 12 5A 75 3F 10 00 1B 44     999~~~~Zu?~~~D
30 42 32 20 20 20 41 34 20 00 00 1C 6B 5A 75 3F   0B2   A4 ~~~kZu?
10 00 01 44 30 42 31 20 20 20 20 20 20 00 09 4F   ~~~D0B1      ~~O
31 5A 75 3F 10 00 14 44 30 42 32 20 20 20 39 39   1Zu?~~~D0B2   99
39 00 00 06 11 5A 75 3F 10 00 23 44 30 42 31 37   9~~~~Zu?~~#D0B17
30 20 49 4E 4D 00 00 3C 3F 5A 75 3F 10 00 47 44   0 INM~~<?Zu?~~GD
30 42 31 20 20 20 30 33 32 00 09 4F 3F 5A 75 3F   0B1   032~~O?Zu?
10 00 0A 44 30 42 32 20 20 20 46 45 50 00 00 10   ~~~D0B2   FEP~~~
3F 5A 75 3F 10 00 0E 44 30 42 32 20 20 20 48 4E   ?Zu?~~~D0B2   HN
45 00 00 10 3F 5A 75 3F 10 00 3B 44 30 42 31 37   E~~~?Zu?~~;D0B17
35 20 41 44 56 00 09 51 1F 5A 75 3F 10 00 22 44   5 ADV~~Q~Zu?~~"D
30 42 31 20 20 20 41 44 56 00 00 46 20 5A 75 3F   0B1   ADV~~F Zu?
10 00 34 44 30 45 31 4E 31 20 43 4F 4D 00 00 10   ~~4D0E1N1 COM~~~
3F 5A 75 3F 10 00 2E 44 30 42 31 20 20 20 4D 45   ?Zu?~~.D0B1   ME
44 00 00 10 3F 5A 75 3F 10 00 2F 44 30 42 31 20   D~~~?Zu?~~/D0B1 
20 20 4D 45 44 00 00 46 20 5A 75 3F 10 00 36 44     MED~~F Zu?~~6D
30 45 31 4E 31 20 43 4F 4D 00 00 0E 01 5A 75 3F   0E1N1 COM~~~~Zu?
11 00 52 44 30 42 31 20 20 20 20 20 20 00 09 51   ~~RD0B1      ~~Q
21 5A 75 3F 11 00 2A 44 30 42 32 20 20 20 56 41   !Zu?~~*D0B2   VA
20 00 09 4F 31 5A 75 3F 11 00 11 44 30 42 32 20    ~~O1Zu?~~~D0B2 
20 20 39 39 39 00 09 50 3F 5A 75 3F 11 00 2F 44     999~~P?Zu?~~/D
30 42 31 20 20 20 30 30 36 00 00 10 3F 5A 75 3F   0B1   006~~~?Zu?
11 00 32 44 30 42 31 20 20 20 41 44 56 00 09 50   ~~2D0B1   ADV~~P
5E 5A 75 3F 11 00 3F 44 30 42 31 20 20 20 43 56   ^Zu?~~?D0B1   CV
31 00 09 4E 3F 5A 75 3F 11 00 22 44 30 42 31 35   1~~N?Zu?~~"D0B15
32 20 49 52 58 00 09 4F 31 5A 75 3F 11 00 3F 44   2 IRX~~O1Zu?~~?D
30 42 31 37 39 20 39 39 39 00 09 51 2A 5A 75 3F   0B179 999~~Q*Zu?
11 00 27 44 30 42 31 38 33 20 4D 43 44 00 00 10   ~~'D0B183 MCD~~~
3F 5A 75 3F 11 00 27 44 30 42 31 37 36 20 41 44   ?Zu?~~'D0B176 AD
56 00 00 10 3F 5A 75 3F 11 00 2B 44 30 42 31 37   V~~~?Zu?~~+D0B17
35 20 41 44 56 00 09 51 1F 5A 75 3F 11 00 31 44   5 ADV~~Q~Zu?~~1D
30 42 31 20 20 20 41 44 56 00 00 4E 3F 5A 75 3F   0B1   ADV~~N?Zu?
11 00 26 44 30 42 31 37 39 20 57 47 20 00 09 4F   ~~&D0B179 WG ~~O
31 5A 75 3F 11 00 25 44 30 42 32 20 20 20 39 39   1Zu?~~%D0B2   99
39 00 00 58 3F 5A 75 3F 11 03 3F 44 30 42 31 20   9~~X?Zu?~~?D0B1 
20 20 36 33 33 00 00 10 3F 5A 75 3F 11 00 28 44     633~~~?Zu?~~(D
30 42 31 20 20 20 4D 45 44 00 00 54 3F 5A 75 3F   0B1   MED~~T?Zu?
11 00 2B 44 30 42 31 38 38 20 20 20 20 00 00 0F   ~~+D0B188    ~~~
12 5A 75 3F 11 00 27 44 30 42 31 37 39 20 41 34   ~Zu?~~'D0B179 A4
20 00 00 1C 6B 5A 75 3F 11 00 05 44 30 42 32 20    ~~~kZu?~~~D0B2 
20 20 20 20 20 00 09 4E 3F 5A 75 3F 11 00 37 44        ~~N?Zu?~~7D
30 42 31 20 20 20 49 52 58 00 09 4F 31 5A 75 3F   0B1   IRX~~O1Zu?
11 00 49 44 30 42 31 20 20 20 39 39 39 00 09 4F   ~~ID0B1   999~~O
31 5A 75 3F 11 00 41 44 30 42 31 20 20 20 39 39   1Zu?~~AD0B1   99
39 00 09 4E 3F 5A 75 3F 12 00 17 44 30 42 32 20   9~~N?Zu?~~~D0B2 
20 20 50 45 55 00 00 10 3F 5A 75 3F 12 00 14 44     PEU~~~?Zu?~~~D
30 42 32 20 20 20 37 37 39 00 00 10 3F 5A 75 3F   0B2   779~~~?Zu?
12 00 15 44 30 42 32 20 20 20 41 44 56 00 00 10   ~~~D0B2   ADV~~~
3F 5A 75 3F 12 00 20 44 30 42 31 36 39 20 41 44   ?Zu?~~ D0B169 AD
56 00 09 50 3F 5A 75 3F 12 00 23 44 30 42 31 20   V~~P?Zu?~~#D0B1 
20 20 30 30 36 00 00 5E 3F 5A 75 3F 12 00 60 44     006~~^?Zu?~~`D
30 42 31 20 20 20 4F 48 52 00 00 0F 12 5A 75 3F   0B1   OHR~~~~Zu?
12 00 30 44 30 42 31 20 20 20 41 34 20 00 00 10   ~~0D0B1   A4 ~~~
3F 5A 75 3F 12 00 10 44 30 42 32 20 20 20 4D 45   ?Zu?~~~D0B2   ME
44 00 09 4F 31 5A 75 3F 12 00 39 44 30 42 31 20   D~~O1Zu?~~9D0B1 
20 20 39 39 39 00 09 4F 3F 5A 75 3F 12 00 10 44     999~~O?Zu?~~~D
30 42 32 20 20 20 46 45 50 00 00 58 3F 5A 75 3F   0B2   FEP~~X?Zu?
12 00 13 44 30 42 32 20 20 20 36 33 33 00 09 50   ~~~D0B2   633~~P
3F 5A 75 3F 12 00 27 44 30 42 31 37 30 20 30 30   ?Zu?~~'D0B170 00
36 00 00 10 3F 5A 75 3F 12 00 27 44 30 42 31 20   6~~~?Zu?~~'D0B1 
20 20 4D 45 44 00 09 51 40 5A 75 3F 12 00 51 44     MED~~Q@Zu?~~QD
30 42 31 39 34 33 30 32 30 00 00 10 3F 5A 75 3F   0B1943020~~~?Zu?
12 00 56 44 30 42 31 37 39 20 4D 45 44 00 09 4E   ~~VD0B179 MED~~N
3F 5A 75 3F 12 00 30 44 30 42 31 35 30 20 49 52   ?Zu?~~0D0B150 IR
58 00 09 50 3F 5A 75 3F 12 00 29 44 30 42 31 20   X~~P?Zu?~~)D0B1 
20 20 4D 45 44 00 00 10 3F 5A 75 3F 12 00 10 44     MED~~~?Zu?~~~D
30 42 32 20 20 20 41 44 56 00 00 10 3F 5A 75 3F   0B2   ADV~~~?Zu?
12 00 3A 44 30 42 31 20 20 20 41 44 56 00 00 46   ~~:D0B1   ADV~~F
20 5A 75 3F 12 00 39 44 30 45 31 20 20 20 43 4F    Zu?~~9D0E1   CO
4D 00 00 10 3F 5A 75 3F 12 00 0E 44 30 42 32 20   M~~~?Zu?~~~D0B2 
20 20 41 44 56 00 00 54 49 5A 75 3F 12 00 32 44     ADV~~TIZu?~~2D
30 42 31 35 31 20 20 20 20 00 09 51 2A 5A 75 3F   0B151    ~~Q*Zu?
13 00 24 44 30 42 32 20 20 20 4E 56 54 00 09 4F   ~~$D0B2   NVT~~O
31 5A 75 3F 13 00 10 44 30 42 32 20 20 20 39 39   1Zu?~~~D0B2   99
39 00 00 58 3F 5A 75 3F 13 00 64 44 30 42 31 38   9~~X?Zu?~~dD0B18
38 20 36 33 33 00 00 10 3F 5A 75 3F 13 01 3F 44   8 633~~~?Zu?~~?D
30 42 31 37 35 20 43 41 4C 00 00 10 3F 5A 75 3F   0B175 CAL~~~?Zu?
13 00 30 44 30 42 31 20 20 20 41 44 56 00 00 10   ~~0D0B1   ADV~~~
3F 5A 75 3F 13 00 2B 44 30 42 31 20 20 20 41 44   ?Zu?~~+D0B1   AD
56 00 00 10 3F 5A 75 3F 13 00 55 44 30 42 31 20   V~~~?Zu?~~UD0B1 
20 20 54 45 4C 00 09 4F 3F 5A 75 3F 13 00 29 44     TEL~~O?Zu?~~)D
30 42 31 20 20 20 46 45 50 00 00 58 3F 5A 75 3F   0B1   FEP~~X?Zu?
13 00 7B 44 30 42 31 20 20 20 33 39 33 00 00 10   ~~{D0B1   393~~~
3F 5A 75 3F 13 00 2D 44 30 42 31 20 20 20 4D 45   ?Zu?~~-D0B1   ME
44 00 00 10 3F 5A 75 3F 13 00 27 44 30 42 31 37   D~~~?Zu?~~'D0B17
39 20 4D 45 44 00 00 10 3F 5A 75 3F 13 00 2A 44   9 MED~~~?Zu?~~*D
30 42 31 20 20 20 41 44 56 00 09 4F 31 5A 75 3F   0B1   ADV~~O1Zu?
13 00 36 44 30 42 31 20 20 20 39 39 39 00 09 4E   ~~6D0B1   999~~N
3F 5A 75 3F 13 00 30 44 30 42 31 20 20 20 20 20   ?Zu?~~0D0B1     
20 00 00 0F 12 5A 75 3F 13 00 0D 44 30 42 32 20    ~~~~Zu?~~~D0B2 
20 20 4D 44 20 00 00 1C 6B 5A 75 3F 13 00 01 44     MD ~~~kZu?~~~D
30 42 31 20 20 20 20 20 20 00 00 10 3F 5A 75 3F   0B1      ~~~?Zu?
13 00 2A 44 30 42 31 20 20 20 41 44 56 00 00 10   ~~*D0B1   ADV~~~
3F 5A 75 3F 13 00 25 44 30 42 31 35 34 20 4D 45   ?Zu?~~%D0B154 ME
44 00 09 4E 3F 5A 75 3F 13 00 1A 44 30 42 32 20   D~~N?Zu?~~~D0B2 
20 20 50 45 55 00 00 42 72 5A 75 3F 13 00 30 44     PEU~~BrZu?~~0D
30 42 31 20 20 20 43 49 4D 00 00 46 20 5A 75 3F   0B1   CIM~~F Zu?
13 00 23 44 30 45 31 4E 31 20 43 4F 4D 00 00 10   ~~#D0E1N1 COM~~~
3F 5A 75 3F 13 00 28 44 30 42 31 20 20 20 37 37   ?Zu?~~(D0B1   77
39 00 09 4F 3F 5A 75 3F 14 00 3A 44 30 42 31 37   9~~O?Zu?~~:D0B17
30 20 39 39 39 00 00 33 21 5A 75 3F 14 00 22 44   0 999~~3!Zu?~~"D
30 42 31 36 39 20 4D 43 41 00 00 3C 3F 5A 75 3F   0B169 MCA~~<?Zu?
14 00 43 44 30 42 31 35 36 39 30 33 32 00 00 58   ~~CD0B1569032~~X
3F 5A 75 3F 14 00 3F 44 30 42 31 20 20 20 36 33   ?Zu?~~?D0B1   63
33 00 00 46 20 5A 75 3F 14 00 39 44 30 45 31 20   3~~F Zu?~~9D0E1 
20 20 43 4F 4D 00 00 10 3F 5A 75 3F 14 00 16 44     COM~~~?Zu?~~~D
30 42 32 20 20 20 4D 45 44 00 00 10 3F 5A 75 3F   0B2   MED~~~?Zu?
14 00 2B 44 30 42 31 20 20 20 4D 45 44 00 00 58   ~~+D0B1   MED~~X
3F 5A 75 3F 14 00 65 44 30 42 31 20 20 20 36 33   ?Zu?~~eD0B1   63
33 00 00 4E 3F 5A 75 3F 14 00 30 44 30 42 31 37   3~~N?Zu?~~0D0B17
30 20 49 53 20 00 00 10 3F 5A 75 3F 14 00 2C 44   0 IS ~~~?Zu?~~,D
30 42 31 37 30 20 4D 45 44 00 00 0E 01 5A 75 3F   0B170 MED~~~~Zu?
14 00 10 44 30 42 32 20 20 20 41 53 50 00 09 50   ~~~D0B2   ASP~~P
3F 5A 75 3F 14 00 4A 44 30 42 31 20 20 20 30 30   ?Zu?~~JD0B1   00
36 00 09 4E 3F 5A 75 3F 14 00 28 44 30 42 31 36   6~~N?Zu?~~(D0B16
34 36 49 52 58 00 00 4E 3F 5A 75 3F 14 00 3E 44   46IRX~~N?Zu?~~>D
30 42 31 20 20 20 49 53 20 00 00 10 3F 5A 75 3F   0B1   IS ~~~?Zu?
14 00 31 44 30 42 31 20 20 20 4D 43 41 00 00 0F   ~~1D0B1   MCA~~~
12 5A 75 3F 14 00 2F 44 30 42 31 20 20 20 41 34   ~Zu?~~/D0B1   A4
20 00 00 2D 20 5A 75 3F 14 00 54 44 30 42 31 37    ~~- Zu?~~TD0B17
30 20 49 4C 44 00 09 4F 3F 5A 75 3F 14 00 11 44   0 ILD~~O?Zu?~~~D
30 42 32 20 20 20 39 39 39 00 00 10 3F 5A 75 3F   0B2   999~~~?Zu?
14 00 3E 44 30 42 31 20 20 20 4D 43 41 00 00 10   ~~>D0B1   MCA~~~
3F 5A 75 3F 14 00 2F 44 30 42 31 20 20 20 37 37   ?Zu?~~/D0B1   77
39 00 00 46 20 5A 75 3F 14 00 2E 44 30 45 31 4E   9~~F Zu?~~.D0E1N
31 20 43 4F 4D 00 00 10 3F 5A 75 3F 15 00 17 44   1 COM~~~?Zu?~~~D
30 42 32 20 20 20 41 44 56 00 00 15 01 5A 75 3F   0B2   ADV~~~~Zu?
15 00 3F 44 30 42 31 20 20 20 31 30 30 00 00 10   ~~?D0B1   100~~~
3F 5A 75 3F 15 00 2C 44 30 42 31 20 20 20 41 44   ?Zu?~~,D0B1   AD
56 00 00 46 20 5A 75 3F 15 00 15 44 30 45 31 4E   V~~F Zu?~~~D0E1N
31 20 43 4F 4D 00 09 4E 3F 5A 75 3F 15 00 2E 44   1 COM~~N?Zu?~~.D
30 42 31 34 31 20 50 45 55 00 09 50 5E 5A 75 3F   0B141 PEU~~P^Zu?
15 00 3F 44 30 42 31 20 20 20 43 56 31 00 00 58   ~~?D0B1   CV1~~X
3F 5A 75 3F 15 00 5E 44 30 42 31 37 35 20 36 33   ?Zu?~~^D0B175 63
33 00 09 4F 31 5A 75 3F 15 00 39 44 30 42 31 20   3~~O1Zu?~~9D0B1 
20 20 39 39 39 00 00 10 3F 5A 75 3F 15 00 55 44     999~~~?Zu?~~UD
30 42 31 20 20 20 4D 43 41 00 00 10 3F 5A 75 3F   0B1   MCA~~~?Zu?
15 00 2D 44 30 42 31 20 20 20 4D 45 44 00 00 10   ~~-D0B1   MED~~~
3F 5A 75 3F 15 00 40 44 30 42 31 20 20 20 41 44   ?Zu?~~@D0B1   AD
56 00 09 4F 31 5A 75 3F 15 00 46 44 30 42 31 20   V~~O1Zu?~~FD0B1 
20 20 39 39 39 00 00 4E 3F 5A 75 3F 15 00 3F 44     999~~N?Zu?~~?D
30 42 31 20 20 20 57 47 20 00 00 58 3F 5A 75 3F   0B1   WG ~~X?Zu?
15 00 0A 44 30 42 31 38 35 20 36 33 33 00 09 29   ~~~D0B185 633~~)
6A 5A 75 3F 15 00 3F 44 30 42 31 30 37 20 35 34   jZu?~~?D0B107 54
20 00 09 4F 31 5A 75 3F 15 00 0A 44 30 42 32 20    ~~O1Zu?~~~D0B2 
20 20 39 39 39 00 00 10 3F 5A 75 3F 15 00 3F 44     999~~~?Zu?~~?D
30 42 31 58 4B 20 54 45 4C 00 00 10 3F 5A 75 3F   0B1XK TEL~~~?Zu?
15 00 15 44 30 42 32 20 20 20 41 44 56 00 00 49   ~~~D0B2   ADV~~I
3F 5A 75 3F 15 00 3F 44 30 42 31 36 45 20 33 46   ?Zu?~~?D0B16E 3F
20 00 00 10 3F 5A 75 3F 15 00 0B 44 30 42 32 20    ~~~?Zu?~~~D0B2 
20 20 4D 45 44 00 00 52 3F 5A 75 3F 16 00 3F 44     MED~~R?Zu?~~?D
30 42 31 20 20 20 44 49 53 00 00 10 3F 5A 75 3F   0B1   DIS~~~?Zu?
16 00 29 44 30 42 31 20 20 20 4D 45 44 00 00 10   ~~)D0B1   MED~~~
3F 5A 75 3F 16 00 27 44 30 42 31 20 20 20 41 44   ?Zu?~~'D0B1   AD
56 00 09 50 02 5A 75 3F 16 00 11 44 30 42 32 20   V~~P~Zu?~~~D0B2 
20 20 44 43 41 00 09 4E 3F 5A 75 3F 16 00 26 44     DCA~~N?Zu?~~&D
30 42 31 20 20 20 20 20 20 00 00 58 3F 5A 75 3F   0B1      ~~X?Zu?
16 00 5E 44 30 42 31 20 20 20 36 33 33 00 00 10   ~~^D0B1   633~~~
3F 5A 75 3F 16 00 2D 44 30 42 31 20 20 20 4D 43   ?Zu?~~-D0B1   MC
41 00 00 3C 3F 5A 75 3F 16 00 2C 44 30 42 31 20   A~~<?Zu?~~,D0B1 
20 20 30 33 32 00 00 46 20 5A 75 3F 16 00 31 44     032~~F Zu?~~1D
30 45 31 20 20 20 43 4F 4D 00 00 4E 3F 5A 75 3F   0E1   COM~~N?Zu?
16 00 28 44 30 42 31 20 20 20 43 53 20 00 00 3C   ~~(D0B1   CS ~~<
3F 5A 75 3F 16 00 37 44 30 42 31 20 20 20 30 33   ?Zu?~~7D0B1   03
32 00 09 4F 31 5A 75 3F 16 00 44 44 30 42 31 20   2~~O1Zu?~~DD0B1 
20 20 39 39 39 00 00 1C 6B 5A 75 3F 16 00 01 44     999~~~kZu?~~~D
30 42 31 20 20 20 20 20 20 00 00 19 3F 5A 75 3F   0B1      ~~~?Zu?
16 00 64 44 30 42 31 37 35 20 55 44 4B 00 00 10   ~~dD0B175 UDK~~~
3F 5A 75 3F 16 00 2C 44 30 42 31 20 20 20 4D 43   ?Zu?~~,D0B1   MC
41 00 00 43 7A 5A 75 3F 16 00 68 44 30 42 31 37   A~~CzZu?~~hD0B17
35 20 50 44 4D 00 09 4F 3F 5A 75 3F 16 00 30 44   5 PDM~~O?Zu?~~0D
30 42 31 20 20 20 39 39 39 00 00 58 3F 5A 75 3F   0B1   999~~X?Zu?
16 00 53 44 30 42 31 20 20 20 36 33 33 00 00 0F   ~~SD0B1   633~~~
12 5A 75 3F 16 00 23 44 30 42 32 20 20 20 4D 41   ~Zu?~~#D0B2   MA
20 00 00 0F 12 5A 75 3F 16 00 1A 44 30 42 32 20    ~~~~Zu?~~~D0B2 
20 20 41 34 20 00 00 3C 3F 5A 75 3F 16 00 3F 44     A4 ~~<?Zu?~~?D
30 42 31 35 36 39 30 33 32 00 00 46 20 5A 75 3F   0B1569032~~F Zu?
17 00 27 44 30 45 31 4E 31 20 43 4F 4D 00 00 1C   ~~'D0E1N1 COM~~~
6B 5A 75 3F 17 00 05 44 30 42 31 20 20 20 20 20   kZu?~~~D0B1     
20 00 00 20 3F 5A 75 3F 17 00 13 44 30 42 31 20    ~~ ?Zu?~~~D0B1 
20 20 43 4F 56 00 00 42 72 5A 75 3F 17 00 2A 44     COV~~BrZu?~~*D
30 42 31 20 20 20 43 49 4D 00 00 0F 12 5A 75 3F   0B1   CIM~~~~Zu?
17 00 3F 44 30 42 31 20 20 20 57 43 20 00 09 4F   ~~?D0B1   WC ~~O
3F 5A 75 3F 17 00 31 44 30 42 31 20 20 20 39 39   ?Zu?~~1D0B1   99
39 00 09 51 2A 5A 75 3F 17 00 38 44 30 42 31 4E   9~~Q*Zu?~~8D0B1N
4E 20 4E 56 54 00 00 10 3F 5A 75 3F 17 00 66 44   N NVT~~~?Zu?~~fD
30 42 31 20 20 20 4D 43 41 00 00 58 3F 5A 75 3F   0B1   MCA~~X?Zu?
17 00 63 44 30 42 31 20 20 20 36 33 33 00 09 50   ~~cD0B1   633~~P
3F 5A 75 3F 17 00 39 44 30 42 31 20 20 20 30 30   ?Zu?~~9D0B1   00
36 00 00 2D 20 5A 75 3F 17 00 41 44 30 42 31 37   6~~- Zu?~~AD0B17
35 20 42 43 54 00 00 10 3F 5A 75 3F 17 00 38 44   5 BCT~~~?Zu?~~8D
30 42 31 20 20 20 41 44 56 00 09 50 3F 5A 75 3F   0B1   ADV~~P?Zu?
17 00 1E 44 30 42 32 20 20 20 34 34 34 00 00 10   ~~~D0B2   444~~~
3F 5A 75 3F 17 00 10 44 30 42 32 20 20 20 41 44   ?Zu?~~~D0B2   AD
56 00 00 17 3F 5A 75 3F 17 00 3F 44 30 42 31 20   V~~~?Zu?~~?D0B1 
20 20 4D 53 43 00 00 45 3F 5A 75 3F 17 00 3F 44     MSC~~E?Zu?~~?D
30 42 31 41 46 20 49 4C 50 00 09 50 3F 5A 75 3F   0B1AF ILP~~P?Zu?
18 00 3A 44 30 42 31 38 38 20 4D 45 44 00 00 47   ~~:D0B188 MED~~G
38 5A 75 3F 18 00 31 44 30 42 31 20 20 20 50 42   8Zu?~~1D0B1   PB
4D 00 00 10 3F 5A 75 3F 18 00 2B 44 30 42 31 37   M~~~?Zu?~~+D0B17
30 20 41 44 56 00 00 61 38 5A 75 3F 18 00 29 44   0 ADV~~a8Zu?~~)D
30 42 31 20 20 20 36 38 33 00 00 10 3F 5A 75 3F   0B1   683~~~?Zu?
18 00 33 44 30 42 31 37 35 20 41 44 56 00 00 10   ~~3D0B175 ADV~~~
3F 5A 75 3F 18 00 31 44 30 42 31 37 35 20 41 44   ?Zu?~~1D0B175 AD
56 00 00 1C 6B 5A 75 3F 18 00 06 44 30 42 31 20   V~~~kZu?~~~D0B1 
20 20 20 20 20 00 00 10 3F 5A 75 3F 18 00 12 44        ~~~?Zu?~~~D
30 42 32 20 20 20 41 44 56 00 00 10 3F 5A 75 3F   0B2   ADV~~~?Zu?
18 00 15 44 30 42 32 20 20 20 41 44 56 00 09 50   ~~~D0B2   ADV~~P
3F 5A 75 3F 18 00 2E 44 30 42 31 37 35 20 34 34   ?Zu?~~.D0B175 44
30 00 09 4E 3F 5A 75 3F 18 00 2F 44 30 42 31 38   0~~N?Zu?~~/D0B18
38 20 4D 45 44 00 00 10 3F 5A 75 3F 18 00 2A 44   8 MED~~~?Zu?~~*D
30 42 31 37 36 20 4D 45 44 00 00 10 3F 5A 75 3F   0B176 MED~~~?Zu?
18 00 3D 44 30 42 31 37 39 20 41 44 56 00 00 2D   ~~=D0B179 ADV~~-
20 5A 75 3F 18 00 11 44 30 42 32 20 20 20 42 43    Zu?~~~D0B2   BC
54 00 00 1C 6B 5A 75 3F 18 00 01 44 30 42 31 20   T~~~kZu?~~~D0B1 
20 20 20 20 20 00 09 50 3F 5A 75 3F 18 00 2B 44        ~~P?Zu?~~+D
30 42 31 20 20 20 39 39 39 00 00 46 20 5A 75 3F   0B1   999~~F Zu?
18 00 2A 44 30 45 31 20 20 20 43 4F 4D 00 00 3C   ~~*D0E1   COM~~<
3F 5A 75 3F 18 00 4A 44 30 42 31 20 20 20 30 33   ?Zu?~~JD0B1   03
32 00 00 10 3F 5A 75 3F 18 00 3F 44 30 42 31 20   2~~~?Zu?~~?D0B1 
20 20 4D 45 44 00 00 10 3F 5A 75 3F 18 00 24 44     MED~~~?Zu?~~$D
30 42 31 38 35 20 41 44 56 00 00 10 3F 5A 75 3F   0B185 ADV~~~?Zu?
18 00 28 44 30 42 31 20 20 20 41 44 56 00 09 4F   ~~(D0B1   ADV~~O
31 5A 75 3F 18 00 43 44 30 42 31 20 20 20 39 39   1Zu?~~CD0B1   99
39 00 00 1C 6B 5A 75 3F 19 00 01 44 30 42 31 20   9~~~kZu?~~~D0B1 
20 20 20 20 20 00 00 48 6B 5A 75 3F 19 00 4D 44        ~~HkZu?~~MD
30 42 32 20 20 20 30 31 38 00 00 10 3F 5A 75 3F   0B2   018~~~?Zu?
19 00 24 44 30 42 31 20 20 20 4D 45 44 00 00 1C   ~~$D0B1   MED~~~
6B 5A 75 3F 19 00 01 44 30 42 31 20 20 20 20 20   kZu?~~~D0B1     
20 00 09 50 3F 5A 75 3F 19 00 32 44 30 42 31 20    ~~P?Zu?~~2D0B1 
20 20 4D 45 44 00 00 1C 6B 5A 75 3F 19 00 06 44     MED~~~kZu?~~~D
30 42 31 20 20 20 20 20 20 00 00 10 3F 5A 75 3F   0B1      ~~~?Zu?
19 00 30 44 30 42 31 20 20 20 37 37 39 00 00 46   ~~0D0B1   779~~F
20 5A 75 3F 19 00 35 44 30 45 31 4E 31 20 43 4F    Zu?~~5D0E1N1 CO
4D 00 00 0F 12 5A 75 3F 19 00 14 44 30 42 32 20   M~~~~Zu?~~~D0B2 
20 20 4D 44 20 00 00 55 41 5A 75 3F 19 00 2E 44     MD ~~UAZu?~~.D
30 42 31 37 30 20 49 52 58 00 00 46 20 5A 75 3F   0B170 IRX~~F Zu?
19 00 0A 44 30 45 31 20 20 20 43 4F 4D 00 09 4E   ~~~D0E1   COM~~N
3F 5A 75 3F 19 00 2B 44 30 42 31 37 39 20 50 45   ?Zu?~~+D0B179 PE
55 00 00 10 3F 5A 75 3F 19 00 2C 44 30 42 31 20   U~~~?Zu?~~,D0B1 
20 20 4D 45 44 00 00 10 3F 5A 75 3F 19 00 2D 44     MED~~~?Zu?~~-D
30 42 31 20 20 20 41 44 56 00 00 3C 3F 5A 75 3F   0B1   ADV~~<?Zu?
19 00 66 44 30 42 31 35 36 39 30 33 32 00 00 10   ~~fD0B1569032~~~
3F 5A 75 3F 19 00 14 44 30 42 32 20 20 20 41 44   ?Zu?~~~D0B2   AD
56 00 00 4E 3F 5A 75 3F 19 00 29 44 30 42 31 20   V~~N?Zu?~~)D0B1 
20 20 57 4B 20 00 00 5E 3F 5A 75 3F 19 00 5E 44     WK ~~^?Zu?~~^D
30 42 31 20 20 20 4F 48 52 00 09 4F 24 5A 75 3F   0B1   OHR~~O$Zu?
19 00 59 44 30 42 31 37 35 20 44 52 4D 00 00 10   ~~YD0B175 DRM~~~
3F 5A 75 3F 19 00 1B 44 30 42 32 20 20 20 4D 45   ?Zu?~~~D0B2   ME
44 00 00 4B 3F 5A 75 3F 1A 00 43 44 30 42 31 20   D~~K?Zu?~~CD0B1 
20 20 37 32 38 00 00 10 3F 5A 75 3F 1A 00 3A 44     728~~~?Zu?~~:D
30 42 31 37 35 20 37 37 39 00 00 10 3F 5A 75 3F   0B175 779~~~?Zu?
1A 00 3D 44 30 42 31 20 20 20 4D 45 44 00 00 10   ~~=D0B1   MED~~~
3F 5A 75 3F 1A 00 27 44 30 42 31 20 20 20 41 44   ?Zu?~~'D0B1   AD
56 00 00 1C 6B 5A 75 3F 1A 00 06 44 30 42 31 20   V~~~kZu?~~~D0B1 
20 20 20 20 20 00 09 4F 3F 5A 75 3F 1A 00 0F 44        ~~O?Zu?~~~D
30 42 32 20 20 20 46 45 50 00 00 10 3F 5A 75 3F   0B2   FEP~~~?Zu?
1A 00 33 44 30 42 31 37 33 20 41 44 56 00 00 2D   ~~3D0B173 ADV~~-
20 5A 75 3F 1A 00 51 44 30 42 31 20 20 20 49 4C    Zu?~~QD0B1   IL
44 00 00 10 3F 5A 75 3F 1A 00 20 44 30 42 31 37   D~~~?Zu?~~ D0B17
39 20 4D 45 44 00 00 10 3F 5A 75 3F 1A 00 2A 44   9 MED~~~?Zu?~~*D
30 42 31 20 20 20 4D 45 44 00 00 10 3F 5A 75 3F   0B1   MED~~~?Zu?
1A 00 30 44 30 42 31 20 20 20 41 44 56 00 00 10   ~~0D0B1   ADV~~~
3F 5A 75 3F 1A 00 34 44 30 42 31 37 35 20 4D 45   ?Zu?~~4D0B175 ME
44 00 00 10 3F 5A 75 3F 1A 00 25 44 30 42 31 20   D~~~?Zu?~~%D0B1 
20 20 41 44 56 00 09 50 3F 5A 75 3F 1A 00 3E 44     ADV~~P?Zu?~~>D
30 42 31 37 30 20 34 34 30 00 00 4E 3F 5A 75 3F   0B170 440~~N?Zu?
1A 00 17 44 30 42 32 20 20 20 49 4E 20 00 00 10   ~~~D0B2   IN ~~~
3F 5A 75 3F 1A 00 18 44 30 42 32 20 20 20 41 44   ?Zu?~~~D0B2   AD
56 00 00 10 3F 5A 75 3F 1B 00 32 44 30 42 31 20   V~~~?Zu?~~2D0B1 
20 20 41 44 56 00 00 58 3F 5A 75 3F 1B 00 0A 44     ADV~~X?Zu?~~~D
30 42 31 45 56 20 36 33 33 00 00 10 3F 5A 75 3F   0B1EV 633~~~?Zu?
1B 00 49 44 30 42 31 20 20 20 4D 45 44 00 00 55   ~~ID0B1   MED~~U
3F 5A 75 3F 1B 00 23 44 30 42 31 20 20 20 42 45   ?Zu?~~#D0B1   BE
41 00 00 46 20 5A 75 3F 1B 00 2D 44 30 45 31 20   A~~F Zu?~~-D0E1 
20 20 43 4F 4D 00 00 51 3F 5A 75 3F 1B 01 04 44     COM~~Q?Zu?~~~D
30 42 31 20 20 20 30 37 39 00 00 17 3F 5A 75 3F   0B1   079~~~?Zu?
1B 00 3F 44 30 42 32 20 20 20 4D 53 43 00 09 4E   ~~?D0B2   MSC~~N
3F 5A 75 3F 1B 00 28 44 30 42 31 20 20 20 50 45   ?Zu?~~(D0B1   PE
55 00 00 0F 12 5A 75 3F 1B 00 0B 44 30 42 32 20   U~~~~Zu?~~~D0B2 
20 20 4D 44 20 00 00 10 3F 5A 75 3F 1B 00 3A 44     MD ~~~?Zu?~~:D
30 42 31 20 20 20 4D 45 44 00 00 10 3F 5A 75 3F   0B1   MED~~~?Zu?
1B 00 21 44 30 42 32 20 20 20 41 44 56 00 00 46   ~~!D0B2   ADV~~F
20 5A 75 3F 1B 00 4F 44 30 45 31 20 20 20 43 4F    Zu?~~OD0E1   CO
4D 00 09 4E 3F 5A 75 3F 1B 00 31 44 30 42 31 20   M~~N?Zu?~~1D0B1 
20 20 49 52 58 00 09 51 1F 5A 75 3F 1B 00 24 44     IRX~~Q~Zu?~~$D
30 42 31 20 20 20 41 44 56 00 00 58 3F 5A 75 3F   0B1   ADV~~X?Zu?
1B 00 79 44 30 42 31 38 38 20 36 33 33 00 09 4F   ~~yD0B188 633~~O
3F 5A 75 3F 1B 00 30 44 30 42 31 37 36 20 39 39   ?Zu?~~0D0B176 99
39 00 00 4E 3F 5A 75 3F 1B 00 33 44 30 42 31 37   9~~N?Zu?~~3D0B17
35 20 43 53 20 00 00 10 3F 5A 75 3F 1C 00 3E 44   5 CS ~~~?Zu?~~>D
30 42 31 20 20 20 4D 45 44 00 00 10 3F 5A 75 3F   0B1   MED~~~?Zu?
1C 00 3A 44 30 42 31 37 35 20 4D 45 44 00 09 4E   ~~:D0B175 MED~~N
3F 5A 75 3F 1C 00 28 44 30 42 31 37 39 20 4D 45   ?Zu?~~(D0B179 ME
44 00 09 50 3F 5A 75 3F 1C 00 2D 44 30 42 31 37   D~~P?Zu?~~-D0B17
30 20 30 30 36 00 00 0F 3F 5A 75 3F 1C 00 40 44   0 006~~~?Zu?~~@D
30 42 31 37 35 20 34 33 2D 00 09 4E 3F 5A 75 3F   0B175 43-~~N?Zu?
1C 00 22 44 30 42 31 20 20 20 50 45 55 00 09 50   ~~"D0B1   PEU~~P
3F 5A 75 3F 1C 00 7C 44 30 42 31 37 35 20 20 20   ?Zu?~~|D0B175   
20 00 00 46 20 5A 75 3F 1C 00 28 44 30 45 31 4E    ~~F Zu?~~(D0E1N
31 20 43 4F 4D 00 00 42 72 5A 75 3F 1C 00 39 44   1 COM~~BrZu?~~9D
30 42 31 20 20 20 43 49 4D 00 00 10 3F 5A 75 3F   0B1   CIM~~~?Zu?
1C 00 28 44 30 42 31 20 20 20 41 44 56 00 09 50   ~~(D0B1   ADV~~P
5E 5A 75 3F 1C 00 50 44 30 42 32 20 20 20 43 56   ^Zu?~~PD0B2   CV
31 00 00 48 3F 5A 75 3F 1C 00 13 44 30 42 32 20   1~~H?Zu?~~~D0B2 
20 20 48 45 4C 00 00 10 3F 5A 75 3F 3F 00 3C 44     HEL~~~?Zu??~<D
30 42 31 20 20 20 4D 43 41 00 00 10 3F 5A 75 3F   0B1   MCA~~~?Zu?
3F 00 27 44 30 42 31 20 20 20 41 44 56 00 00 1C   ?~'D0B1   ADV~~~
6B 5A 75 3F 3F 00 05 44 30 42 32 20 20 20 20 20   kZu??~~D0B2     
20 00 00 10 3F 5A 75 3F 3F 00 1B 44 30 42 32 20    ~~~?Zu??~~D0B2 
20 20 4D 45 44 00 09 4E 3F 5A 75 3F 3F 00 2F 44     MED~~N?Zu??~/D
30 42 31 20 20 20 50 45 55 00 00 10 3F 5A 75 3F   0B1   PEU~~~?Zu?
3F 00 35 44 30 42 31 20 20 20 41 44 56 00 00 58   ?~5D0B1   ADV~~X
3F 5A 75 3F 3F 00 6D 44 30 42 32 20 20 20 36 33   ?Zu??~mD0B2   63
33 00 09 50 3F 5A 75 3F 3F 00 2F 44 30 42 31 37   3~~P?Zu??~/D0B17
39 20 30 30 36 00 09 4F 31 5A 75 3F 3F 00 42 44   9 006~~O1Zu??~BD
30 42 31 20 20 20 39 39 39 00 09 4E 3F 5A 75 3F   0B1   999~~N?Zu?
3F 00 1B 44 30 42 31 37 37 20 50 45 55 00 00 15   ?~~D0B177 PEU~~~
01 5A 75 3F 3F 00 3F 44 30 42 31 20 20 20 31 30   ~Zu??~?D0B1   10
30 00 00 10 3F 5A 75 3F 3F 00 2B 44 30 42 31 20   0~~~?Zu??~+D0B1 
20 20 48 4E 45 00 00 10 3F 5A 75 3F 3F 00 3C 44     HNE~~~?Zu??~<D
30 42 31 20 20 20 41 44 56 00 00 10 3F 5A 75 3F   0B1   ADV~~~?Zu?
3F 00 29 44 30 42 31 37 35 20 41 44 56 00 00 10   ?~)D0B175 ADV~~~
3F 5A 75 3F 3F 00 27 44 30 42 31 37 36 20 37 37   ?Zu??~'D0B176 77
39 00 00 0F 12 5A 75 3F 3F 00 50 44 30 42 31 37   9~~~~Zu??~PD0B17
35 20 41 34 20 00 00 58 3F 5A 75 3F 3F 00 3F 44   5 A4 ~~X?Zu??~?D
30 42 31 20 20 20 36 33 33 00 09 29 6C 5A 75 3F   0B1   633~~)lZu?
3F 00 19 44 30 42 32 20 20 20 31 30 36 00 00 46   ?~~D0B2   106~~F
20 5A 75 3F 3F 00 3D 44 30 45 31 20 20 20 43 4F    Zu??~=D0E1   CO
4D 00 00 3C 3F 5A 75 3F 3F 00 1F 44 30 42 32 20   M~~<?Zu??~~D0B2 
20 20 30 33 32 00 00 0F 12 5A 75 3F 3F 00 25 44     032~~~~Zu??~%D
30 42 31 20 20 20 4D 44 20 00 00 0F 12 5A 75 3F   0B1   MD ~~~~Zu?
3F 00 55 44 30 42 31 37 35 20 41 34 20 00 00 15   ?~UD0B175 A4 ~~~
01 5A 75 3F 3F 00 0E 44 30 42 32 20 20 20 31 30   ~Zu??~~D0B2   10
30 00 00 10 3F 5A 75 3F 3F 00 26 44 30 42 31 38   0~~~?Zu??~&D0B18
35 20 4D 45 44 00 00 1C 6B 5A 75 3F 3F 00 01 44   5 MED~~~kZu??~~D
30 42 32 20 20 20 20 20 20 00 09 4E 3F 5A 75 3F   0B2      ~~N?Zu?
3F 00 3A 44 30 42 31 20 20 20 49 52 58 00 09 4E   ?~:D0B1   IRX~~N
3F 5A 75 3F 3F 00 4A 44 30 42 31 20 20 20 50 45   ?Zu??~JD0B1   PE
55 00 09 4E 3F 5A 75 3F 3F 00 33 44 30 42 31 37   U~~N?Zu??~3D0B17
35 20 50 45 55 00 09 4F 31 5A 75 3F 3F 00 25 44   5 PEU~~O1Zu??~%D
30 42 31 36 39 20 39 39 39 00 00 4E 3F 5A 75 3F   0B169 999~~N?Zu?
3F 00 27 44 30 42 31 20 20 20 43 53 20 00 00 10   ?~'D0B1   CS ~~~
3F 5A 75 3F 3F 00 3F 44 30 42 31 58 4B 20 54 45   ?Zu??~?D0B1XK TE
4C 00 00 1C 6B 5A 75 3F 3F 00 01 44 30 42 31 20   L~~~kZu??~~D0B1 
20 20 20 20 20 00 09 4F 3F 5A 75 3F 3F 00 2D 44        ~~O?Zu??~-D
30 42 31 37 37 20 46 45 50 00 00 10 3F 5A 75 3F   0B177 FEP~~~?Zu?
3F 00 30 44 30 42 31 20 20 20 4D 45 44 00 00 10   ?~0D0B1   MED~~~
3F 5A 75 3F 3F 00 11 44 30 42 32 20 20 20 37 37   ?Zu??~~D0B2   77
39 00 00 4E 3F 5A 75 3F 3F 00 40 44 30 42 31 20   9~~N?Zu??~@D0B1 
20 20 49 53 20 00 09 4F 31 5A 75 3F 3F 00 32 44     IS ~~O1Zu??~2D
30 42 31 37 30 20 39 39 39 00 09 4E 3F 5A 75 3F   0B170 999~~N?Zu?
3F 00 2E 44 30 42 31 37 35 20 50 45 55 00 09 4F   ?~.D0B175 PEU~~O
3F 5A 75 3F 3F 00 28 44 30 42 31 37 39 20 46 45   ?Zu??~(D0B179 FE
50 00 00 1C 6B 5A 75 3F 3F 00 08 44 30 42 32 20   P~~~kZu??~~D0B2 
20 20 20 20 20 00 00 4E 3F 5A 75 3F 3F 00 3B 44        ~~N?Zu??~;D
30 42 31 37 35 20 46 43 20 00 00 58 3F 5A 75 3F   0B175 FC ~~X?Zu?
3F 00 7C 44 30 42 31 20 20 20 36 33 33 00 00 46   ?~|D0B1   633~~F
20 5A 75 3F 3F 00 1F 44 30 45 31 4E 31 20 43 4F    Zu??~~D0E1N1 CO
4D 00 09 50 5E 5A 75 3F 3F 00 3F 44 30 42 31 20   M~~P^Zu??~?D0B1 
20 20 43 56 31 00 00 10 3F 5A 75 3F 3F 00 32 44     CV1~~~?Zu??~2D
30 42 31 20 20 20 41 44 56 00 00 3C 3F 5A 75 3F   0B1   ADV~~<?Zu?
3F 00 2A 44 30 42 31 37 39 20 30 33 32 00 00 10   ?~*D0B179 032~~~
3F 5A 75 3F 3F 00 0A 44 30 42 31 55 55 20 41 44   ?Zu??~~D0B1UU AD
56 00 00 10 3F 5A 75 3F 3F 00 33 44 30 42 31 37   V~~~?Zu??~3D0B17
35 20 4D 45 44 00 00 10 3F 5A 75 3F 3F 00 2D 44   5 MED~~~?Zu??~-D
30 42 31 20 20 20 4D 45 44 00 00 1C 6B 5A 75 3F   0B1   MED~~~kZu?
3F 00 06 44 30 42 31 20 20 20 20 20 20 00 00 1C   ?~~D0B1      ~~~
6B 5A 75 3F 3F 00 06 44 30 42 31 20 20 20 20 20   kZu??~~D0B1     
20 00 00 10 3F 5A 75 3F 3F 00 37 44 30 42 31 20    ~~~?Zu??~7D0B1 
20 20 41 44 56 00 00 10 3F 5A 75 3F 3F 00 0F 44     ADV~~~?Zu??~~D
30 42 32 20 20 20 4D 45 44 00 09 4E 3F 5A 75 3F   0B2   MED~~N?Zu?
3F 00 3D 44 30 42 31 20 20 20 43 54 52 00 00 10   ?~=D0B1   CTR~~~
3F 5A 75 3F 3F 00 46 44 30 42 31 20 20 20 41 44   ?Zu??~FD0B1   AD
56 00 00 58 3F 5A 75 3F 3F 00 18 44 30 42 32 20   V~~X?Zu??~~D0B2 
20 20 36 33 33 00 00 4E 3F 5A 75 3F 3F 00 31 44     633~~N?Zu??~1D
30 42 31 20 20 20 49 53 20 00 00 10 3F 5A 75 3F   0B1   IS ~~~?Zu?
3F 00 38 44 30 42 31 20 20 20 41 44 56 00 00 10   ?~8D0B1   ADV~~~
3F 5A 75 3F 3F 00 30 44 30 42 31 20 20 20 41 44   ?Zu??~0D0B1   AD
56 00 00 46 20 5A 75 3F 3F 00 3F 44 30 45 31 20   V~~F Zu??~?D0E1 
20 20 43 4F 4D 00 00 10 3F 5A 75 3F 3F 00 29 44     COM~~~?Zu??~)D
30 42 31 20 20 20 4D 45 44 00 00 42 72 5A 75 3F   0B1   MED~~BrZu?
3F 00 2E 44 30 42 31 20 20 20 30 32 31 00 00 46   ?~.D0B1   021~~F
20 5A 75 3F 3F 00 1B 44 30 45 31 4E 31 20 43 4F    Zu??~~D0E1N1 CO
4D 00 09 50 3F 5A 75 3F 3F 00 38 44 30 42 31 37   M~~P?Zu??~8D0B17
30 20 39 39 39 00 00 58 3F 5A 75 3F 3F 00 3F 44   0 999~~X?Zu??~?D
30 42 31 20 20 20 36 33 33 00 00 0F 12 5A 75 3F   0B1   633~~~~Zu?
3F 00 26 44 30 42 31 30 34 20 4D 44 58 00 00 3C   ?~&D0B104 MDX~~<
3F 5A 75 3F 3F 00 58 44 30 42 31 35 36 39 30 33   ?Zu??~XD0B156903
32 00 09 50 3F 5A 75 3F 3F 00 28 44 30 42 32 20   2~~P?Zu??~(D0B2 
20 20 31 30 31 00 00 55 41 5A 75 3F 3F 00 46 44     101~~UAZu??~FD
30 42 31 20 20 20 49 52 58 00 00 4E 3F 5A 75 3F   0B1   IRX~~N?Zu?
3F 00 50 44 30 42 31 37 30 20 57 47 20 00 09 50   ?~PD0B170 WG ~~P
3F 5A 75 3F 3F 00 3D 44 30 42 31 20 20 20 30 30   ?Zu??~=D0B1   00
36 00 09 4E 3F 5A 75 3F 3F 00 3F 44 30 42 31 37   6~~N?Zu??~?D0B17
35 20 49 52 58 00 00 0E 01 5A 75 3F 3F 00 14 44   5 IRX~~~~Zu??~~D
30 42 32 20 20 20 41 53 50 00 09 4F 3F 5A 75 3F   0B2   ASP~~O?Zu?
3F 00 18 44 30 42 32 20 20 20 39 39 39 00 00 0F   ?~~D0B2   999~~~
12 5A 75 3F 3F 00 1B 44 30 42 32 20 20 20 41 34   ~Zu??~~D0B2   A4
20 00 00 58 3F 5A 75 3F 3F 00 19 44 30 42 32 20    ~~X?Zu??~~D0B2 
20 20 36 33 33 00 09 51 2A 5A 75 3F 3F 00 2A 44     633~~Q*Zu??~*D
30 42 32 20 20 20 4E 56 54 00 00 46 20 5A 75 3F   0B2   NVT~~F Zu?
3F 00 2B 44 30 45 31 20 20 20 43 4F 4D 00 00 10   ?~+D0E1   COM~~~
3F 5A 75 3F 3F 00 34 44 30 42 31 20 20 20 41 44   ?Zu??~4D0B1   AD
56 00 00 10 3F 5A 75 3F 3F 00 2E 44 30 42 31 37   V~~~?Zu??~.D0B17
35 20 41 44 56 00 00 42 72 5A 75 3F 3F 00 1D 44   5 ADV~~BrZu??~~D
30 42 32 20 20 20 30 32 31 00 00 46 20 5A 75 3F   0B2   021~~F Zu?
3F 00 25 44 30 45 31 4E 31 20 43 4F 4D 00 09 4E   ?~%D0E1N1 COM~~N
3F 5A 75 3F 3F 00 2B 44 30 42 31 37 39 20 50 45   ?Zu??~+D0B179 PE
55 00 00 3C 3F 5A 75 3F 3F 00 39 44 30 42 31 35   U~~<?Zu??~9D0B15
36 39 30 33 32 00 09 51 2A 5A 75 3F 3F 00 29 44   69032~~Q*Zu??~)D
30 42 32 20 20 20 4E 56 54 00 09 4F 31 5A 75 3F   0B2   NVT~~O1Zu?
3F 00 08 44 30 42 32 20 20 20 39 39 39 00 00 10   ?~~D0B2   999~~~
3F 5A 75 3F 3F 00 0C 44 30 42 32 20 20 20 4D 45   ?Zu??~~D0B2   ME
44 00 00 10 3F 5A 75 3F 3F 00 32 44 30 42 31 20   D~~~?Zu??~2D0B1 
20 20 41 44 56 00 09 4E 3F 5A 75 3F 3F 00 29 44     ADV~~N?Zu??~)D
30 42 31 38 38 20 50 45 55 00 09 4E 3F 5A 75 3F   0B188 PEU~~N?Zu?
3F 00 23 44 30 42 31 37 58 20 50 45 55 00 00 10   ?~#D0B17X PEU~~~
3F 5A 75 3F 3F 00 3A 44 30 42 31 20 20 20 41 44   ?Zu??~:D0B1   AD
56 00 00 37 7B 5A 75 3F 3F 02 3F 44 30 42 31 20   V~~7{Zu??~?D0B1 
20 20 4F 52 44 00 00 1C 6B 5A 75 3F 3F 00 06 44     ORD~~~kZu??~~D
30 42 32 20 20 20 20 20 20 00 00 46 20 5A 75 3F   0B2      ~~F Zu?
3F 00 17 44 30 45 31 4E 31 20 43 4F 4D 00 00 4E   ?~~D0E1N1 COM~~N
3F 5A 75 3F 3F 00 14 44 30 42 32 20 20 20 49 53   ?Zu??~~D0B2   IS
20 00 00 10 3F 5A 75 3F 3F 00 27 44 30 42 31 20    ~~~?Zu??~'D0B1 
20 20 4D 45 44 00 00 4E 3F 5A 75 3F 3F 00 2D 44     MED~~N?Zu??~-D
30 42 31 20 20 20 49 4E 20 00 09 50 3F 5A 75 3F   0B1   IN ~~P?Zu?
3F 00 42 44 30 42 31 20 20 20 34 34 30 00 00 10   ?~BD0B1   440~~~
3F 5A 75 3F 3F 00 33 44 30 42 31 37 35 20 41 44   ?Zu??~3D0B175 AD
56 00 09 4E 3F 5A 75 3F 3F 00 1E 44 30 42 31 38   V~~N?Zu??~~D0B18
38 20 50 45 55 00 00 58 3F 5A 75 3F 3F 00 58 44   8 PEU~~X?Zu??~XD
30 42 31 20 20 20 36 33 33 00 09 51 40 5A 75 3F   0B1   633~~Q@Zu?
3F 00 3F 44 30 42 31 20 20 20 30 32 30 00 09 4E   ?~?D0B1   020~~N
3F 5A 75 3F 3F 00 3D 44 30 42 31 20 20 20 20 20   ?Zu??~=D0B1     
20 00 00 10 3F 5A 75 3F 3F 00 28 44 30 42 31 37    ~~~?Zu??~(D0B17
36 20 48 4E 45 00 00 10 3F 5A 75 3F 3F 00 3D 44   6 HNE~~~?Zu??~=D
30 42 31 37 36 20 4D 45 44 00 00 42 72 5A 75 3F   0B176 MED~~BrZu?
3F 00 22 44 30 42 31 35 32 20 30 32 31 00 09 4F   ?~"D0B152 021~~O
31 5A 75 3F 3F 00 09 44 30 42 32 20 20 20 39 39   1Zu??~~D0B2   99
39 00 09 4E 3F 5A 75 3F 3F 00 50 44 30 42 31 34   9~~N?Zu??~PD0B14
31 20 50 44 4D 00 00 46 20 5A 75 3F 3F 00 39 44   1 PDM~~F Zu??~9D
30 45 31 20 20 20 43 4F 4D 00 00 1C 6B 5A 75 3F   0E1   COM~~~kZu?
3F 00 06 44 30 42 31 20 20 20 20 20 20 00 00 42   ?~~D0B1      ~~B
72 5A 75 3F 3F 00 3A 44 30 42 31 20 20 20 30 35   rZu??~:D0B1   05
31 00 00 10 3F 5A 75 3F 3F 00 24 44 30 42 31 20   1~~~?Zu??~$D0B1 
20 20 4D 43 41 00 00 58 3F 5A 75 3F 3F 00 51 44     MCA~~X?Zu??~QD
30 42 31 20 20 20 36 33 33 00 09 4E 3F 5A 75 3F   0B1   633~~N?Zu?
3F 00 16 44 30 42 32 20 20 20 50 45 55 00 00 58   ?~~D0B2   PEU~~X
3F 5A 75 3F 3F 00 3F 44 30 42 31 38 38 20 36 33   ?Zu??~?D0B188 63
33 00 00 10 3F 5A 75 3F 3F 00 2E 44 30 42 31 20   3~~~?Zu??~.D0B1 
20 20 41 44 56 00 00 10 3F 5A 75 3F 3F 00 29 44     ADV~~~?Zu??~)D
30 42 31 37 36 20 41 44 56 00 00 1C 6B 5A 75 3F   0B176 ADV~~~kZu?
3F 00 06 44 30 42 31 20 20 20 20 20 20 00 00 10   ?~~D0B1      ~~~
3F 5A 75 3F 3F 00 28 44 30 42 31 20 20 20 41 44   ?Zu??~(D0B1   AD
56 00 00 4E 3F 5A 75 3F 3F 00 2B 44 30 42 31 37   V~~N?Zu??~+D0B17
36 20 49 52 58 00 00 58 3F 5A 75 3F 3F 00 2E 44   6 IRX~~X?Zu??~.D
30 42 32 20 20 20 36 33 33 00 00 0E 01 5A 75 3F   0B2   633~~~~Zu?
3F 00 22 44 30 42 32 20 20 20 34 37 37 00 00 2D   ?~"D0B2   477~~-
20 5A 75 3F 3F 00 39 44 30 42 31 20 20 20 42 4F    Zu??~9D0B1   BO
45 00 00 10 3F 5A 75 3F 3F 00 2C 44 30 42 31 20   E~~~?Zu??~,D0B1 
20 20 4D 43 41 00 09 4F 3F 5A 75 3F 3F 00 17 44     MCA~~O?Zu??~~D
30 42 32 20 20 20 39 39 39 00 09 4F 31 5A 75 3F   0B2   999~~O1Zu?
3F 00 39 44 30 42 31 20 20 20 39 39 39 00 00 10   ?~9D0B1   999~~~
3F 5A 75 3F 3F 00 32 44 30 42 31 37 35 20 41 44   ?Zu??~2D0B175 AD
56 00 00 10 3F 5A 75 3F 3F 00 2D 44 30 42 31 20   V~~~?Zu??~-D0B1 
20 20 41 44 56 00 09 4E 3F 5A 75 3F 3F 00 2D 44     ADV~~N?Zu??~-D
30 42 31 20 20 20 50 45 55 00 09 51 2A 5A 75 3F   0B1   PEU~~Q*Zu?
3F 00 40 44 30 42 31 37 30 20 4D 43 44 00 09 4F   ?~@D0B170 MCD~~O
31 5A 75 3F 3F 00 39 44 30 42 31 20 20 20 39 39   1Zu??~9D0B1   99
39 00 00 4E 3F 5A 75 3F 3F 00 3C 44 30 42 31 20   9~~N?Zu??~<D0B1 
20 20 57 47 20 00 00 10 3F 5A 75 3F 3F 00 3E 44     WG ~~~?Zu??~>D
30 42 31 20 20 20 41 44 56 00 00 10 3F 5A 75 3F   0B1   ADV~~~?Zu?
3F 00 49 44 30 42 31 20 20 20 4D 45 44 00 00 46   ?~ID0B1   MED~~F
20 5A 75 3F 3F 00 1E 44 30 45 31 4E 31 20 43 4F    Zu??~~D0E1N1 CO
4D 00 00 58 3F 5A 75 3F 3F 00 4E 44 30 42 31 38   M~~X?Zu??~ND0B18
35 20 36 33 33 00 00 10 3F 5A 75 3F 3F 00 26 44   5 633~~~?Zu??~&D
30 42 31 20 20 20 4D 45 44 00 00 10 3F 5A 75 3F   0B1   MED~~~?Zu?
3F 00 55 44 30 42 31 37 39 20 4D 45 44 00 00 19   ?~UD0B179 MED~~~
3F 5A 75 3F 3F 00 0D 44 30 42 32 20 20 20 55 44   ?Zu??~~D0B2   UD
4B 00 00 10 3F 5A 75 3F 3F 00 31 44 30 42 31 35   K~~~?Zu??~1D0B15
34 20 41 44 56 00 00 17 3F 5A 75 3F 3F 00 3F 44   4 ADV~~~?Zu??~?D
30 42 31 20 20 20 4D 53 43 00 00 2D 20 5A 75 3F   0B1   MSC~~- Zu?
3F 00 12 44 30 42 32 20 20 20 49 4C 44 00 09 4F   ?~~D0B2   ILD~~O
3F 5A 75 3F 3F 00 2D 44 30 42 31 37 35 20 46 45   ?Zu??~-D0B175 FE
50 00 09 4E 3F 5A 75 3F 3F 00 35 44 30 42 31 20   P~~N?Zu??~5D0B1 
20 20 49 52 58 00 00 10 3F 5A 75 3F 3F 00 32 44     IRX~~~?Zu??~2D
30 42 31 20 20 20 4D 43 41 00 00 17 3F 5A 75 3F   0B1   MCA~~~?Zu?
3F 00 6D 44 30 42 32 20 20 20 4D 53 43 00 00 10   ?~mD0B2   MSC~~~
3F 5A 75 3F 3F 00 2E 44 30 42 31 20 20 20 41 44   ?Zu??~.D0B1   AD
56 00 09 4F 31 5A 75 3F 3F 00 07 44 30 42 32 20   V~~O1Zu??~~D0B2 
20 20 39 39 39 00 09 4F 31 5A 75 3F 3F 00 4F 44     999~~O1Zu??~OD
30 42 31 36 30 38 39 39 39 00 00 10 3F 5A 75 3F   0B1608999~~~?Zu?
3F 00 0D 44 30 42 32 20 20 20 4D 45 44 00 00 30   ?~~D0B2   MED~~0
18 5A 75 3F 3F 00 3F 44 30 42 31 20 20 20 50 41   ~Zu??~?D0B1   PA
52 00 00 58 3F 5A 75 3F 3F 00 61 44 30 42 31 20   R~~X?Zu??~aD0B1 
20 20 36 33 33 00 00 10 3F 5A 75 3F 3F 00 30 44     633~~~?Zu??~0D
30 42 31 20 20 20 41 44 56 00 09 4E 3F 5A 75 3F   0B1   ADV~~N?Zu?
3F 00 20 44 30 42 31 36 39 20 4D 45 44 00 00 10   ?~ D0B169 MED~~~
3F 5A 75 3F 3F 00 30 44 30 42 31 20 20 20 41 44   ?Zu??~0D0B1   AD
56 00 00 10 3F 5A 75 3F 3F 00 24 44 30 42 31 20   V~~~?Zu??~$D0B1 
20 20 41 44 56 00 09 50 3F 5A 75 3F 3F 00 43 44     ADV~~P?Zu??~CD
30 42 31 20 20 20 30 30 36 00 00 10 3F 5A 75 3F   0B1   006~~~?Zu?
3F 00 0E 44 30 42 32 20 20 20 4D 45 44 00 00 46   ?~~D0B2   MED~~F
20 5A 75 3F 3F 00 01 44 30 45 31 4E 31 20 43 4F    Zu??~~D0E1N1 CO
4D 00 00 17 3B 5A 75 3F 3F 00 18 44 30 42 32 20   M~~~;Zu??~~D0B2 
20 20 43 4C 41 00 00 58 3F 5A 75 3F 3F 00 3F 44     CLA~~X?Zu??~?D
30 42 31 38 38 20 36 33 33 00 09 4E 3F 5A 75 3F   0B188 633~~N?Zu?
3F 00 45 44 30 42 31 20 20 20 50 45 55 00 09 4F   ?~ED0B1   PEU~~O
3F 5A 75 3F 3F 00 2F 44 30 42 32 20 20 20 39 39   ?Zu??~/D0B2   99
39 00 00 10 3F 5A 75 3F 3F 00 26 44 30 42 31 20   9~~~?Zu??~&D0B1 
20 20 41 44 56 00 00 46 20 5A 75 3F 3F 00 3F 44     ADV~~F Zu??~?D
30 45 31 20 20 20 43 4F 4D 00 00 42 72 5A 75 3F   0E1   COM~~BrZu?
3F 00 2D 44 30 42 31 20 20 20 43 49 4D 00 00 10   ?~-D0B1   CIM~~~
3F 5A 75 3F 3F 00 32 44 30 42 31 20 20 20 41 44   ?Zu??~2D0B1   AD
56 00 09 51 2A 5A 75 3F 3F 00 7D 44 30 42 31 20   V~~Q*Zu??~}D0B1 
20 20 4E 56 54 00 00 4E 3F 5A 75 3F 3F 00 44 44     NVT~~N?Zu??~DD
30 42 31 37 36 20 49 4E 20 00 00 10 3F 5A 75 3F   0B176 IN ~~~?Zu?
3F 00 3A 44 30 42 31 20 20 20 4D 45 44 00 00 46   ?~:D0B1   MED~~F
20 5A 75 3F 3F 00 1D 44 30 45 31 20 20 20 43 4F    Zu??~~D0E1   CO
4D 00 00 58 3F 5A 75 3F 3F 00 5A 44 30 42 31 20   M~~X?Zu??~ZD0B1 
20 20 36 33 33 00 00 26 09 5A 75 3F 3F 00 53 44     633~~&~Zu??~SD
30 42 31 20 20 20 50 30 30 00 00 17 3B 5A 75 3F   0B1   P00~~~;Zu?
3F 00 1D 44 30 42 31 20 20 20 43 4C 41 00 00 46   ?~~D0B1   CLA~~F
20 5A 75 3F 3F 00 1B 44 30 45 31 20 20 20 43 4F    Zu??~~D0E1   CO
4D 00 09 4E 3F 5A 75 3F 3F 00 3C 44 30 42 31 37   M~~N?Zu??~<D0B17
35 20 49 52 58 00 00 58 3F 5A 75 3F 3F 00 7D 44   5 IRX~~X?Zu??~}D
30 42 31 20 20 20 36 33 33 00 00 10 3F 5A 75 3F   0B1   633~~~?Zu?
3F 00 2F 44 30 42 31 37 36 20 41 44 56 00 00 58   ?~/D0B176 ADV~~X
3F 5A 75 3F 3F 00 5D 44 30 42 31 20 20 20 36 33   ?Zu??~]D0B1   63
33 00 09 50 3F 5A 75 3F 3F 00 35 44 30 42 31 41   3~~P?Zu??~5D0B1A
43 20 20 20 20 00 00 4E 3F 5A 75 3F 3F 00 62 44   C    ~~N?Zu??~bD
30 42 31 37 35 20 49 53 20 00 00 10 3F 5A 75 3F   0B175 IS ~~~?Zu?
3F 00 22 44 30 42 31 30 39 20 41 44 56 00 00 0F   ?~"D0B109 ADV~~~
12 5A 75 3F 3F 00 4B 44 30 42 32 20 20 20 41 34   ~Zu??~KD0B2   A4
20 00 00 46 20 5A 75 3F 3F 00 26 44 30 45 31 20    ~~F Zu??~&D0E1 
20 20 43 4F 4D 00 00 10 3F 5A 75 3F 3F 00 26 44     COM~~~?Zu??~&D
30 42 31 37 30 20 4D 45 44 00 00 0F 12 5A 75 3F   0B170 MED~~~~Zu?
3F 00 1A 44 30 42 32 20 20 20 41 34 20 00 09 51   ?~~D0B2   A4 ~~Q
21 5A 75 3F 3F 00 27 44 30 42 31 20 20 20 50 48   !Zu??~'D0B1   PH
50 00 00 3C 3F 5A 75 3F 3F 00 54 44 30 42 31 35   P~~<?Zu??~TD0B15
36 39 30 33 32 00 09 50 3F 5A 75 3F 3F 00 7B 44   69032~~P?Zu??~{D
30 42 31 20 20 20 20 20 20 00 09 4E 3F 5A 75 3F   0B1      ~~N?Zu?
3F 00 57 44 30 42 31 20 20 20 50 45 55 00 00 46   ?~WD0B1   PEU~~F
20 5A 75 3F 3F 00 2F 44 30 45 31 4E 31 20 43 4F    Zu??~/D0E1N1 CO
4D 00 09 4E 3F 5A 75 3F 3F 00 3F 44 30 42 31 37   M~~N?Zu??~?D0B17
35 20 50 45 55 00 09 33 3F 5A 75 3F 3F 00 32 44   5 PEU~~3?Zu??~2D
30 42 31 20 20 20 42 41 5A 00 00 58 3F 5A 75 3F   0B1   BAZ~~X?Zu?
3F 00 3F 44 30 42 31 38 38 20 36 33 33 00 00 58   ?~?D0B188 633~~X
3F 5A 75 3F 3F 00 3F 44 30 42 31 20 20 20 36 33   ?Zu??~?D0B1   63
33 00 00 56 50 5A 75 3F 3F 00 4C 44 30 42 31 20   3~~VPZu??~LD0B1 
20 20 46 42 47 00 09 50 3F 5A 75 3F 3F 01 3F 44     FBG~~P?Zu??~?D
30 42 31 20 20 20 20 20 20 00 09 4E 3F 5A 75 3F   0B1      ~~N?Zu?
3F 00 21 44 30 42 32 20 20 20 50 45 55 00 09 4E   ?~!D0B2   PEU~~N
3F 5A 75 3F 3F 00 36 44 30 42 31 20 20 20 50 45   ?Zu??~6D0B1   PE
55 00 00 46 20 5A 75 3F 3F 00 15 44 30 45 31 4E   U~~F Zu??~~D0E1N
31 20 43 4F 4D 00 09 51 3F 5A 75 3F 3F 00 3F 44   1 COM~~Q?Zu??~?D
30 42 31 20 20 20 46 4C 49 00 00 10 3F 5A 75 3F   0B1   FLI~~~?Zu?
3F 00 0E 44 30 42 32 20 20 20 41 44 56 00 00 3C   ?~~D0B2   ADV~~<
3F 5A 75 3F 3F 00 3F 44 30 42 31 20 20 20 30 33   ?Zu??~?D0B1   03
32 00 00 4E 3F 5A 75 3F 3F 00 31 44 30 42 31 37   2~~N?Zu??~1D0B17
30 20 57 4B 20 00 00 1C 6B 5A 75 3F 3F 00 06 44   0 WK ~~~kZu??~~D
30 42 31 20 20 20 20 20 20 00 00 58 3F 5A 75 3F   0B1      ~~X?Zu?
3F 00 7F 44 30 42 31 20 20 20 36 33 33 00 00 46   ?~~D0B1   633~~F
20 5A 75 3F 3F 00 1F 44 30 45 31 4E 31 20 43 4F    Zu??~~D0E1N1 CO
4D 00 00 3C 49 5A 75 3F 3F 00 3F 44 30 42 31 37   M~~<IZu??~?D0B17
35 20 53 53 4E 00 09 4F 31 5A 75 3F 00 00 31 44   5 SSN~~O1Zu?~~1D
30 42 31 20 20 20 39 39 39 00 00 10 3F 5A 75 3F   0B1   999~~~?Zu?
00 00 1C 44 30 42 32 20 20 20 4D 45 44 00 00 10   ~~~D0B2   MED~~~
3F 5A 75 3F 00 00 2E 44 30 42 31 37 39 20 4D 45   ?Zu?~~.D0B179 ME
44 00 00 46 20 5A 75 3F 00 00 2E 44 30 45 31 4E   D~~F Zu?~~.D0E1N
31 20 43 4F 4D 00 00 58 3F 5A 75 3F 00 00 3F 44   1 COM~~X?Zu?~~?D
30 42 31 20 20 20 36 33 33 00 00 10 3F 5A 75 3F   0B1   633~~~?Zu?
00 00 2E 44 30 42 31 37 30 20 41 44 56 00 00 46   ~~.D0B170 ADV~~F
20 5A 75 3F 00 00 55 44 30 45 31 20 20 20 43 4F    Zu?~~UD0E1   CO
4D 00 00 46 20 5A 75 3F 00 00 33 44 30 45 31 20   M~~F Zu?~~3D0E1 
20 20 43 4F 4D 00 00 58 3F 5A 75 3F 00 00 13 44     COM~~X?Zu?~~~D
30 42 32 20 20 20 36 33 33 00 00 4E 3F 5A 75 3F   0B2   633~~N?Zu?
00 00 39 44 30 42 31 37 36 20 57 47 20 00 00 3D   ~~9D0B176 WG ~~=
3F 5A 75 3F 00 00 15 44 30 42 31 38 35 20 4F 48   ?Zu?~~~D0B185 OH
50 00 00 52 3F 5A 75 3F 00 00 2B 44 30 42 32 20   P~~R?Zu?~~+D0B2 
20 20 44 49 53 00 09 4E 3F 5A 75 3F 00 00 15 44     DIS~~N?Zu?~~~D
30 42 32 20 20 20 4D 45 44 00 09 29 6C 5A 75 3F   0B2   MED~~)lZu?
00 00 27 44 30 42 31 20 20 20 31 30 36 00 00 52   ~~'D0B1   106~~R
58 5A 75 3F 00 00 6A 44 30 42 31 20 20 20 53 41   XZu?~~jD0B1   SA
56 00 09 4E 3F 5A 75 3F 00 00 27 44 30 42 32 20   V~~N?Zu?~~'D0B2 
20 20 49 52 58 00 00 10 3F 5A 75 3F 00 00 2D 44     IRX~~~?Zu?~~-D
30 42 31 20 20 20 41 44 56 00 00 10 3F 5A 75 3F   0B1   ADV~~~?Zu?
00 00 26 44 30 42 31 20 20 20 44 43 41 00 00 3C   ~~&D0B1   DCA~~<
3F 5A 75 3F 00 00 2A 44 30 42 31 20 20 20 30 33   ?Zu?~~*D0B1   03
32 00 00 0E 01 5A 75 3F 00 00 2C 44 30 42 31 36   2~~~~Zu?~~,D0B16
35 20 37 30 30 00 00 10 3F 5A 75 3F 00 00 2C 44   5 700~~~?Zu?~~,D
30 42 31 37 35 20 41 44 56 00 00 58 3F 5A 75 3F   0B175 ADV~~X?Zu?
00 00 5C 44 30 42 31 20 20 20 36 33 33 00 09 50   ~~\D0B1   633~~P
3F 5A 75 3F 00 00 4D 44 30 42 31 20 20 20 55 4D   ?Zu?~~MD0B1   UM
45 00 00 10 3F 5A 75 3F 01 00 79 44 30 42 31 20   E~~~?Zu?~~yD0B1 
20 20 54 45 4C 00 00 3C 3F 5A 75 3F 01 00 60 44     TEL~~<?Zu?~~`D
30 42 31 20 20 20 30 33 32 00 09 4E 3F 5A 75 3F   0B1   032~~N?Zu?
01 00 2B 44 30 42 31 20 20 20 20 20 20 00 00 49   ~~+D0B1      ~~I
29 5A 75 3F 01 00 5A 44 30 42 31 20 20 20 47 42   )Zu?~~ZD0B1   GB
58 00 00 0E 01 5A 75 3F 01 00 6D 44 30 42 31 20   X~~~~Zu?~~mD0B1 
20 20 41 53 50 00 09 4E 3F 5A 75 3F 01 00 3B 44     ASP~~N?Zu?~~;D
30 42 31 20 20 20 20 20 20 00 00 10 3F 5A 75 3F   0B1      ~~~?Zu?
01 00 38 44 30 42 31 20 20 20 37 37 39 00 00 1C   ~~8D0B1   779~~~
6B 5A 75 3F 01 00 01 44 30 42 32 20 20 20 20 20   kZu?~~~D0B2     
20 00 00 10 3F 5A 75 3F 01 00 13 44 30 42 32 20    ~~~?Zu?~~~D0B2 
20 20 4D 43 41 00 00 2D 20 5A 75 3F 01 00 45 44     MCA~~- Zu?~~ED
30 42 31 37 35 20 42 43 54 00 09 50 3F 5A 75 3F   0B175 BCT~~P?Zu?
01 00 31 44 30 42 32 20 20 20 39 39 39 00 00 58   ~~1D0B2   999~~X
3F 5A 75 3F 01 00 5E 44 30 42 31 20 20 20 36 33   ?Zu?~~^D0B1   63
33 00 00 58 3F 5A 75 3F 01 00 52 44 30 42 31 38   3~~X?Zu?~~RD0B18
38 20 36 33 33 00 09 4F 31 5A 75 3F 01 00 35 44   8 633~~O1Zu?~~5D
30 42 31 20 20 20 39 39 39 00 00 4E 3F 5A 75 3F   0B1   999~~N?Zu?
01 00 46 44 30 42 31 37 36 20 49 4E 20 00 09 50   ~~FD0B176 IN ~~P
3F 5A 75 3F 01 00 35 44 30 42 31 20 20 20 30 30   ?Zu?~~5D0B1   00
36 00 00 1C 6B 5A 75 3F 01 00 05 44 30 42 32 20   6~~~kZu?~~~D0B2 
20 20 20 20 20 00 00 10 3F 5A 75 3F 01 00 2B 44        ~~~?Zu?~~+D
30 42 31 20 20 20 37 37 39 00 00 4E 3F 5A 75 3F   0B1   779~~N?Zu?
02 00 35 44 30 42 31 20 20 20 49 53 20 00 00 10   ~~5D0B1   IS ~~~
3F 5A 75 3F 02 00 3D 44 30 42 31 37 35 20 41 44   ?Zu?~~=D0B175 AD
56 00 00 46 20 5A 75 3F 02 00 1F 44 30 45 31 20   V~~F Zu?~~~D0E1 
20 20 43 4F 4D 00 00 10 3F 5A 75 3F 02 00 2A 44     COM~~~?Zu?~~*D
30 42 31 20 20 20 4D 45 44 00 00 10 3F 5A 75 3F   0B1   MED~~~?Zu?
02 00 2A 44 30 42 31 20 20 20 37 37 39 00 09 50   ~~*D0B1   779~~P
3F 5A 75 3F 02 00 2D 44 30 42 31 20 20 20 39 39   ?Zu?~~-D0B1   99
39 00 00 10 3F 5A 75 3F 02 00 11 44 30 42 32 20   9~~~?Zu?~~~D0B2 
20 20 37 37 39 00 09 4E 3F 5A 75 3F 02 00 31 44     779~~N?Zu?~~1D
30 42 31 37 35 20 50 45 55 00 09 4E 3F 5A 75 3F   0B175 PEU~~N?Zu?
02 00 32 44 30 42 31 20 20 20 50 45 55 00 00 58   ~~2D0B1   PEU~~X
3F 5A 75 3F 02 00 64 44 30 42 31 20 20 20 36 33   ?Zu?~~dD0B1   63
33 00 00 5E 3F 5A 75 3F 02 00 5D 44 30 42 31 20   3~~^?Zu?~~]D0B1 
20 20 4F 48 52 00 00 3C 3F 5A 75 3F 02 00 20 44     OHR~~<?Zu?~~ D
30 42 32 20 20 20 30 33 32 00 00 42 72 5A 75 3F   0B2   032~~BrZu?
02 00 26 44 30 42 31 20 20 20 43 49 4D 00 09 4F   ~~&D0B1   CIM~~O
3F 5A 75 3F 02 00 10 44 30 42 32 20 20 20 46 45   ?Zu?~~~D0B2   FE
50 00 00 42 72 5A 75 3F 02 00 41 44 30 42 31 20   P~~BrZu?~~AD0B1 
20 20 43 49 4D 00 00 10 3F 5A 75 3F 03 00 3F 44     CIM~~~?Zu?~~?D
30 42 31 37 30 20 54 45 4C 00 00 10 3F 5A 75 3F   0B170 TEL~~~?Zu?
03 00 27 44 30 42 31 37 35 20 4D 45 44 00 09 4F   ~~'D0B175 MED~~O
3F 5A 75 3F 03 00 3F 44 30 42 32 20 20 20 39 39   ?Zu?~~?D0B2   99
39 00 09 50 3F 5A 75 3F 03 00 3C 44 30 42 31 37   9~~P?Zu?~~<D0B17
30 20 34 34 30 00 09 4E 3F 5A 75 3F 03 00 35 44   0 440~~N?Zu?~~5D
30 42 31 37 36 20 49 52 58 00 09 50 3F 5A 75 3F   0B176 IRX~~P?Zu?
03 00 2B 44 30 42 31 37 30 20 30 30 36 00 00 10   ~~+D0B170 006~~~
3F 5A 75 3F 03 00 2B 44 30 42 31 20 20 20 41 44   ?Zu?~~+D0B1   AD
56 00 00 42 72 5A 75 3F 03 00 15 44 30 42 32 20   V~~BrZu?~~~D0B2 
20 20 43 49 4D 00 00 0F 12 5A 75 3F 03 00 53 44     CIM~~~~Zu?~~SD
30 42 31 20 20 20 41 34 20 00 00 4E 3F 5A 75 3F   0B1   A4 ~~N?Zu?
03 00 2D 44 30 42 31 20 20 20 49 53 20 00 00 10   ~~-D0B1   IS ~~~
3F 5A 75 3F 03 00 25 44 30 42 31 20 20 20 41 44   ?Zu?~~%D0B1   AD
56 00 00 4E 3F 5A 75 3F 03 00 23 44 30 42 31 38   V~~N?Zu?~~#D0B18
35 20 49 52 58 00 09 50 3F 5A 75 3F 03 00 38 44   5 IRX~~P?Zu?~~8D
30 42 31 37 30 20 30 30 36 00 00 58 3F 5A 75 3F   0B170 006~~X?Zu?
03 00 3F 44 30 42 31 20 20 20 36 33 33 00 00 58   ~~?D0B1   633~~X
3F 5A 75 3F 03 00 3F 44 30 42 31 20 20 20 36 33   ?Zu?~~?D0B1   63
33 00 00 10 3F 5A 75 3F 03 00 0F 44 30 42 32 20   3~~~?Zu?~~~D0B2 
20 20 41 44 56 00 00 3C 3F 5A 75 3F 03 00 37 44     ADV~~<?Zu?~~7D
30 42 31 20 20 20 30 33 32 00 00 4E 3F 5A 75 3F   0B1   032~~N?Zu?
04 00 71 44 30 42 31 20 20 20 41 43 20 00 00 10   ~~qD0B1   AC ~~~
3F 5A 75 3F 04 00 3F 44 30 42 31 37 30 20 43 41   ?Zu?~~?D0B170 CA
4C 00 00 3C 3F 5A 75 3F 04 00 5A 44 30 42 31 20   L~~<?Zu?~~ZD0B1 
20 20 30 33 32 00 00 49 3F 5A 75 3F 04 01 02 44     032~~I?Zu?~~~D
30 42 32 20 20 20 33 46 20 00 00 5E 3F 5A 75 3F   0B2   3F ~~^?Zu?
04 00 3F 44 30 42 31 20 20 20 4F 48 52 00 00 0E   ~~?D0B1   OHR~~~
01 5A 75 3F 04 00 28 44 30 42 31 36 35 20 37 30   ~Zu?~~(D0B165 70
30 00 09 4F 31 5A 75 3F 04 00 2A 44 30 42 31 20   0~~O1Zu?~~*D0B1 
20 20 39 39 39 00 00 10 3F 5A 75 3F 04 00 2E 44     999~~~?Zu?~~.D
30 42 31 20 20 20 37 37 39 00 09 4E 3F 5A 75 3F   0B1   779~~N?Zu?
04 00 2D 44 30 42 31 20 20 20 49 52 58 00 00 10   ~~-D0B1   IRX~~~
3F 5A 75 3F 04 00 33 44 30 42 31 20 20 20 4D 45   ?Zu?~~3D0B1   ME
03                                                ~