
02 31 35 30 36 37 30 31 36 50 53 50 46 30 35 00   ~15067016PSPF05~
00 31 30 54 50 30 30 30 30 5A 58 30 35 43 56 53   ~10TP0000ZX05CVS
54 1B 3F 56 33 00 00 02 3F 02 3F 07 3F 00 02 00   T~?V3~~~?~?~?~~~
02 00 0D 00 23 00 05 00 28 00 00 00 23 55 3F 3F   ~~~~#~~~(~~~#U??
3F 00 11 00 1A 00 00 1B 3F 00 00 46 20 5A 75 3F   ?~~~~~~~?~~F Zu?
65 00 40 44 30 45 31 20 20 20 43 4F 4D 00 00 10   e~@D0E1   COM~~~
3F 5A 75 3F 65 00 51 44 30 42 31 37 36 20 41 44   ?Zu?e~QD0B176 AD
56 00 00 10 3F 5A 75 3F 65 00 54 44 30 42 31 20   V~~~?Zu?e~TD0B1 
20 20 41 44 56 00 09 4E 3F 5A 75 3F 65 00 0A 44     ADV~~N?Zu?e~~D
30 42 32 20 20 20 43 54 52 00 00 10 3F 5A 75 3F   0B2   CTR~~~?Zu?
65 00 15 44 30 42 32 20 20 20 4D 45 44 00 09 4E   e~~D0B2   MED~~N
3F 5A 75 3F 65 00 1A 44 30 42 32 20 20 20 50 45   ?Zu?e~~D0B2   PE
55 00 09 50 3F 5A 75 3F 65 00 2E 44 30 42 31 20   U~~P?Zu?e~.D0B1 
20 20 4D 45 44 00 00 10 3F 5A 75 3F 65 00 12 44     MED~~~?Zu?e~~D
30 42 32 20 20 20 41 44 56 00 09 4F 3F 5A 75 3F   0B2   ADV~~O?Zu?
66 00 34 44 30 42 31 20 20 20 46 45 50 00 00 55   f~4D0B1   FEP~~U
41 5A 75 3F 66 00 3F 44 30 42 31 20 20 20 49 52   AZu?f~?D0B1   IR
58 00 00 10 3F 5A 75 3F 66 00 15 44 30 42 32 20   X~~~?Zu?f~~D0B2 
20 20 41 44 56 00 00 33 21 5A 75 3F 66 00 35 44     ADV~~3!Zu?f~5D
30 42 31 37 30 20 43 4F 4D 00 09 4E 3F 5A 75 3F   0B170 COM~~N?Zu?
66 00 3C 44 30 42 31 20 20 20 50 45 55 00 09 50   f~<D0B1   PEU~~P
5E 5A 75 3F 66 00 3F 44 30 42 31 20 20 20 43 56   ^Zu?f~?D0B1   CV
31 00 00 10 3F 5A 75 3F 66 00 2A 44 30 42 31 20   1~~~?Zu?f~*D0B1 
20 20 41 44 56 00 00 10 3F 5A 75 3F 66 00 2B 44     ADV~~~?Zu?f~+D
30 42 31 37 35 20 41 44 56 00 00 0F 12 5A 75 3F   0B175 ADV~~~~Zu?
66 00 2A 44 30 42 31 20 20 20 4D 44 20 00 00 58   f~*D0B1   MD ~~X
3F 5A 75 3F 66 00 3F 44 30 42 31 38 38 20 36 33   ?Zu?f~?D0B188 63
33 00 00 4E 3F 5A 75 3F 66 00 30 44 30 42 31 37   3~~N?Zu?f~0D0B17
39 20 57 47 20 00 00 10 3F 5A 75 3F 66 00 31 44   9 WG ~~~?Zu?f~1D
30 42 31 37 35 20 4D 45 44 00 00 44 3F 5A 75 3F   0B175 MED~~D?Zu?
66 00 3E 44 30 42 31 20 20 20 50 30 32 00 09 4E   f~>D0B1   P02~~N
3F 5A 75 3F 66 00 77 44 30 42 31 20 20 20 20 20   ?Zu?f~wD0B1     
20 00 00 33 21 5A 75 3F 66 00 29 44 30 42 31 37    ~~3!Zu?f~)D0B17
36 20 4D 43 41 00 00 58 3F 5A 75 3F 66 00 6E 44   6 MCA~~X?Zu?f~nD
30 42 31 20 20 20 36 33 33 00 00 1C 6B 5A 75 3F   0B1   633~~~kZu?
66 00 01 44 30 42 32 20 20 20 20 20 20 00 00 10   f~~D0B2      ~~~
3F 5A 75 3F 66 00 29 44 30 42 31 37 39 20 4D 45   ?Zu?f~)D0B179 ME
44 00 00 1C 6B 5A 75 3F 66 00 06 44 30 42 31 20   D~~~kZu?f~~D0B1 
20 20 20 20 20 00 00 3C 3F 5A 75 3F 66 00 2F 44        ~~<?Zu?f~/D
30 42 31 37 39 20 30 33 32 00 09 4E 3F 5A 75 3F   0B179 032~~N?Zu?
66 00 26 44 30 42 31 20 20 20 50 45 55 00 00 10   f~&D0B1   PEU~~~
3F 5A 75 3F 66 00 27 44 30 42 31 20 20 20 4D 45   ?Zu?f~'D0B1   ME
44 00 09 4E 3F 5A 75 3F 66 00 32 44 30 42 31 20   D~~N?Zu?f~2D0B1 
20 20 50 45 55 00 00 2D 20 5A 75 3F 66 00 4D 44     PEU~~- Zu?f~MD
30 42 31 39 34 33 42 43 54 00 00 52 3F 5A 75 3F   0B1943BCT~~R?Zu?
66 00 3A 44 30 42 32 20 20 20 44 49 53 00 00 10   f~:D0B2   DIS~~~
3F 5A 75 3F 67 00 0F 44 30 42 32 20 20 20 4D 45   ?Zu?g~~D0B2   ME
44 00 09 4E 3F 5A 75 3F 67 00 23 44 30 42 32 20   D~~N?Zu?g~#D0B2 
20 20 50 45 55 00 00 10 3F 5A 75 3F 67 00 22 44     PEU~~~?Zu?g~"D
30 42 31 20 20 20 4D 45 44 00 00 10 3F 5A 75 3F   0B1   MED~~~?Zu?
67 00 31 44 30 42 31 37 36 20 41 44 56 00 09 4F   g~1D0B176 ADV~~O
3F 5A 75 3F 67 00 0D 44 30 42 32 20 20 20 46 45   ?Zu?g~~D0B2   FE
50 00 00 10 3F 5A 75 3F 67 00 28 44 30 42 31 38   P~~~?Zu?g~(D0B18
35 20 41 44 56 00 09 50 3F 5A 75 3F 67 00 2C 44   5 ADV~~P?Zu?g~,D
30 42 31 20 20 20 30 30 36 00 09 4E 3F 5A 75 3F   0B1   006~~N?Zu?
67 00 2D 44 30 42 31 37 36 20 50 45 55 00 00 1C   g~-D0B176 PEU~~~
6B 5A 75 3F 67 00 01 44 30 42 31 20 20 20 20 20   kZu?g~~D0B1     
20 00 00 4E 3F 5A 75 3F 67 00 27 44 30 42 31 37    ~~N?Zu?g~'D0B17
39 20 49 53 20 00 09 4E 3F 5A 75 3F 67 00 36 44   9 IS ~~N?Zu?g~6D
30 42 31 20 20 20 49 52 58 00 09 4E 3F 5A 75 3F   0B1   IRX~~N?Zu?
67 00 45 44 30 42 31 38 38 20 49 52 58 00 00 46   g~ED0B188 IRX~~F
20 5A 75 3F 67 00 2F 44 30 45 31 20 20 20 43 4F    Zu?g~/D0E1   CO
4D 00 09 4E 3F 5A 75 3F 67 00 24 44 30 42 31 36   M~~N?Zu?g~$D0B16
39 20 50 45 55 00 00 46 20 5A 75 3F 67 00 1A 44   9 PEU~~F Zu?g~~D
30 45 31 4E 31 20 43 4F 4D 00 00 58 3F 5A 75 3F   0E1N1 COM~~X?Zu?
67 00 35 44 30 42 32 20 20 20 36 33 33 00 09 4E   g~5D0B2   633~~N
3F 5A 75 3F 67 00 2A 44 30 42 31 37 58 20 50 45   ?Zu?g~*D0B17X PE
55 00 00 10 3F 5A 75 3F 67 00 2E 44 30 42 31 37   U~~~?Zu?g~.D0B17
39 20 37 37 39 00 09 50 3F 5A 75 3F 67 00 3E 44   9 779~~P?Zu?g~>D
30 42 31 20 20 20 34 34 34 00 09 50 3F 5A 75 3F   0B1   444~~P?Zu?
68 00 42 44 30 42 31 20 20 20 30 30 36 00 00 4E   h~BD0B1   006~~N
3F 5A 75 3F 68 00 2F 44 30 42 31 37 39 20 49 53   ?Zu?h~/D0B179 IS
20 00 00 10 3F 5A 75 3F 68 00 30 44 30 42 31 20    ~~~?Zu?h~0D0B1 
20 20 41 44 56 00 09 4E 3F 5A 75 3F 68 00 30 44     ADV~~N?Zu?h~0D
30 42 31 20 20 20 4D 45 44 00 09 4F 31 5A 75 3F   0B1   MED~~O1Zu?
68 00 3A 44 30 42 31 20 20 20 39 39 39 00 00 58   h~:D0B1   999~~X
3F 5A 75 3F 68 00 3F 44 30 42 31 20 20 20 36 33   ?Zu?h~?D0B1   63
33 00 00 0F 3F 5A 75 3F 68 00 1A 44 30 42 31 37   3~~~?Zu?h~~D0B17
31 20 34 33 2D 00 00 58 3F 5A 75 3F 68 00 54 44   1 43-~~X?Zu?h~TD
30 42 31 20 20 20 36 33 33 00 00 2D 20 5A 75 3F   0B1   633~~- Zu?
68 00 57 44 30 42 31 20 20 20 42 4F 45 00 00 46   h~WD0B1   BOE~~F
20 5A 75 3F 68 00 15 44 30 45 31 20 20 20 43 4F    Zu?h~~D0E1   CO
4D 00 00 58 3F 5A 75 3F 68 00 1A 44 30 42 31 38   M~~X?Zu?h~~D0B18
35 20 36 33 33 00 00 10 3F 5A 75 3F 68 00 2C 44   5 633~~~?Zu?h~,D
30 42 31 20 20 20 41 44 56 00 00 55 41 5A 75 3F   0B1   ADV~~UAZu?
68 00 0E 44 30 42 32 20 20 20 49 52 58 00 09 4F   h~~D0B2   IRX~~O
31 5A 75 3F 68 00 39 44 30 42 31 20 20 20 39 39   1Zu?h~9D0B1   99
39 00 09 50 3F 5A 75 3F 68 00 26 44 30 42 31 20   9~~P?Zu?h~&D0B1 
20 20 30 30 36 00 09 4E 3F 5A 75 3F 68 00 2B 44     006~~N?Zu?h~+D
30 42 31 38 38 20 43 54 52 00 09 4E 3F 5A 75 3F   0B188 CTR~~N?Zu?
68 00 30 44 30 42 31 20 20 20 50 45 55 00 00 4E   h~0D0B1   PEU~~N
3F 5A 75 3F 68 00 4C 44 30 42 31 20 20 20 49 52   ?Zu?h~LD0B1   IR
58 00 09 4F 3F 5A 75 3F 68 00 29 44 30 42 31 20   X~~O?Zu?h~)D0B1 
20 20 39 39 39 00 09 33 3F 5A 75 3F 68 00 1E 44     999~~3?Zu?h~~D
30 42 31 30 36 20 42 41 5A 00 00 10 3F 5A 75 3F   0B106 BAZ~~~?Zu?
69 00 11 44 30 42 32 20 20 20 41 44 56 00 09 4E   i~~D0B2   ADV~~N
3F 5A 75 3F 69 00 19 44 30 42 32 20 20 20 50 45   ?Zu?i~~D0B2   PE
55 00 00 46 20 5A 75 3F 69 00 17 44 30 45 31 4E   U~~F Zu?i~~D0E1N
31 20 43 4F 4D 00 00 0F 12 5A 75 3F 69 00 2E 44   1 COM~~~~Zu?i~.D
30 42 31 20 20 20 4D 44 20 00 09 4F 3F 5A 75 3F   0B1   MD ~~O?Zu?
69 00 34 44 30 42 31 20 20 20 46 45 50 00 00 10   i~4D0B1   FEP~~~
3F 5A 75 3F 69 00 3C 44 30 42 31 20 20 20 41 44   ?Zu?i~<D0B1   AD
56 00 09 50 3F 5A 75 3F 69 00 32 44 30 42 31 37   V~~P?Zu?i~2D0B17
35 20 30 30 36 00 00 10 3F 5A 75 3F 69 00 2D 44   5 006~~~?Zu?i~-D
30 42 31 20 20 20 4D 45 44 00 00 44 29 5A 75 3F   0B1   MED~~D)Zu?
69 00 3F 44 30 42 31 20 20 20 36 37 39 00 00 10   i~?D0B1   679~~~
3F 5A 75 3F 69 00 34 44 30 42 31 20 20 20 4D 45   ?Zu?i~4D0B1   ME
44 00 09 50 3F 5A 75 3F 69 00 30 44 30 42 31 20   D~~P?Zu?i~0D0B1 
20 20 34 37 30 00 00 4B 3F 5A 75 3F 69 00 37 44     470~~K?Zu?i~7D
30 42 31 20 20 20 37 32 38 00 00 10 3F 5A 75 3F   0B1   728~~~?Zu?
69 00 11 44 30 42 32 20 20 20 41 44 56 00 00 0E   i~~D0B2   ADV~~~
01 5A 75 3F 69 00 1F 44 30 42 31 36 39 20 41 53   ~Zu?i~~D0B169 AS
50 00 09 4E 3F 5A 75 3F 69 00 29 44 30 42 31 20   P~~N?Zu?i~)D0B1 
20 20 50 45 55 00 00 10 3F 5A 75 3F 69 00 2A 44     PEU~~~?Zu?i~*D
30 42 31 20 20 20 41 44 56 00 00 46 20 5A 75 3F   0B1   ADV~~F Zu?
6A 00 11 44 30 45 31 4E 31 20 43 4F 4D 00 00 46   j~~D0E1N1 COM~~F
20 5A 75 3F 6A 00 2A 44 30 45 31 20 20 20 43 4F    Zu?j~*D0E1   CO
4D 00 09 4E 3F 5A 75 3F 6A 00 3F 44 30 42 31 20   M~~N?Zu?j~?D0B1 
20 20 43 54 52 00 00 58 3F 5A 75 3F 6A 00 78 44     CTR~~X?Zu?j~xD
30 42 31 20 20 20 36 33 33 00 00 46 20 5A 75 3F   0B1   633~~F Zu?
6A 00 4C 44 30 45 31 20 20 20 43 4F 4D 00 00 10   j~LD0E1   COM~~~
3F 5A 75 3F 6A 00 35 44 30 42 31 20 20 20 41 44   ?Zu?j~5D0B1   AD
56 00 09 4E 3F 5A 75 3F 6A 00 17 44 30 42 32 20   V~~N?Zu?j~~D0B2 
20 20 50 45 55 00 00 4A 51 5A 75 3F 6A 00 3F 44     PEU~~JQZu?j~?D
30 42 31 20 20 20 38 30 30 00 00 10 3F 5A 75 3F   0B1   800~~~?Zu?
6A 00 2B 44 30 42 31 37 39 20 41 44 56 00 09 4E   j~+D0B179 ADV~~N
3F 5A 75 3F 6A 00 21 44 30 42 31 35 32 20 49 52   ?Zu?j~!D0B152 IR
58 00 00 4E 3F 5A 75 3F 6A 00 11 44 30 42 32 20   X~~N?Zu?j~~D0B2 
20 20 49 4E 20 00 09 50 3F 5A 75 3F 6A 00 1E 44     IN ~~P?Zu?j~~D
30 42 32 20 20 20 4C 4F 59 00 00 10 3F 5A 75 3F   0B2   LOY~~~?Zu?
6A 00 18 44 30 42 32 20 20 20 41 44 56 00 09 4E   j~~D0B2   ADV~~N
3F 5A 75 3F 6A 00 2D 44 30 42 31 20 20 20 50 45   ?Zu?j~-D0B1   PE
55 00 00 10 3F 5A 75 3F 6A 00 12 44 30 42 32 20   U~~~?Zu?j~~D0B2 
20 20 37 37 39 00 09 51 2A 5A 75 3F 6B 00 5E 44     779~~Q*Zu?k~^D
30 42 31 20 20 20 4D 43 44 00 00 10 3F 5A 75 3F   0B1   MCD~~~?Zu?
6B 00 23 44 30 42 31 20 20 20 41 44 56 00 00 10   k~#D0B1   ADV~~~
3F 5A 75 3F 6B 00 2F 44 30 42 31 37 36 20 4D 45   ?Zu?k~/D0B176 ME
44 00 00 10 3F 5A 75 3F 6B 00 33 44 30 42 31 37   D~~~?Zu?k~3D0B17
39 20 41 44 56 00 09 4F 31 5A 75 3F 6B 00 3A 44   9 ADV~~O1Zu?k~:D
30 42 31 37 30 20 39 39 39 00 00 0E 01 5A 75 3F   0B170 999~~~~Zu?
6B 00 26 44 30 42 32 20 20 20 20 20 20 00 00 4D   k~&D0B2      ~~M
3F 5A 75 3F 6B 00 4D 44 30 42 31 20 20 20 20 20   ?Zu?k~MD0B1     
20 00 00 10 3F 5A 75 3F 6B 00 41 44 30 42 31 20    ~~~?Zu?k~AD0B1 
20 20 41 44 56 00 00 4E 3F 5A 75 3F 6B 00 27 44     ADV~~N?Zu?k~'D
30 42 31 20 20 20 49 53 20 00 00 61 38 5A 75 3F   0B1   IS ~~a8Zu?
6B 00 26 44 30 42 31 20 20 20 36 38 33 00 00 10   k~&D0B1   683~~~
3F 5A 75 3F 6B 00 23 44 30 42 31 37 39 20 41 44   ?Zu?k~#D0B179 AD
56 00 00 10 3F 5A 75 3F 6B 00 34 44 30 42 31 20   V~~~?Zu?k~4D0B1 
20 20 41 44 56 00 00 10 3F 5A 75 3F 6B 00 2A 44     ADV~~~?Zu?k~*D
30 42 31 39 32 35 37 37 39 00 00 10 3F 5A 75 3F   0B1925779~~~?Zu?
6B 00 0E 44 30 42 32 20 20 20 41 44 56 00 00 2D   k~~D0B2   ADV~~-
20 5A 75 3F 6B 00 3F 44 30 42 31 39 34 33 49 4C    Zu?k~?D0B1943IL
44 00 00 10 3F 5A 75 3F 6B 00 20 44 30 42 32 20   D~~~?Zu?k~ D0B2 
20 20 41 44 56 00 09 50 5E 5A 75 3F 6B 00 3F 44     ADV~~P^Zu?k~?D
30 42 31 20 20 20 43 56 31 00 09 50 3F 5A 75 3F   0B1   CV1~~P?Zu?
6C 00 12 44 30 42 32 20 20 20 39 39 39 00 09 51   l~~D0B2   999~~Q
2A 5A 75 3F 6C 00 6F 44 30 42 31 20 20 20 4E 56   *Zu?l~oD0B1   NV
54 00 00 4E 3F 5A 75 3F 6C 00 73 44 30 42 31 20   T~~N?Zu?l~sD0B1 
20 20 49 53 20 00 00 10 3F 5A 75 3F 6C 00 38 44     IS ~~~?Zu?l~8D
30 42 31 20 20 20 37 37 39 00 00 10 3F 5A 75 3F   0B1   779~~~?Zu?
6C 00 2E 44 30 42 31 36 30 38 37 37 39 00 09 50   l~.D0B1608779~~P
3F 5A 75 3F 6C 00 36 44 30 42 31 20 20 20 39 39   ?Zu?l~6D0B1   99
39 00 00 4B 3F 5A 75 3F 6C 00 37 44 30 42 31 20   9~~K?Zu?l~7D0B1 
20 20 37 32 38 00 00 4C 3F 5A 75 3F 6C 00 3F 44     728~~L?Zu?l~?D
30 42 32 20 20 20 30 36 30 00 00 46 20 5A 75 3F   0B2   060~~F Zu?
6C 00 3F 44 30 45 31 20 20 20 43 4F 4D 00 00 1C   l~?D0E1   COM~~~
6B 5A 75 3F 6C 00 05 44 30 42 32 20 20 20 20 20   kZu?l~~D0B2     
20 00 00 5E 3F 5A 75 3F 6C 00 5D 44 30 42 31 20    ~~^?Zu?l~]D0B1 
20 20 4F 48 52 00 09 50 3F 5A 75 3F 6C 00 19 44     OHR~~P?Zu?l~~D
30 42 32 20 20 20 30 30 36 00 09 50 3F 5A 75 3F   0B2   006~~P?Zu?
6C 00 34 44 30 42 31 20 20 20 39 39 39 00 00 58   l~4D0B1   999~~X
3F 5A 75 3F 6C 00 65 44 30 42 32 20 20 20 36 33   ?Zu?l~eD0B2   63
33 00 09 4E 3F 5A 75 3F 6D 00 2F 44 30 42 31 20   3~~N?Zu?m~/D0B1 
20 20 4D 45 44 00 00 10 3F 5A 75 3F 6D 00 35 44     MED~~~?Zu?m~5D
30 42 31 20 20 20 4D 45 44 00 09 4F 3F 5A 75 3F   0B1   MED~~O?Zu?
6D 00 37 44 30 42 31 20 20 20 39 39 39 00 00 0F   m~7D0B1   999~~~
12 5A 75 3F 6D 00 48 44 30 42 31 20 20 20 41 34   ~Zu?m~HD0B1   A4
20 00 00 10 3F 5A 75 3F 6D 00 38 44 30 42 31 20    ~~~?Zu?m~8D0B1 
20 20 41 44 56 00 00 46 20 5A 75 3F 6D 00 3F 44     ADV~~F Zu?m~?D
30 45 31 20 20 20 43 4F 4D 00 00 49 3F 5A 75 3F   0E1   COM~~I?Zu?
6D 00 3F 44 30 42 31 20 20 20 33 46 20 00 00 10   m~?D0B1   3F ~~~
3F 5A 75 3F 6D 00 0C 44 30 42 32 20 20 20 4D 45   ?Zu?m~~D0B2   ME
44 00 00 1C 6B 5A 75 3F 6D 00 01 44 30 42 31 20   D~~~kZu?m~~D0B1 
20 20 20 20 20 00 00 58 3F 5A 75 3F 6D 00 3F 44        ~~X?Zu?m~?D
30 42 31 20 20 20 36 33 33 00 00 4E 3F 5A 75 3F   0B1   633~~N?Zu?
6D 00 37 44 30 42 31 20 20 20 57 47 20 00 09 4E   m~7D0B1   WG ~~N
3F 5A 75 3F 6D 00 1C 44 30 42 31 20 20 20 50 45   ?Zu?m~~D0B1   PE
55 00 00 46 20 5A 75 3F 6D 00 49 44 30 45 31 4E   U~~F Zu?m~ID0E1N
31 20 43 4F 4D 00 09 51 3F 5A 75 3F 6D 00 20 44   1 COM~~Q?Zu?m~ D
30 42 31 20 20 20 37 37 37 00 09 4F 3F 5A 75 3F   0B1   777~~O?Zu?
6D 00 21 44 30 42 31 20 20 20 39 39 39 00 00 10   m~!D0B1   999~~~
3F 5A 75 3F 6D 00 2E 44 30 42 31 20 20 20 4D 45   ?Zu?m~.D0B1   ME
44 00 00 3C 3F 5A 75 3F 6D 00 31 44 30 42 31 20   D~~<?Zu?m~1D0B1 
20 20 30 33 32 00 09 4F 3F 5A 75 3F 6E 00 10 44     032~~O?Zu?n~~D
30 42 32 20 20 20 46 45 50 00 00 10 3F 5A 75 3F   0B2   FEP~~~?Zu?
6E 00 2F 44 30 42 31 20 20 20 41 44 56 00 00 46   n~/D0B1   ADV~~F
20 5A 75 3F 6E 00 36 44 30 45 31 20 20 20 43 4F    Zu?n~6D0E1   CO
4D 00 09 4F 31 5A 75 3F 6E 00 21 44 30 42 31 30   M~~O1Zu?n~!D0B10
34 20 39 39 39 00 00 10 3F 5A 75 3F 6E 00 3F 44   4 999~~~?Zu?n~?D
30 42 31 20 20 20 41 44 56 00 00 10 3F 5A 75 3F   0B1   ADV~~~?Zu?
6E 00 28 44 30 42 31 37 35 20 41 44 56 00 00 58   n~(D0B175 ADV~~X
3F 5A 75 3F 6E 00 54 44 30 42 31 20 20 20 36 33   ?Zu?n~TD0B1   63
33 00 00 30 18 5A 75 3F 6E 00 3F 44 30 42 31 20   3~~0~Zu?n~?D0B1 
20 20 50 41 52 00 09 4E 3F 5A 75 3F 6E 00 30 44     PAR~~N?Zu?n~0D
30 42 31 20 20 20 43 52 4B 00 09 4F 31 5A 75 3F   0B1   CRK~~O1Zu?
6E 00 3B 44 30 42 31 20 20 20 39 39 39 00 09 4E   n~;D0B1   999~~N
3F 5A 75 3F 6E 00 3B 44 30 42 31 20 20 20 43 54   ?Zu?n~;D0B1   CT
52 00 00 4E 3F 5A 75 3F 6E 00 3E 44 30 42 31 20   R~~N?Zu?n~>D0B1 
20 20 57 47 20 00 00 10 3F 5A 75 3F 6E 00 0E 44     WG ~~~?Zu?n~~D
30 42 32 20 20 20 41 44 56 00 00 10 3F 5A 75 3F   0B2   ADV~~~?Zu?
6E 00 2F 44 30 42 31 37 30 20 4D 45 44 00 00 4E   n~/D0B170 MED~~N
3F 5A 75 3F 6E 00 3E 44 30 42 31 20 20 20 57 47   ?Zu?n~>D0B1   WG
20 00 00 10 3F 5A 75 3F 6E 00 4E 44 30 42 31 20    ~~~?Zu?n~ND0B1 
20 20 41 44 56 00 00 17 3F 5A 75 3F 6E 00 3F 44     ADV~~~?Zu?n~?D
30 42 31 20 20 20 4D 53 43 00 00 1C 6B 5A 75 3F   0B1   MSC~~~kZu?
6E 00 05 44 30 42 32 20 20 20 20 20 20 00 00 10   n~~D0B2      ~~~
3F 5A 75 3F 6E 00 35 44 30 42 31 37 36 20 41 44   ?Zu?n~5D0B176 AD
56 00 00 10 3F 5A 75 3F 6E 00 39 44 30 42 31 20   V~~~?Zu?n~9D0B1 
20 20 4D 45 44 00 00 10 3F 5A 75 3F 6E 00 30 44     MED~~~?Zu?n~0D
30 42 31 37 35 20 4D 45 44 00 09 4E 3F 5A 75 3F   0B175 MED~~N?Zu?
6F 00 2D 44 30 42 31 20 20 20 50 45 55 00 00 4E   o~-D0B1   PEU~~N
3F 5A 75 3F 6F 00 22 44 30 42 31 38 35 20 49 52   ?Zu?o~"D0B185 IR
58 00 00 3C 3F 5A 75 3F 6F 00 36 44 30 42 31 20   X~~<?Zu?o~6D0B1 
20 20 30 33 32 00 00 4E 3F 5A 75 3F 6F 00 22 44     032~~N?Zu?o~"D
30 42 31 20 20 20 43 53 20 00 00 4E 3F 5A 75 3F   0B1   CS ~~N?Zu?
6F 00 27 44 30 42 31 20 20 20 49 53 20 00 09 4F   o~'D0B1   IS ~~O
31 5A 75 3F 6F 00 55 44 30 42 31 20 20 20 39 39   1Zu?o~UD0B1   99
39 00 00 2D 20 5A 75 3F 6F 00 4B 44 30 42 31 20   9~~- Zu?o~KD0B1 
20 20 49 4C 44 00 09 50 3F 5A 75 3F 6F 00 4D 44     ILD~~P?Zu?o~MD
30 42 31 20 20 20 4D 45 44 00 09 4E 3F 5A 75 3F   0B1   MED~~N?Zu?
6F 00 31 44 30 42 31 20 20 20 20 20 20 00 00 1C   o~1D0B1      ~~~
6B 5A 75 3F 6F 00 06 44 30 42 31 20 20 20 20 20   kZu?o~~D0B1     
20 00 00 4E 3F 5A 75 3F 6F 00 10 44 30 42 32 20    ~~N?Zu?o~~D0B2 
20 20 49 53 20 00 00 0F 12 5A 75 3F 6F 00 11 44     IS ~~~~Zu?o~~D
30 42 32 20 20 20 4D 44 20 00 00 26 09 5A 75 3F   0B2   MD ~~&~Zu?
6F 00 72 44 30 42 31 38 38 20 50 30 30 00 09 4E   o~rD0B188 P00~~N
3F 5A 75 3F 6F 00 32 44 30 42 31 37 36 20 50 45   ?Zu?o~2D0B176 PE
55 00 00 46 20 5A 75 3F 6F 00 23 44 30 45 31 4E   U~~F Zu?o~#D0E1N
31 20 43 4F 4D 00 00 1C 6B 5A 75 3F 6F 00 06 44   1 COM~~~kZu?o~~D
30 42 32 20 20 20 20 20 20 00 00 10 3F 5A 75 3F   0B2      ~~~?Zu?
6F 00 35 44 30 42 31 20 20 20 41 44 56 00 09 50   o~5D0B1   ADV~~P
3F 5A 75 3F 6F 00 31 44 30 42 31 37 39 20 20 20   ?Zu?o~1D0B179   
20 00 00 10 3F 5A 75 3F 6F 00 34 44 30 42 31 37    ~~~?Zu?o~4D0B17
30 20 4D 45 44 00 00 30 18 5A 75 3F 6F 00 3F 44   0 MED~~0~Zu?o~?D
30 42 31 4D 52 20 50 41 52 00 09 50 3F 5A 75 3F   0B1MR PAR~~P?Zu?
6F 00 41 44 30 42 31 20 20 20 4C 4F 59 00 09 50   o~AD0B1   LOY~~P
3F 5A 75 3F 6F 00 1A 44 30 42 32 20 20 20 4D 45   ?Zu?o~~D0B2   ME
44 00 00 46 20 5A 75 3F 6F 00 21 44 30 45 31 20   D~~F Zu?o~!D0E1 
20 20 43 4F 4D 00 00 46 20 5A 75 3F 70 00 12 44     COM~~F Zu?p~~D
30 45 31 4E 31 20 43 4F 4D 00 09 4E 3F 5A 75 3F   0E1N1 COM~~N?Zu?
70 00 1A 44 30 42 32 20 20 20 4D 45 44 00 09 34   p~~D0B2   MED~~4
3F 5A 75 3F 70 00 15 44 30 42 32 20 20 20 30 31   ?Zu?p~~D0B2   01
34 00 00 0F 3F 5A 75 3F 70 00 28 44 30 42 31 36   4~~~?Zu?p~(D0B16
45 20 34 33 2D 00 00 46 20 5A 75 3F 70 00 27 44   E 43-~~F Zu?p~'D
30 45 31 4E 31 20 43 4F 4D 00 00 3C 3F 5A 75 3F   0E1N1 COM~~<?Zu?
70 00 3F 44 30 42 31 20 20 20 30 33 32 00 09 4F   p~?D0B1   032~~O
3F 5A 75 3F 70 00 35 44 30 42 31 37 30 20 46 45   ?Zu?p~5D0B170 FE
50 00 00 4E 3F 5A 75 3F 70 00 0B 44 30 42 32 20   P~~N?Zu?p~~D0B2 
20 20 57 47 20 00 00 4E 3F 5A 75 3F 70 00 41 44     WG ~~N?Zu?p~AD
30 42 31 38 38 20 49 4E 20 00 00 10 3F 5A 75 3F   0B188 IN ~~~?Zu?
70 00 2A 44 30 42 31 20 20 20 41 44 56 00 09 4E   p~*D0B1   ADV~~N
3F 5A 75 3F 70 00 49 44 30 42 32 20 20 20 49 52   ?Zu?p~ID0B2   IR
58 00 00 58 3F 5A 75 3F 70 00 14 44 30 42 32 20   X~~X?Zu?p~~D0B2 
20 20 36 33 33 00 00 58 3F 5A 75 3F 70 00 4A 44     633~~X?Zu?p~JD
30 42 32 20 20 20 36 33 33 00 09 4E 3F 5A 75 3F   0B2   633~~N?Zu?
70 00 1D 44 30 42 31 41 35 20 4D 45 44 00 00 17   p~~D0B1A5 MED~~~
3B 5A 75 3F 70 00 26 44 30 42 31 20 20 20 43 4C   ;Zu?p~&D0B1   CL
41 00 00 0E 01 5A 75 3F 70 00 44 44 30 42 31 20   A~~~~Zu?p~DD0B1 
20 20 41 53 50 00 00 46 20 5A 75 3F 70 00 31 44     ASP~~F Zu?p~1D
30 45 31 20 20 20 43 4F 4D 00 00 1C 6B 5A 75 3F   0E1   COM~~~kZu?
70 00 01 44 30 42 31 20 20 20 20 20 20 00 09 4F   p~~D0B1      ~~O
31 5A 75 3F 70 00 0C 44 30 42 32 20 20 20 39 39   1Zu?p~~D0B2   99
39 00 09 4F 31 5A 75 3F 71 00 34 44 30 42 31 20   9~~O1Zu?q~4D0B1 
20 20 39 39 39 00 09 4F 3F 5A 75 3F 71 00 3A 44     999~~O?Zu?q~:D
30 42 31 20 20 20 46 45 50 00 09 4E 3F 5A 75 3F   0B1   FEP~~N?Zu?
71 00 31 44 30 42 31 20 20 20 20 20 20 00 00 10   q~1D0B1      ~~~
3F 5A 75 3F 71 00 2D 44 30 42 31 37 30 20 4D 45   ?Zu?q~-D0B170 ME
44 00 00 1C 6B 5A 75 3F 71 00 01 44 30 42 31 20   D~~~kZu?q~~D0B1 
20 20 20 20 20 00 09 4F 3F 5A 75 3F 71 00 20 44        ~~O?Zu?q~ D
30 42 31 20 20 20 39 39 39 00 00 0F 12 5A 75 3F   0B1   999~~~~Zu?
71 00 27 44 30 42 31 20 20 20 4D 41 20 00 09 50   q~'D0B1   MA ~~P
5E 5A 75 3F 71 00 3F 44 30 42 31 20 20 20 43 56   ^Zu?q~?D0B1   CV
31 00 00 3C 3F 5A 75 3F 71 00 3B 44 30 42 31 20   1~~<?Zu?q~;D0B1 
20 20 30 33 32 00 09 4F 31 5A 75 3F 71 00 42 44     032~~O1Zu?q~BD
30 42 31 37 36 20 39 39 39 00 00 10 3F 5A 75 3F   0B176 999~~~?Zu?
71 00 28 44 30 42 31 20 20 20 4D 45 44 00 09 4F   q~(D0B1   MED~~O
31 5A 75 3F 71 00 32 44 30 42 31 20 20 20 39 39   1Zu?q~2D0B1   99
39 00 00 58 3F 5A 75 3F 71 00 64 44 30 42 31 20   9~~X?Zu?q~dD0B1 
20 20 36 33 33 00 00 58 3F 5A 75 3F 71 00 5C 44     633~~X?Zu?q~\D
30 42 31 37 35 20 36 33 33 00 00 5E 3F 5A 75 3F   0B175 633~~^?Zu?
71 00 3F 44 30 42 31 20 20 20 4F 48 52 00 09 4F   q~?D0B1   OHR~~O
3F 5A 75 3F 71 00 23 44 30 42 31 20 20 20 39 39   ?Zu?q~#D0B1   99
39 00 00 0F 12 5A 75 3F 71 00 2B 44 30 42 31 20   9~~~~Zu?q~+D0B1 
20 20 41 34 20 00 00 10 3F 5A 75 3F 71 01 4D 44     A4 ~~~?Zu?q~MD
30 42 31 30 36 20 43 41 4C 00 00 10 3F 5A 75 3F   0B106 CAL~~~?Zu?
72 00 16 44 30 42 32 20 20 20 44 43 41 00 00 10   r~~D0B2   DCA~~~
3F 5A 75 3F 72 00 2A 44 30 42 31 37 36 20 41 44   ?Zu?r~*D0B176 AD
56 00 00 10 3F 5A 75 3F 72 00 2F 44 30 42 31 37   V~~~?Zu?r~/D0B17
36 20 37 37 39 00 00 26 09 5A 75 3F 72 00 67 44   6 779~~&~Zu?r~gD
30 42 31 20 20 20 50 30 30 00 00 5E 3F 5A 75 3F   0B1   P00~~^?Zu?
72 00 60 44 30 42 31 20 20 20 4F 48 52 00 09 4F   r~`D0B1   OHR~~O
3F 5A 75 3F 72 00 12 44 30 42 32 20 20 20 39 39   ?Zu?r~~D0B2   99
39 00 00 58 3F 5A 75 3F 72 00 6F 44 30 42 31 37   9~~X?Zu?r~oD0B17
36 20 36 33 33 00 00 10 3F 5A 75 3F 72 00 17 44   6 633~~~?Zu?r~~D
30 42 32 20 20 20 37 37 39 00 09 4E 3F 5A 75 3F   0B2   779~~N?Zu?
72 00 2E 44 30 42 31 20 20 20 50 45 55 00 00 5E   r~.D0B1   PEU~~^
3F 5A 75 3F 72 00 21 44 30 42 32 20 20 20 4F 48   ?Zu?r~!D0B2   OH
52 00 00 4E 3F 5A 75 3F 72 00 40 44 30 42 31 20   R~~N?Zu?r~@D0B1 
20 20 57 47 20 00 00 10 3F 5A 75 3F 72 00 44 44     WG ~~~?Zu?r~DD
30 42 31 20 20 20 41 44 56 00 00 10 3F 5A 75 3F   0B1   ADV~~~?Zu?
72 00 2A 44 30 42 31 20 20 20 41 44 56 00 00 10   r~*D0B1   ADV~~~
3F 5A 75 3F 72 00 43 44 30 42 31 20 20 20 4D 45   ?Zu?r~CD0B1   ME
44 00 00 4E 3F 5A 75 3F 72 00 33 44 30 42 31 20   D~~N?Zu?r~3D0B1 
20 20 49 4E 20 00 00 4E 3F 5A 75 3F 72 00 2E 44     IN ~~N?Zu?r~.D
30 42 31 20 20 20 57 4B 20 00 00 10 3F 5A 75 3F   0B1   WK ~~~?Zu?
72 00 2F 44 30 42 31 20 20 20 4D 45 44 00 09 4E   r~/D0B1   MED~~N
3F 5A 75 3F 72 00 3F 44 30 42 31 20 20 20 49 52   ?Zu?r~?D0B1   IR
58 00 00 10 3F 5A 75 3F 72 00 6E 44 30 42 31 20   X~~~?Zu?r~nD0B1 
20 20 41 44 56 00 09 51 1F 5A 75 3F 73 00 0B 44     ADV~~Q~Zu?s~~D
30 42 32 20 20 20 41 44 56 00 00 3C 3F 5A 75 3F   0B2   ADV~~<?Zu?
73 00 21 44 30 42 31 20 20 20 30 33 32 00 00 3C   s~!D0B1   032~~<
3F 5A 75 3F 73 00 3F 44 30 42 31 20 20 20 30 33   ?Zu?s~?D0B1   03
32 00 09 4E 3F 5A 75 3F 73 00 26 44 30 42 31 20   2~~N?Zu?s~&D0B1 
20 20 50 45 55 00 00 3C 49 5A 75 3F 73 00 7F 44     PEU~~<IZu?s~~D
30 42 31 20 20 20 53 53 4E 00 00 2D 20 5A 75 3F   0B1   SSN~~- Zu?
73 00 1E 44 30 42 32 20 20 20 49 4C 44 00 00 46   s~~D0B2   ILD~~F
20 5A 75 3F 73 00 34 44 30 45 31 20 20 20 43 4F    Zu?s~4D0E1   CO
4D 00 00 46 20 5A 75 3F 73 00 29 44 30 45 31 20   M~~F Zu?s~)D0E1 
20 20 43 4F 4D 00 00 51 3F 5A 75 3F 73 00 21 44     COM~~Q?Zu?s~!D
30 42 32 20 20 20 43 57 48 00 00 10 3F 5A 75 3F   0B2   CWH~~~?Zu?
73 00 0F 44 30 42 32 20 20 20 41 44 56 00 09 4F   s~~D0B2   ADV~~O
3F 5A 75 3F 73 00 1E 44 30 42 31 20 20 20 39 39   ?Zu?s~~D0B1   99
39 00 09 4F 3F 5A 75 3F 73 00 30 44 30 42 31 20   9~~O?Zu?s~0D0B1 
20 20 46 45 50 00 00 10 3F 5A 75 3F 73 00 17 44     FEP~~~?Zu?s~~D
30 42 32 20 20 20 4D 45 44 00 00 46 20 5A 75 3F   0B2   MED~~F Zu?
73 00 25 44 30 45 31 4E 31 20 43 4F 4D 00 00 10   s~%D0E1N1 COM~~~
3F 5A 75 3F 73 00 50 44 30 42 31 20 20 20 4D 45   ?Zu?s~PD0B1   ME
44 00 00 10 3F 5A 75 3F 73 00 2B 44 30 42 31 20   D~~~?Zu?s~+D0B1 
20 20 37 37 39 00 00 48 3F 5A 75 3F 73 00 26 44     779~~H?Zu?s~&D
30 42 31 20 20 20 48 45 4C 00 00 10 3F 5A 75 3F   0B1   HEL~~~?Zu?
73 00 35 44 30 42 31 20 20 20 4D 45 44 00 00 10   s~5D0B1   MED~~~
3F 5A 75 3F 73 00 2D 44 30 42 31 20 20 20 4D 45   ?Zu?s~-D0B1   ME
44 00 00 10 3F 5A 75 3F 73 00 38 44 30 42 31 20   D~~~?Zu?s~8D0B1 
20 20 37 37 39 00 09 4E 3F 5A 75 3F 73 00 27 44     779~~N?Zu?s~'D
30 42 31 20 20 20 50 45 55 00 00 1C 6B 5A 75 3F   0B1   PEU~~~kZu?
74 00 01 44 30 42 31 20 20 20 20 20 20 00 09 4F   t~~D0B1      ~~O
3F 5A 75 3F 74 00 19 44 30 42 32 20 20 20 50 52   ?Zu?t~~D0B2   PR
58 00 00 5E 3F 5A 75 3F 74 00 63 44 30 42 31 20   X~~^?Zu?t~cD0B1 
20 20 4F 48 52 00 00 1C 6B 5A 75 3F 74 00 01 44     OHR~~~kZu?t~~D
30 42 31 20 20 20 20 20 20 00 09 50 3F 5A 75 3F   0B1      ~~P?Zu?
74 00 26 44 30 42 31 20 20 20 34 37 30 00 09 50   t~&D0B1   470~~P
3F 5A 75 3F 74 00 42 44 30 42 31 20 20 20 4D 45   ?Zu?t~BD0B1   ME
44 00 00 10 3F 5A 75 3F 74 00 24 44 30 42 31 20   D~~~?Zu?t~$D0B1 
20 20 41 44 56 00 00 4E 3F 5A 75 3F 74 00 26 44     ADV~~N?Zu?t~&D
30 42 31 20 20 20 49 53 20 00 09 4E 3F 5A 75 3F   0B1   IS ~~N?Zu?
74 00 23 44 30 42 31 20 20 20 50 45 55 00 00 10   t~#D0B1   PEU~~~
3F 5A 75 3F 74 00 2A 44 30 42 31 36 39 20 48 4E   ?Zu?t~*D0B169 HN
45 00 00 10 3F 5A 75 3F 74 00 2D 44 30 42 31 20   E~~~?Zu?t~-D0B1 
20 20 41 44 56 00 00 46 20 5A 75 3F 74 00 2D 44     ADV~~F Zu?t~-D
30 45 31 4E 31 20 43 4F 4D 00 09 4F 3F 5A 75 3F   0E1N1 COM~~O?Zu?
74 00 46 44 30 42 31 20 20 20 39 39 39 00 00 1C   t~FD0B1   999~~~
6B 5A 75 3F 74 00 01 44 30 42 31 20 20 20 20 20   kZu?t~~D0B1     
20 00 00 1C 6B 5A 75 3F 74 00 01 44 30 42 31 20    ~~~kZu?t~~D0B1 
20 20 20 20 20 00 00 1C 6B 5A 75 3F 74 00 01 44        ~~~kZu?t~~D
30 42 31 20 20 20 20 20 20 00 09 4E 3F 5A 75 3F   0B1      ~~N?Zu?
74 00 3A 44 30 42 31 20 20 20 50 45 55 00 00 58   t~:D0B1   PEU~~X
3F 5A 75 3F 74 00 5F 44 30 42 31 20 20 20 36 33   ?Zu?t~_D0B1   63
33 00 00 4E 3F 5A 75 3F 75 00 11 44 30 42 32 20   3~~N?Zu?u~~D0B2 
20 20 49 53 20 00 00 40 73 5A 75 3F 75 00 51 44     IS ~~@sZu?u~QD
30 42 31 20 20 20 48 5A 52 00 00 1C 6B 5A 75 3F   0B1   HZR~~~kZu?
75 00 06 44 30 42 31 20 20 20 20 20 20 00 09 50   u~~D0B1      ~~P
3F 5A 75 3F 75 00 3C 44 30 42 31 20 20 20 30 30   ?Zu?u~<D0B1   00
36 00 09 50 3F 5A 75 3F 75 00 40 44 30 42 31 38   6~~P?Zu?u~@D0B18
38 20 4D 45 44 00 00 10 3F 5A 75 3F 75 00 30 44   8 MED~~~?Zu?u~0D
30 42 31 20 20 20 37 37 39 00 00 4A 3F 5A 75 3F   0B1   779~~J?Zu?
75 00 29 44 30 42 31 37 30 20 43 4E 52 00 00 58   u~)D0B170 CNR~~X
3F 5A 75 3F 75 00 0B 44 30 42 31 38 35 20 36 33   ?Zu?u~~D0B185 63
33 00 00 58 3F 5A 75 3F 75 00 70 44 30 42 31 20   3~~X?Zu?u~pD0B1 
20 20 36 33 33 00 00 10 3F 5A 75 3F 75 00 3A 44     633~~~?Zu?u~:D
30 42 31 20 20 20 41 44 56 00 00 46 20 5A 75 3F   0B1   ADV~~F Zu?
75 00 29 44 30 45 31 4E 31 20 43 4F 4D 00 00 10   u~)D0E1N1 COM~~~
3F 5A 75 3F 75 00 3A 44 30 42 31 20 20 20 41 44   ?Zu?u~:D0B1   AD
56 00 00 42 72 5A 75 3F 75 00 19 44 30 42 32 20   V~~BrZu?u~~D0B2 
20 20 30 32 31 00 00 5E 3F 5A 75 3F 75 00 61 44     021~~^?Zu?u~aD
30 42 31 20 20 20 4F 48 52 00 00 4E 3F 5A 75 3F   0B1   OHR~~N?Zu?
75 00 4C 44 30 42 31 20 20 20 57 47 20 00 00 1C   u~LD0B1   WG ~~~
6B 5A 75 3F 75 00 01 44 30 42 32 20 20 20 20 20   kZu?u~~D0B2     
20 00 00 4E 3F 5A 75 3F 75 00 26 44 30 42 31 20    ~~N?Zu?u~&D0B1 
20 20 49 52 58 00 09 4F 31 5A 75 3F 75 00 3D 44     IRX~~O1Zu?u~=D
30 42 31 20 20 20 39 39 39 00 00 58 3F 5A 75 3F   0B1   999~~X?Zu?
75 00 4D 44 30 42 31 20 20 20 36 33 33 00 00 10   u~MD0B1   633~~~
3F 5A 75 3F 76 00 2D 44 30 42 31 20 20 20 4D 45   ?Zu?v~-D0B1   ME
44 00 09 51 59 5A 75 3F 76 00 4D 44 30 42 31 20   D~~QYZu?v~MD0B1 
20 20 30 33 31 00 00 4E 3F 5A 75 3F 76 00 4F 44     031~~N?Zu?v~OD
30 42 31 20 20 20 57 47 20 00 00 54 3F 5A 75 3F   0B1   WG ~~T?Zu?
76 00 35 44 30 42 31 38 35 20 20 20 20 00 00 46   v~5D0B185    ~~F
20 5A 75 3F 76 00 29 44 30 45 31 20 20 20 43 4F    Zu?v~)D0E1   CO
4D 00 09 4F 31 5A 75 3F 76 00 33 44 30 42 31 37   M~~O1Zu?v~3D0B17
39 20 39 39 39 00 00 46 20 5A 75 3F 76 00 7D 44   9 999~~F Zu?v~}D
30 45 31 20 20 20 43 4F 4D 00 09 4F 31 5A 75 3F   0E1   COM~~O1Zu?
76 00 0C 44 30 42 32 20 20 20 39 39 39 00 00 10   v~~D0B2   999~~~
3F 5A 75 3F 76 00 32 44 30 42 31 20 20 20 4D 45   ?Zu?v~2D0B1   ME
44 00 00 4E 3F 5A 75 3F 76 00 0F 44 30 42 32 20   D~~N?Zu?v~~D0B2 
20 20 57 47 20 00 09 51 2A 5A 75 3F 76 00 58 44     WG ~~Q*Zu?v~XD
30 42 31 20 20 20 4D 43 44 00 00 1C 6B 5A 75 3F   0B1   MCD~~~kZu?
76 00 05 44 30 42 32 20 20 20 20 20 20 00 00 10   v~~D0B2      ~~~
3F 5A 75 3F 76 00 2F 44 30 42 31 20 20 20 4D 45   ?Zu?v~/D0B1   ME
44 00 09 50 3F 5A 75 3F 76 00 2C 44 30 42 31 20   D~~P?Zu?v~,D0B1 
20 20 4D 45 44 00 00 10 3F 5A 75 3F 76 01 27 44     MED~~~?Zu?v~'D
30 42 31 20 20 20 54 45 4C 00 00 3C 3F 5A 75 3F   0B1   TEL~~<?Zu?
76 00 32 44 30 42 31 37 30 20 30 33 32 00 00 58   v~2D0B170 032~~X
3F 5A 75 3F 76 00 3F 44 30 42 31 20 20 20 36 33   ?Zu?v~?D0B1   63
33 00 00 3C 3F 5A 75 3F 77 00 1C 44 30 42 32 20   3~~<?Zu?w~~D0B2 
20 20 30 33 32 00 00 58 3F 5A 75 3F 77 00 79 44     032~~X?Zu?w~yD
30 42 31 37 35 20 36 33 33 00 09 33 3F 5A 75 3F   0B175 633~~3?Zu?
77 00 2D 44 30 42 31 37 36 20 42 41 5A 00 09 4E   w~-D0B176 BAZ~~N
3F 5A 75 3F 77 00 2C 44 30 42 31 20 20 20 4D 45   ?Zu?w~,D0B1   ME
44 00 00 10 3F 5A 75 3F 77 00 2A 44 30 42 31 20   D~~~?Zu?w~*D0B1 
20 20 41 44 56 00 00 49 3F 5A 75 3F 77 00 3F 44     ADV~~I?Zu?w~?D
30 42 31 20 20 20 33 46 20 00 00 58 3F 5A 75 3F   0B1   3F ~~X?Zu?
77 00 6C 44 30 42 31 36 32 30 36 33 33 00 00 58   w~lD0B1620633~~X
3F 5A 75 3F 77 00 12 44 30 42 32 20 20 20 36 33   ?Zu?w~~D0B2   63
33 00 00 58 3F 5A 75 3F 77 00 54 44 30 42 32 20   3~~X?Zu?w~TD0B2 
20 20 36 33 33 00 00 10 3F 5A 75 3F 77 00 35 44     633~~~?Zu?w~5D
30 42 31 37 35 20 41 44 56 00 00 10 3F 5A 75 3F   0B175 ADV~~~?Zu?
77 00 71 44 30 42 31 20 20 20 41 44 56 00 09 4E   w~qD0B1   ADV~~N
3F 5A 75 3F 77 00 19 44 30 42 32 20 20 20 50 45   ?Zu?w~~D0B2   PE
55 00 09 50 5E 5A 75 3F 77 00 43 44 30 42 32 20   U~~P^Zu?w~CD0B2 
20 20 43 56 31 00 00 3C 3F 5A 75 3F 77 00 1A 44     CV1~~<?Zu?w~~D
30 42 32 20 20 20 41 53 50 00 00 10 3F 5A 75 3F   0B2   ASP~~~?Zu?
77 00 32 44 30 42 31 20 20 20 4D 45 44 00 00 4E   w~2D0B1   MED~~N
3F 5A 75 3F 77 00 3E 44 30 42 31 20 20 20 57 47   ?Zu?w~>D0B1   WG
20 00 00 58 3F 5A 75 3F 77 00 57 44 30 42 31 20    ~~X?Zu?w~WD0B1 
20 20 36 33 33 00 00 4E 3F 5A 75 3F 77 00 40 44     633~~N?Zu?w~@D
30 42 31 20 20 20 57 47 20 00 09 4E 3F 5A 75 3F   0B1   WG ~~N?Zu?
78 00 2D 44 30 42 31 37 35 20 50 45 55 00 09 4E   x~-D0B175 PEU~~N
3F 5A 75 3F 78 00 28 44 30 42 31 37 58 20 50 45   ?Zu?x~(D0B17X PE
55 00 00 10 3F 5A 75 3F 78 00 0D 44 30 42 32 20   U~~~?Zu?x~~D0B2 
20 20 4D 45 44 00 00 10 3F 5A 75 3F 78 00 11 44     MED~~~?Zu?x~~D
30 42 32 20 20 20 41 44 56 00 00 10 3F 5A 75 3F   0B2   ADV~~~?Zu?
78 00 41 44 30 42 31 20 20 20 41 44 56 00 09 4F   x~AD0B1   ADV~~O
31 5A 75 3F 78 00 49 44 30 42 31 20 20 20 39 39   1Zu?x~ID0B1   99
39 00 00 1C 6B 5A 75 3F 78 00 01 44 30 42 31 20   9~~~kZu?x~~D0B1 
20 20 20 20 20 00 00 58 3F 5A 75 3F 78 00 67 44        ~~X?Zu?x~gD
30 42 31 20 20 20 36 33 33 00 00 1F 53 5A 75 3F   0B1   633~~~SZu?
78 00 2C 44 30 42 31 36 38 20 20 20 20 00 00 4E   x~,D0B168    ~~N
3F 5A 75 3F 78 00 2C 44 30 42 31 20 20 20 49 52   ?Zu?x~,D0B1   IR
58 00 00 10 3F 5A 75 3F 78 00 30 44 30 42 31 20   X~~~?Zu?x~0D0B1 
20 20 41 44 56 00 09 50 3F 5A 75 3F 78 00 36 44     ADV~~P?Zu?x~6D
30 42 31 37 36 20 30 30 36 00 00 4E 3F 5A 75 3F   0B176 006~~N?Zu?
78 00 28 44 30 42 31 20 20 20 49 53 20 00 00 58   x~(D0B1   IS ~~X
3F 5A 75 3F 78 00 4D 44 30 42 31 20 20 20 36 33   ?Zu?x~MD0B1   63
33 00 00 37 63 5A 75 3F 78 00 4A 44 30 42 31 34   3~~7cZu?x~JD0B14
31 20 39 37 34 00 00 0F 12 5A 75 3F 78 00 2E 44   1 974~~~~Zu?x~.D
30 42 31 20 20 20 4D 44 20 00 09 4E 3F 5A 75 3F   0B1   MD ~~N?Zu?
78 00 29 44 30 42 31 20 20 20 49 52 58 00 00 1C   x~)D0B1   IRX~~~
6B 5A 75 3F 78 00 05 44 30 42 32 20 20 20 20 20   kZu?x~~D0B2     
20 00 00 10 3F 5A 75 3F 78 00 3A 44 30 42 31 37    ~~~?Zu?x~:D0B17
36 20 4D 45 44 00 09 50 3F 5A 75 3F 78 00 30 44   6 MED~~P?Zu?x~0D
30 42 31 37 36 20 30 30 36 00 00 0F 12 5A 75 3F   0B176 006~~~~Zu?
78 00 5A 44 30 42 31 20 20 20 41 34 20 00 00 4E   x~ZD0B1   A4 ~~N
3F 5A 75 3F 78 00 27 44 30 42 31 20 20 20 49 53   ?Zu?x~'D0B1   IS
20 00 00 49 3F 5A 75 3F 78 00 3F 44 30 42 31 20    ~~I?Zu?x~?D0B1 
20 20 33 46 20 00 00 10 3F 5A 75 3F 78 00 28 44     3F ~~~?Zu?x~(D
30 42 31 20 20 20 4D 45 44 00 00 10 3F 5A 75 3F   0B1   MED~~~?Zu?
78 00 29 44 30 42 31 20 20 20 37 37 39 00 00 10   x~)D0B1   779~~~
3F 5A 75 3F 79 00 2B 44 30 42 32 20 20 20 41 44   ?Zu?y~+D0B2   AD
56 00 09 29 6C 5A 75 3F 79 00 14 44 30 42 32 20   V~~)lZu?y~~D0B2 
20 20 31 30 36 00 00 1C 6B 5A 75 3F 79 00 06 44     106~~~kZu?y~~D
30 42 31 20 20 20 20 20 20 00 00 3C 3F 5A 75 3F   0B1      ~~<?Zu?
79 00 42 44 30 42 31 20 20 20 30 33 32 00 00 4E   y~BD0B1   032~~N
3F 5A 75 3F 79 00 33 44 30 42 31 20 20 20 49 53   ?Zu?y~3D0B1   IS
20 00 00 58 3F 5A 75 3F 79 00 65 44 30 42 31 20    ~~X?Zu?y~eD0B1 
20 20 36 33 33 00 00 0E 01 5A 75 3F 79 00 2A 44     633~~~~Zu?y~*D
30 42 31 36 35 20 37 30 30 00 00 1C 6B 5A 75 3F   0B165 700~~~kZu?
79 00 01 44 30 42 31 20 20 20 20 20 20 00 09 4F   y~~D0B1      ~~O
3F 5A 75 3F 79 00 2F 44 30 42 31 37 30 20 39 39   ?Zu?y~/D0B170 99
39 00 00 42 72 5A 75 3F 79 00 36 44 30 42 31 37   9~~BrZu?y~6D0B17
30 20 30 35 31 00 00 0F 12 5A 75 3F 79 00 21 44   0 051~~~~Zu?y~!D
30 42 31 39 37 39 4D 41 20 00 00 58 3F 5A 75 3F   0B1979MA ~~X?Zu?
79 00 5F 44 30 42 31 20 20 20 36 33 33 00 09 4E   y~_D0B1   633~~N
3F 5A 75 3F 79 00 26 44 30 42 31 20 20 20 20 20   ?Zu?y~&D0B1     
20 00 00 58 3F 5A 75 3F 79 00 60 44 30 42 31 38    ~~X?Zu?y~`D0B18
38 20 36 33 33 00 00 10 3F 5A 75 3F 79 00 2E 44   8 633~~~?Zu?y~.D
30 42 31 37 35 20 41 44 56 00 00 46 20 5A 75 3F   0B175 ADV~~F Zu?
79 00 39 44 30 45 31 20 20 20 43 4F 4D 00 09 4E   y~9D0E1   COM~~N
3F 5A 75 3F 79 00 29 44 30 42 31 20 20 20 50 45   ?Zu?y~)D0B1   PE
55 00 00 4E 3F 5A 75 3F 79 00 34 44 30 42 31 20   U~~N?Zu?y~4D0B1 
20 20 49 52 58 00 00 4E 3F 5A 75 3F 79 00 19 44     IRX~~N?Zu?y~~D
30 42 32 20 20 20 57 47 20 00 00 1C 6B 5A 75 3F   0B2   WG ~~~kZu?
79 00 01 44 30 42 32 20 20 20 20 20 20 00 00 55   y~~D0B2      ~~U
3F 5A 75 3F 79 00 22 44 30 42 31 20 20 20 42 45   ?Zu?y~"D0B1   BE
41 00 09 50 3F 5A 75 3F 79 00 23 44 30 42 32 20   A~~P?Zu?y~#D0B2 
20 20 30 30 36 00 09 4E 3F 5A 75 3F 7A 00 30 44     006~~N?Zu?z~0D
30 42 31 37 36 20 49 52 58 00 00 46 20 5A 75 3F   0B176 IRX~~F Zu?
7A 00 48 44 30 45 31 20 20 20 43 4F 4D 00 09 4E   z~HD0E1   COM~~N
3F 5A 75 3F 7A 00 14 44 30 42 32 20 20 20 4D 45   ?Zu?z~~D0B2   ME
44 00 00 46 20 5A 75 3F 7A 00 06 44 30 45 31 4E   D~~F Zu?z~~D0E1N
31 20 43 4F 4D 00 00 17 3B 5A 75 3F 7A 00 22 44   1 COM~~~;Zu?z~"D
30 42 31 20 20 20 43 4C 41 00 09 4F 3F 5A 75 3F   0B1   CLA~~O?Zu?
7A 00 3F 44 30 42 31 20 20 20 46 57 20 00 00 3C   z~?D0B1   FW ~~<
3F 5A 75 3F 7A 00 3F 44 30 42 31 20 20 20 30 33   ?Zu?z~?D0B1   03
32 00 00 5E 3F 5A 75 3F 7A 00 61 44 30 42 31 38   2~~^?Zu?z~aD0B18
38 20 4F 48 52 00 09 4E 3F 5A 75 3F 7A 00 2E 44   8 OHR~~N?Zu?z~.D
30 42 31 20 20 20 43 54 52 00 00 42 72 5A 75 3F   0B1   CTR~~BrZu?
7A 00 2B 44 30 42 31 38 38 20 30 32 31 00 00 4E   z~+D0B188 021~~N
3F 5A 75 3F 7A 00 30 44 30 42 31 38 38 20 49 53   ?Zu?z~0D0B188 IS
20 00 09 4F 31 5A 75 3F 7A 00 33 44 30 42 31 20    ~~O1Zu?z~3D0B1 
20 20 39 39 39 00 09 4E 3F 5A 75 3F 7A 00 22 44     999~~N?Zu?z~"D
30 42 31 20 20 20 50 45 55 00 00 58 3F 5A 75 3F   0B1   PEU~~X?Zu?
7A 00 79 44 30 42 31 20 20 20 36 33 33 00 00 10   z~yD0B1   633~~~
3F 5A 75 3F 7A 00 17 44 30 42 32 20 20 20 37 37   ?Zu?z~~D0B2   77
39 00 09 4F 31 5A 75 3F 7A 00 3F 44 30 42 31 37   9~~O1Zu?z~?D0B17
39 20 39 39 39 00 09 50 3F 5A 75 3F 7A 00 2F 44   9 999~~P?Zu?z~/D
30 42 31 37 30 20 4D 45 44 00 09 4E 3F 5A 75 3F   0B170 MED~~N?Zu?
7A 00 0E 44 30 42 32 20 20 20 50 45 55 00 00 10   z~~D0B2   PEU~~~
3F 5A 75 3F 7A 00 33 44 30 42 31 20 20 20 41 44   ?Zu?z~3D0B1   AD
56 00 09 50 3F 5A 75 3F 7B 00 42 44 30 42 31 20   V~~P?Zu?{~BD0B1 
20 20 30 30 36 00 09 50 3F 5A 75 3F 7B 00 18 44     006~~P?Zu?{~~D
30 42 32 20 20 20 43 53 50 00 09 50 3F 5A 75 3F   0B2   CSP~~P?Zu?
7B 00 40 44 30 42 31 20 20 20 20 20 20 00 00 10   {~@D0B1      ~~~
3F 5A 75 3F 7B 00 28 44 30 42 31 37 39 20 4D 45   ?Zu?{~(D0B179 ME
44 00 00 10 3F 5A 75 3F 7B 00 10 44 30 42 32 20   D~~~?Zu?{~~D0B2 
20 20 4D 45 44 00 09 4E 3F 5A 75 3F 7B 00 30 44     MED~~N?Zu?{~0D
30 42 31 20 20 20 50 45 55 00 09 4F 31 5A 75 3F   0B1   PEU~~O1Zu?
7B 00 36 44 30 42 31 20 20 20 39 39 39 00 00 4E   {~6D0B1   999~~N
3F 5A 75 3F 7B 00 32 44 30 42 31 20 20 20 57 47   ?Zu?{~2D0B1   WG
20 00 09 4E 3F 5A 75 3F 7B 00 35 44 30 42 31 20    ~~N?Zu?{~5D0B1 
20 20 4D 45 44 00 00 4E 3F 5A 75 3F 7B 00 3F 44     MED~~N?Zu?{~?D
30 42 31 20 20 20 57 47 20 00 09 4E 3F 5A 75 3F   0B1   WG ~~N?Zu?
7B 00 2E 44 30 42 31 20 20 20 50 45 55 00 09 4E   {~.D0B1   PEU~~N
3F 5A 75 3F 7B 00 31 44 30 42 31 20 20 20 50 45   ?Zu?{~1D0B1   PE
55 00 00 58 3F 5A 75 3F 7B 00 0A 44 30 42 31 38   U~~X?Zu?{~~D0B18
35 20 36 33 33 00 00 52 3F 5A 75 3F 7B 00 3F 44   5 633~~R?Zu?{~?D
30 42 31 20 20 20 44 49 53 00 00 2D 20 5A 75 3F   0B1   DIS~~- Zu?
7B 00 46 44 30 42 31 20 20 20 42 43 54 00 00 10   {~FD0B1   BCT~~~
3F 5A 75 3F 7C 00 13 44 30 42 32 20 20 20 41 44   ?Zu?|~~D0B2   AD
56 00 00 3C 3F 5A 75 3F 7C 00 1C 44 30 42 32 20   V~~<?Zu?|~~D0B2 
20 20 41 53 50 00 00 58 3F 5A 75 3F 7C 00 3F 44     ASP~~X?Zu?|~?D
30 42 31 20 20 20 36 33 33 00 00 22 3F 5A 75 3F   0B1   633~~"?Zu?
7C 00 41 44 30 42 32 20 20 20 57 44 52 00 00 44   |~AD0B2   WDR~~D
29 5A 75 3F 7C 00 25 44 30 42 31 36 39 20 55 4E   )Zu?|~%D0B169 UN
49 00 09 51 2A 5A 75 3F 7C 00 4A 44 30 42 31 20   I~~Q*Zu?|~JD0B1 
20 20 4E 56 54 00 09 50 3F 5A 75 3F 7C 00 33 44     NVT~~P?Zu?|~3D
30 42 31 38 38 20 34 37 30 00 00 58 3F 5A 75 3F   0B188 470~~X?Zu?
7C 00 3F 44 30 42 31 20 20 20 36 33 33 00 00 58   |~?D0B1   633~~X
3F 5A 75 3F 7C 00 73 44 30 42 31 20 20 20 36 33   ?Zu?|~sD0B1   63
33 00 00 58 3F 5A 75 3F 7C 00 3F 44 30 42 31 20   3~~X?Zu?|~?D0B1 
20 20 36 33 33 00 00 10 3F 5A 75 3F 7C 01 3F 44     633~~~?Zu?|~?D
30 42 31 57 49 20 54 45 4C 00 00 10 3F 5A 75 3F   0B1WI TEL~~~?Zu?
7C 00 25 44 30 42 31 20 20 20 41 44 56 00 09 4E   |~%D0B1   ADV~~N
3F 5A 75 3F 7C 00 2E 44 30 42 31 20 20 20 50 45   ?Zu?|~.D0B1   PE
55 00 09 4E 3F 5A 75 3F 7C 00 27 44 30 42 31 20   U~~N?Zu?|~'D0B1 
20 20 50 45 55 00 09 4E 3F 5A 75 3F 7C 00 2C 44     PEU~~N?Zu?|~,D
30 42 31 20 20 20 49 52 58 00 09 51 59 5A 75 3F   0B1   IRX~~QYZu?
7C 00 30 44 30 42 31 45 37 20 30 33 31 00 09 4E   |~0D0B1E7 031~~N
3F 5A 75 3F 7C 00 30 44 30 42 31 20 20 20 4D 45   ?Zu?|~0D0B1   ME
44 00 00 3C 3F 5A 75 3F 7C 00 2F 44 30 42 31 20   D~~<?Zu?|~/D0B1 
20 20 30 33 32 00 00 3C 3F 5A 75 3F 7C 00 45 44     032~~<?Zu?|~ED
30 42 31 20 20 20 30 33 32 00 00 10 3F 5A 75 3F   0B1   032~~~?Zu?
7C 00 60 44 30 42 31 20 20 20 41 44 56 00 00 58   |~`D0B1   ADV~~X
3F 5A 75 3F 7D 00 4C 44 30 42 31 20 20 20 36 33   ?Zu?}~LD0B1   63
33 00 09 4F 3F 5A 75 3F 7D 00 0F 44 30 42 31 32   3~~O?Zu?}~~D0B12
32 20 39 39 39 00 09 50 3F 5A 75 3F 7D 00 1E 44   2 999~~P?Zu?}~~D
30 42 32 20 20 20 30 30 36 00 00 10 3F 5A 75 3F   0B2   006~~~?Zu?
7D 00 34 44 30 42 31 20 20 20 41 44 56 00 00 4E   }~4D0B1   ADV~~N
3F 5A 75 3F 7D 00 37 44 30 42 31 37 39 20 43 48   ?Zu?}~7D0B179 CH
20 00 00 3C 3F 5A 75 3F 7D 00 1E 44 30 42 32 20    ~~<?Zu?}~~D0B2 
20 20 30 33 32 00 09 51 1F 5A 75 3F 7D 00 57 44     032~~Q~Zu?}~WD
30 42 31 20 20 20 41 44 56 00 00 10 3F 5A 75 3F   0B1   ADV~~~?Zu?
7D 00 3F 44 30 42 31 20 20 20 41 44 56 00 00 10   }~?D0B1   ADV~~~
3F 5A 75 3F 7D 00 22 44 30 42 31 20 20 20 41 44   ?Zu?}~"D0B1   AD
56 00 00 4E 3F 5A 75 3F 7D 00 27 44 30 42 31 37   V~~N?Zu?}~'D0B17
36 20 57 47 20 00 09 51 1F 5A 75 3F 7D 00 0C 44   6 WG ~~Q~Zu?}~~D
30 42 32 20 20 20 41 44 56 00 00 4E 3F 5A 75 3F   0B2   ADV~~N?Zu?
7D 00 35 44 30 42 31 37 30 20 49 53 20 00 00 1C   }~5D0B170 IS ~~~
6B 5A 75 3F 7D 00 01 44 30 42 31 20 20 20 20 20   kZu?}~~D0B1     
20 00 00 17 3F 5A 75 3F 7D 00 5A 44 30 42 31 20    ~~~?Zu?}~ZD0B1 
20 20 4D 53 43 00 09 4E 3F 5A 75 3F 7D 00 28 44     MSC~~N?Zu?}~(D
30 42 31 20 20 20 20 20 20 00 09 4E 3F 5A 75 3F   0B1      ~~N?Zu?
7D 00 2F 44 30 42 31 20 20 20 50 45 55 00 00 10   }~/D0B1   PEU~~~
3F 5A 75 3F 7D 00 31 44 30 42 31 20 20 20 41 44   ?Zu?}~1D0B1   AD
56 00 00 58 3F 5A 75 3F 7D 00 60 44 30 42 31 20   V~~X?Zu?}~`D0B1 
20 20 36 33 33 00 00 10 3F 5A 75 3F 7E 00 3B 44     633~~~?Zu?~~;D
30 42 31 20 20 20 41 44 56 00 00 58 3F 5A 75 3F   0B1   ADV~~X?Zu?
7E 00 10 44 30 42 31 38 35 20 36 33 33 00 09 4F   ~~~D0B185 633~~O
3F 5A 75 3F 7E 00 2F 44 30 42 31 37 30 20 39 39   ?Zu?~~/D0B170 99
39 00 00 42 72 5A 75 3F 7E 00 58 44 30 42 31 20   9~~BrZu?~~XD0B1 
20 20 30 32 31 00 00 2D 20 5A 75 3F 7E 00 37 44     021~~- Zu?~~7D
30 42 31 20 20 20 49 4C 44 00 00 4E 3F 5A 75 3F   0B1   ILD~~N?Zu?
7E 00 2D 44 30 42 31 37 35 20 46 4D 20 00 00 3C   ~~-D0B175 FM ~~<
3F 5A 75 3F 7E 00 52 44 30 42 31 20 20 20 41 53   ?Zu?~~RD0B1   AS
50 00 00 1C 6B 5A 75 3F 7E 00 01 44 30 42 31 20   P~~~kZu?~~~D0B1 
20 20 20 20 20 00 00 10 3F 5A 75 3F 7E 00 3F 44        ~~~?Zu?~~?D
30 42 31 20 20 20 54 45 4C 00 00 10 3F 5A 75 3F   0B1   TEL~~~?Zu?
7E 00 2F 44 30 42 31 20 20 20 4D 45 44 00 09 4F   ~~/D0B1   MED~~O
31 5A 75 3F 7E 00 34 44 30 42 31 20 20 20 39 39   1Zu?~~4D0B1   99
39 00 00 4B 3F 5A 75 3F 7E 00 11 44 30 42 32 20   9~~K?Zu?~~~D0B2 
20 20 37 32 38 00 00 10 3F 5A 75 3F 7E 00 38 44     728~~~?Zu?~~8D
30 42 31 20 20 20 4D 45 44 00 09 29 6A 5A 75 3F   0B1   MED~~)jZu?
7E 01 50 44 30 42 31 20 20 20 35 34 20 00 00 2D   ~~PD0B1   54 ~~-
20 5A 75 3F 7E 00 39 44 30 42 31 37 37 20 42 4F    Zu?~~9D0B177 BO
45 00 00 10 3F 5A 75 3F 7F 00 29 44 30 42 31 20   E~~~?Zu?~~)D0B1 
20 20 41 44 56 00 00 10 3F 5A 75 3F 7F 00 3B 44     ADV~~~?Zu?~~;D
30 42 31 20 20 20 41 44 56 00 00 58 3F 5A 75 3F   0B1   ADV~~X?Zu?
7F 00 1E 44 30 42 32 20 20 20 36 33 33 00 00 1C   ~~~D0B2   633~~~
6B 5A 75 3F 7F 00 01 44 30 42 31 20 20 20 20 20   kZu?~~~D0B1     
20 00 00 46 20 5A 75 3F 7F 00 2A 44 30 45 31 4E    ~~F Zu?~~*D0E1N
31 20 43 4F 4D 00 09 4E 3F 5A 75 3F 7F 00 2B 44   1 COM~~N?Zu?~~+D
30 42 31 20 20 20 50 45 55 00 00 10 3F 5A 75 3F   0B1   PEU~~~?Zu?
7F 00 25 44 30 42 31 37 36 20 4D 43 41 00 00 1C   ~~%D0B176 MCA~~~
6B 5A 75 3F 7F 00 01 44 30 42 31 20 20 20 20 20   kZu?~~~D0B1     
20 00 09 4F 31 5A 75 3F 7F 00 0B 44 30 42 32 20    ~~O1Zu?~~~D0B2 
20 20 39 39 39 00 09 4F 31 5A 75 3F 7F 00 40 44     999~~O1Zu?~~@D
30 42 31 20 20 20 39 39 39 00 09 51 2A 5A 75 3F   0B1   999~~Q*Zu?
7F 00 5C 44 30 42 31 37 35 20 4D 43 44 00 00 46   ~~\D0B175 MCD~~F
20 5A 75 3F 7F 00 3E 44 30 45 31 20 20 20 43 4F    Zu?~~>D0E1   CO
4D 00 00 10 3F 5A 75 3F 7F 00 69 44 30 42 31 37   M~~~?Zu?~~iD0B17
35 20 41 44 56 00 09 4E 3F 5A 75 3F 7F 00 2B 44   5 ADV~~N?Zu?~~+D
30 42 31 38 39 31 50 45 55 00 00 0F 12 5A 75 3F   0B1891PEU~~~~Zu?
7F 00 2A 44 30 42 31 20 20 20 4D 44 20 00 09 4F   ~~*D0B1   MD ~~O
31 5A 75 3F 7F 00 2E 44 30 42 31 20 20 20 39 39   1Zu?~~.D0B1   99
39 00 00 58 3F 5A 75 3F 7F 00 69 44 30 42 31 20   9~~X?Zu?~~iD0B1 
20 20 36 33 33 00 00 10 3F 5A 75 3F 7F 00 2E 44     633~~~?Zu?~~.D
30 42 31 37 35 20 41 44 56 00 00 58 3F 5A 75 3F   0B175 ADV~~X?Zu?
7F 00 3F 44 30 42 31 38 38 20 36 33 33 00 09 4F   ~~?D0B188 633~~O
3F 5A 75 3F 7F 00 48 44 30 42 31 20 20 20 39 39   ?Zu?~~HD0B1   99
39 00 00 4B 3F 5A 75 3F 7F 00 35 44 30 42 31 20   9~~K?Zu?~~5D0B1 
20 20 37 32 38 00 00 1C 6B 5A 75 3F 7F 00 01 44     728~~~kZu?~~~D
30 42 31 20 20 20 20 20 20 00 00 52 3F 5A 75 3F   0B1      ~~R?Zu?
3F 00 3F 44 30 42 31 20 20 20 44 49 53 00 00 10   ?~?D0B1   DIS~~~
3F 5A 75 3F 3F 00 1E 44 30 42 32 20 20 20 41 44   ?Zu??~~D0B2   AD
56 00 00 1C 6B 5A 75 3F 3F 00 06 44 30 42 31 20   V~~~kZu??~~D0B1 
20 20 20 20 20 00 00 10 3F 5A 75 3F 3F 00 38 44        ~~~?Zu??~8D
30 42 31 20 20 20 41 44 56 00 00 10 3F 5A 75 3F   0B1   ADV~~~?Zu?
3F 00 0F 44 30 42 32 20 20 20 41 44 56 00 00 10   ?~~D0B2   ADV~~~
3F 5A 75 3F 3F 00 33 44 30 42 31 20 20 20 41 44   ?Zu??~3D0B1   AD
56 00 00 0E 01 5A 75 3F 3F 00 2A 44 30 42 31 36   V~~~~Zu??~*D0B16
39 20 41 53 50 00 09 50 3F 5A 75 3F 3F 00 5D 44   9 ASP~~P?Zu??~]D
30 42 31 41 47 20 20 20 20 00 00 17 3F 5A 75 3F   0B1AG    ~~~?Zu?
3F 01 54 44 30 42 31 20 20 20 4D 53 43 00 09 50   ?~TD0B1   MSC~~P
3F 5A 75 3F 3F 00 3D 44 30 42 32 20 20 20 48 4D   ?Zu??~=D0B2   HM
48 00 00 48 3F 5A 75 3F 3F 00 13 44 30 42 32 20   H~~H?Zu??~~D0B2 
20 20 48 45 4C 00 00 10 3F 5A 75 3F 3F 00 31 44     HEL~~~?Zu??~1D
30 42 31 20 20 20 4D 45 44 00 00 2D 20 5A 75 3F   0B1   MED~~- Zu?
3F 00 5F 44 30 42 31 37 30 20 42 43 54 00 00 5E   ?~_D0B170 BCT~~^
3F 5A 75 3F 3F 00 65 44 30 42 31 20 20 20 4F 48   ?Zu??~eD0B1   OH
52 00 00 58 3F 5A 75 3F 3F 00 72 44 30 42 31 34   R~~X?Zu??~rD0B14
31 20 36 33 33 00 00 10 3F 5A 75 3F 3F 00 35 44   1 633~~~?Zu??~5D
30 42 31 20 20 20 41 44 56 00 09 51 2A 5A 75 3F   0B1   ADV~~Q*Zu?
3F 00 64 44 30 42 31 20 20 20 4E 56 54 00 00 4E   ?~dD0B1   NVT~~N
3F 5A 75 3F 3F 00 2D 44 30 42 31 37 36 20 57 47   ?Zu??~-D0B176 WG
20 00 00 10 3F 5A 75 3F 3F 00 3F 44 30 42 31 20    ~~~?Zu??~?D0B1 
20 20 54 45 4C 00 00 49 3F 5A 75 3F 3F 00 61 44     TEL~~I?Zu??~aD
30 42 32 20 20 20 33 46 20 00 00 58 3F 5A 75 3F   0B2   3F ~~X?Zu?
3F 00 5F 44 30 42 31 20 20 20 36 33 33 00 00 46   ?~_D0B1   633~~F
20 5A 75 3F 3F 00 12 44 30 45 31 4E 31 20 43 4F    Zu??~~D0E1N1 CO
4D 00 00 46 20 5A 75 3F 3F 00 3F 44 30 45 31 20   M~~F Zu??~?D0E1 
20 20 43 4F 4D 00 00 45 4A 5A 75 3F 3F 00 3F 44     COM~~EJZu??~?D
30 42 32 20 20 20 53 53 20 00 09 50 0B 5A 75 3F   0B2   SS ~~P~Zu?
3F 00 73 44 30 42 31 20 20 20 52 58 41 00 00 10   ?~sD0B1   RXA~~~
3F 5A 75 3F 3F 00 25 44 30 42 31 20 20 20 4D 45   ?Zu??~%D0B1   ME
44 00 09 4F 3F 5A 75 3F 3F 00 51 44 30 42 31 38   D~~O?Zu??~QD0B18
38 20 39 39 39 00 00 46 20 5A 75 3F 3F 00 36 44   8 999~~F Zu??~6D
30 45 31 4E 31 20 43 4F 4D 00 09 51 3F 5A 75 3F   0E1N1 COM~~Q?Zu?
3F 00 16 44 30 42 32 20 20 20 30 32 30 00 00 58   ?~~D0B2   020~~X
3F 5A 75 3F 3F 00 12 44 30 42 32 20 20 20 36 33   ?Zu??~~D0B2   63
33 00 00 48 7B 5A 75 3F 3F 00 3F 44 30 42 31 20   3~~H{Zu??~?D0B1 
20 20 30 31 38 00 00 46 20 5A 75 3F 3F 00 2A 44     018~~F Zu??~*D
30 45 31 4E 31 20 43 4F 4D 00 00 46 20 5A 75 3F   0E1N1 COM~~F Zu?
3F 00 3F 44 30 45 31 20 20 20 43 4F 4D 00 09 52   ?~?D0E1   COM~~R
0E 5A 75 3F 3F 00 28 44 30 42 31 20 20 20 52 45   ~Zu??~(D0B1   RE
41 00 00 10 3F 5A 75 3F 3F 00 29 44 30 42 31 20   A~~~?Zu??~)D0B1 
20 20 4D 43 41 00 00 10 3F 5A 75 3F 3F 00 2C 44     MCA~~~?Zu??~,D
30 42 31 20 20 20 4D 45 44 00 00 10 3F 5A 75 3F   0B1   MED~~~?Zu?
3F 00 33 44 30 42 31 38 38 20 4D 45 44 00 09 4F   ?~3D0B188 MED~~O
3F 5A 75 3F 3F 00 2D 44 30 42 31 37 39 20 46 45   ?Zu??~-D0B179 FE
50 00 00 10 3F 5A 75 3F 3F 00 2B 44 30 42 31 20   P~~~?Zu??~+D0B1 
20 20 41 44 56 00 00 17 3B 5A 75 3F 3F 00 18 44     ADV~~~;Zu??~~D
30 42 31 20 20 20 43 56 53 00 09 29 6A 5A 75 3F   0B1   CVS~~)jZu?
3F 00 3F 44 30 42 31 34 31 20 35 34 20 00 09 51   ?~?D0B141 54 ~~Q
2A 5A 75 3F 3F 00 25 44 30 42 32 20 20 20 4E 56   *Zu??~%D0B2   NV
54 00 00 0F 3F 5A 75 3F 3F 00 1C 44 30 42 31 44   T~~~?Zu??~~D0B1D
4E 20 34 33 2D 00 09 51 1F 5A 75 3F 3F 00 0E 44   N 43-~~Q~Zu??~~D
30 42 32 20 20 20 41 44 56 00 00 10 3F 5A 75 3F   0B2   ADV~~~?Zu?
3F 00 30 44 30 42 31 37 39 20 41 44 56 00 00 10   ?~0D0B179 ADV~~~
3F 5A 75 3F 3F 00 28 44 30 42 31 20 20 20 4D 43   ?Zu??~(D0B1   MC
41 00 00 58 3F 5A 75 3F 3F 00 0A 44 30 42 31 38   A~~X?Zu??~~D0B18
35 20 36 33 33 00 00 26 3F 5A 75 3F 3F 00 4A 44   5 633~~&?Zu??~JD
30 42 31 20 20 20 44 43 41 00 00 10 3F 5A 75 3F   0B1   DCA~~~?Zu?
3F 00 2F 44 30 42 31 20 20 20 41 44 56 00 00 3C   ?~/D0B1   ADV~~<
3F 5A 75 3F 3F 00 39 44 30 42 31 35 36 39 30 33   ?Zu??~9D0B156903
32 00 00 45 3F 5A 75 3F 3F 00 3F 44 30 42 31 34   2~~E?Zu??~?D0B14
31 20 49 4C 50 00 09 4F 3F 5A 75 3F 3F 00 23 44   1 ILP~~O?Zu??~#D
30 42 31 36 35 20 30 33 39 00 00 10 3F 5A 75 3F   0B165 039~~~?Zu?
3F 00 11 44 30 42 32 20 20 20 41 44 56 00 00 1C   ?~~D0B2   ADV~~~
6B 5A 75 3F 3F 00 08 44 30 42 31 20 20 20 20 20   kZu??~~D0B1     
20 00 00 10 3F 5A 75 3F 3F 00 0E 44 30 42 32 20    ~~~?Zu??~~D0B2 
20 20 4D 45 44 00 00 2D 20 5A 75 3F 3F 00 50 44     MED~~- Zu??~PD
30 42 31 20 20 20 49 4C 44 00 09 4E 3F 5A 75 3F   0B1   ILD~~N?Zu?
3F 00 35 44 30 42 31 20 20 20 49 52 58 00 00 46   ?~5D0B1   IRX~~F
20 5A 75 3F 3F 00 43 44 30 45 31 20 20 20 43 4F    Zu??~CD0E1   CO
4D 00 00 45 4A 5A 75 3F 3F 00 3F 44 30 42 31 20   M~~EJZu??~?D0B1 
20 20 53 53 20 00 00 46 20 5A 75 3F 3F 00 46 44     SS ~~F Zu??~FD
30 45 31 20 20 20 43 4F 4D 00 00 3C 3F 5A 75 3F   0E1   COM~~<?Zu?
3F 00 1A 44 30 42 32 20 20 20 41 53 50 00 00 10   ?~~D0B2   ASP~~~
3F 5A 75 3F 3F 00 25 44 30 42 31 20 20 20 37 37   ?Zu??~%D0B1   77
39 00 09 51 2A 5A 75 3F 3F 00 51 44 30 42 31 20   9~~Q*Zu??~QD0B1 
20 20 4E 56 54 00 09 51 1F 5A 75 3F 3F 00 17 44     NVT~~Q~Zu??~~D
30 42 32 20 20 20 41 44 56 00 00 10 3F 5A 75 3F   0B2   ADV~~~?Zu?
3F 00 26 44 30 42 31 20 20 20 4D 43 41 00 00 10   ?~&D0B1   MCA~~~
3F 5A 75 3F 3F 00 12 44 30 42 32 20 20 20 41 44   ?Zu??~~D0B2   AD
56 00 09 4E 3F 5A 75 3F 3F 00 39 44 30 42 31 20   V~~N?Zu??~9D0B1 
20 20 49 52 58 00 00 47 3F 5A 75 3F 3F 00 3F 44     IRX~~G?Zu??~?D
30 42 31 20 20 20 33 35 37 00 00 0F 12 5A 75 3F   0B1   357~~~~Zu?
3F 00 42 44 30 42 31 20 20 20 41 34 20 00 09 4E   ?~BD0B1   A4 ~~N
3F 5A 75 3F 3F 00 2B 44 30 42 31 20 20 20 50 45   ?Zu??~+D0B1   PE
55 00 00 10 3F 5A 75 3F 3F 00 2E 44 30 42 31 20   U~~~?Zu??~.D0B1 
20 20 4D 45 44 00 09 4E 3F 5A 75 3F 3F 00 36 44     MED~~N?Zu??~6D
30 42 31 20 20 20 49 52 58 00 00 1C 6B 5A 75 3F   0B1   IRX~~~kZu?
3F 00 01 44 30 42 31 20 20 20 20 20 20 00 00 46   ?~~D0B1      ~~F
20 5A 75 3F 3F 00 3F 44 30 45 31 20 20 20 43 4F    Zu??~?D0E1   CO
4D 00 09 50 3F 5A 75 3F 3F 00 34 44 30 42 31 37   M~~P?Zu??~4D0B17
30 20 34 34 30 00 00 4B 3F 5A 75 3F 3F 00 28 44   0 440~~K?Zu??~(D
30 42 31 20 20 20 37 32 38 00 00 10 3F 5A 75 3F   0B1   728~~~?Zu?
3F 00 2E 44 30 42 31 20 20 20 41 44 56 00 09 4F   ?~.D0B1   ADV~~O
3F 5A 75 3F 3F 00 0E 44 30 42 32 20 20 20 46 45   ?Zu??~~D0B2   FE
50 00 00 10 3F 5A 75 3F 3F 00 0E 44 30 42 32 20   P~~~?Zu??~~D0B2 
20 20 41 44 56 00 00 46 20 5A 75 3F 3F 00 3C 44     ADV~~F Zu??~<D
30 45 31 20 20 20 43 4F 4D 00 00 10 3F 5A 75 3F   0E1   COM~~~?Zu?
3F 00 16 44 30 42 32 20 20 20 41 44 56 00 00 4E   ?~~D0B2   ADV~~N
3F 5A 75 3F 3F 00 2F 44 30 42 31 20 20 20 49 53   ?Zu??~/D0B1   IS
20 00 00 5E 3F 5A 75 3F 3F 00 09 44 30 42 31 52    ~~^?Zu??~~D0B1R
38 20 4F 48 52 00 00 10 3F 5A 75 3F 3F 00 2A 44   8 OHR~~~?Zu??~*D
30 42 31 37 39 20 4D 45 44 00 09 4E 3F 5A 75 3F   0B179 MED~~N?Zu?
3F 00 47 44 30 42 31 37 35 20 50 45 55 00 09 51   ?~GD0B175 PEU~~Q
2A 5A 75 3F 3F 00 68 44 30 42 31 20 20 20 4E 56   *Zu??~hD0B1   NV
54 00 00 58 3F 5A 75 3F 3F 00 14 44 30 42 31 36   T~~X?Zu??~~D0B16
45 20 36 33 33 00 09 51 1F 5A 75 3F 3F 00 21 44   E 633~~Q~Zu??~!D
30 42 31 20 20 20 41 44 56 00 00 0F 12 5A 75 3F   0B1   ADV~~~~Zu?
3F 00 61 44 30 42 31 20 20 20 41 34 20 00 00 58   ?~aD0B1   A4 ~~X
3F 5A 75 3F 3F 00 3F 44 30 42 31 38 38 20 36 33   ?Zu??~?D0B188 63
33 00 00 10 3F 5A 75 3F 3F 00 2B 44 30 42 31 20   3~~~?Zu??~+D0B1 
20 20 37 37 39 00 00 3C 3F 5A 75 3F 3F 00 34 44     779~~<?Zu??~4D
30 42 31 36 35 20 30 33 32 00 00 0F 12 5A 75 3F   0B165 032~~~~Zu?
3F 00 36 44 30 42 31 20 20 20 4D 44 20 00 00 52   ?~6D0B1   MD ~~R
3F 5A 75 3F 3F 00 3F 44 30 42 31 20 20 20 44 49   ?Zu??~?D0B1   DI
53 00 00 5B 59 5A 75 3F 3F 00 2F 44 30 42 32 20   S~~[YZu??~/D0B2 
20 20 43 50 54 00 00 58 3F 5A 75 3F 3F 00 55 44     CPT~~X?Zu??~UD
30 42 31 20 20 20 36 33 33 00 09 4E 3F 5A 75 3F   0B1   633~~N?Zu?
3F 00 2F 44 30 42 31 20 20 20 50 45 55 00 00 10   ?~/D0B1   PEU~~~
3F 5A 75 3F 3F 00 60 44 30 42 31 20 20 20 41 44   ?Zu??~`D0B1   AD
56 00 09 4E 3F 5A 75 3F 3F 00 3D 44 30 42 31 20   V~~N?Zu??~=D0B1 
20 20 50 45 55 00 00 10 3F 5A 75 3F 3F 00 3E 44     PEU~~~?Zu??~>D
30 42 31 20 20 20 41 44 56 00 00 46 20 5A 75 3F   0B1   ADV~~F Zu?
3F 00 6E 44 30 45 31 4E 31 20 43 4F 4D 00 09 4E   ?~nD0E1N1 COM~~N
3F 5A 75 3F 3F 00 3B 44 30 42 31 38 39 31 50 45   ?Zu??~;D0B1891PE
55 00 00 10 3F 5A 75 3F 3F 00 0E 44 30 42 32 20   U~~~?Zu??~~D0B2 
20 20 48 4E 45 00 00 10 3F 5A 75 3F 3F 00 0E 44     HNE~~~?Zu??~~D
30 42 32 20 20 20 37 37 39 00 09 4E 3F 5A 75 3F   0B2   779~~N?Zu?
3F 00 2E 44 30 42 31 37 35 20 50 45 55 00 09 4E   ?~.D0B175 PEU~~N
3F 5A 75 3F 3F 00 36 44 30 42 31 20 20 20 50 45   ?Zu??~6D0B1   PE
55 00 09 50 3F 5A 75 3F 3F 00 3C 44 30 42 31 20   U~~P?Zu??~<D0B1 
20 20 39 39 39 00 09 51 28 5A 75 3F 3F 00 3F 44     999~~Q(Zu??~?D
30 42 31 20 20 20 41 53 20 00 09 4E 3F 5A 75 3F   0B1   AS ~~N?Zu?
3F 00 19 44 30 42 32 20 20 20 50 45 55 00 00 58   ?~~D0B2   PEU~~X
3F 5A 75 3F 3F 00 4F 44 30 42 31 35 34 20 36 33   ?Zu??~OD0B154 63
33 00 00 10 3F 5A 75 3F 3F 00 10 44 30 42 32 20   3~~~?Zu??~~D0B2 
20 20 41 44 56 00 00 2D 20 5A 75 3F 3F 00 42 44     ADV~~- Zu??~BD
30 42 31 20 20 20 49 4C 44 00 09 4F 31 5A 75 3F   0B1   ILD~~O1Zu?
3F 00 34 44 30 42 31 37 30 20 39 39 39 00 09 51   ?~4D0B170 999~~Q
2A 5A 75 3F 3F 00 43 44 30 42 31 20 20 20 4E 56   *Zu??~CD0B1   NV
54 00 00 10 3F 5A 75 3F 3F 00 2E 44 30 42 31 20   T~~~?Zu??~.D0B1 
20 20 37 37 39 00 00 10 3F 5A 75 3F 3F 00 36 44     779~~~?Zu??~6D
30 42 31 38 52 20 41 44 56 00 00 42 72 5A 75 3F   0B18R ADV~~BrZu?
3F 00 46 44 30 42 31 20 20 20 43 49 4D 00 09 4E   ?~FD0B1   CIM~~N
3F 5A 75 3F 3F 00 24 44 30 42 32 20 20 20 50 45   ?Zu??~$D0B2   PE
55 00 00 10 3F 5A 75 3F 3F 00 2A 44 30 42 31 38   U~~~?Zu??~*D0B18
35 20 48 4E 45 00 00 5E 3F 5A 75 3F 3F 00 7B 44   5 HNE~~^?Zu??~{D
30 42 31 38 38 20 4F 48 52 00 00 10 3F 5A 75 3F   0B188 OHR~~~?Zu?
3F 00 29 44 30 42 31 20 20 20 41 44 56 00 09 50   ?~)D0B1   ADV~~P
3F 5A 75 3F 3F 00 2B 44 30 42 31 38 38 20 4D 45   ?Zu??~+D0B188 ME
44 00 00 10 3F 5A 75 3F 3F 00 34 44 30 42 31 20   D~~~?Zu??~4D0B1 
20 20 37 37 39 00 09 3F 45 5A 75 3F 3F 00 3F 44     779~~?EZu??~?D
30 42 31 20 20 20 43 52 58 00 00 10 3F 5A 75 3F   0B1   CRX~~~?Zu?
3F 00 0F 44 30 42 32 20 20 20 41 44 56 00 00 0E   ?~~D0B2   ADV~~~
01 5A 75 3F 3F 00 3F 44 30 42 31 35 30 20 37 30   ~Zu??~?D0B150 70
30 00 09 4F 31 5A 75 3F 3F 00 29 44 30 42 31 20   0~~O1Zu??~)D0B1 
20 20 39 39 39 00 00 10 3F 5A 75 3F 3F 00 27 44     999~~~?Zu??~'D
30 42 31 20 20 20 4D 45 44 00 09 4E 3F 5A 75 3F   0B1   MED~~N?Zu?
3F 00 1F 44 30 42 32 20 20 20 50 45 55 00 09 4E   ?~~D0B2   PEU~~N
3F 5A 75 3F 3F 00 2B 44 30 42 31 20 20 20 50 45   ?Zu??~+D0B1   PE
55 00 09 4E 3F 5A 75 3F 3F 00 1E 44 30 42 32 20   U~~N?Zu??~~D0B2 
20 20 43 54 52 00 00 17 3F 5A 75 3F 3F 00 3F 44     CTR~~~?Zu??~?D
30 42 31 20 20 20 4D 53 43 00 00 46 20 5A 75 3F   0B1   MSC~~F Zu?
3F 00 20 44 30 45 31 4E 31 20 43 4F 4D 00 00 0F   ?~ D0E1N1 COM~~~
12 5A 75 3F 3F 00 22 44 30 42 31 36 35 20 41 34   ~Zu??~"D0B165 A4
20 00 00 10 3F 5A 75 3F 3F 00 22 44 30 42 31 20    ~~~?Zu??~"D0B1 
20 20 41 44 56 00 00 10 3F 5A 75 3F 3F 00 26 44     ADV~~~?Zu??~&D
30 42 31 20 20 20 41 44 56 00 00 0F 12 5A 75 3F   0B1   ADV~~~~Zu?
3F 00 2A 44 30 42 31 37 39 20 4D 44 20 00 09 4E   ?~*D0B179 MD ~~N
3F 5A 75 3F 3F 00 32 44 30 42 31 20 20 20 49 52   ?Zu??~2D0B1   IR
58 00 00 58 3F 5A 75 3F 3F 00 52 44 30 42 31 37   X~~X?Zu??~RD0B17
35 20 36 33 33 00 00 4E 3F 5A 75 3F 3F 00 4C 44   5 633~~N?Zu??~LD
30 42 31 20 20 20 57 47 20 00 09 4F 3F 5A 75 3F   0B1   WG ~~O?Zu?
3F 00 23 44 30 42 31 20 20 20 39 39 39 00 09 50   ?~#D0B1   999~~P
3F 5A 75 3F 3F 00 45 44 30 42 31 20 20 20 41 48   ?Zu??~ED0B1   AH
50 00 00 45 4A 5A 75 3F 3F 00 3F 44 30 42 31 20   P~~EJZu??~?D0B1 
20 20 53 53 20 00 09 50 3F 5A 75 3F 3F 00 1B 44     SS ~~P?Zu??~~D
30 42 32 20 20 20 30 30 36 00 00 10 3F 5A 75 3F   0B2   006~~~?Zu?
3F 00 30 44 30 42 31 37 35 20 4D 45 44 00 00 10   ?~0D0B175 MED~~~
3F 5A 75 3F 3F 00 26 44 30 42 31 20 20 20 4D 45   ?Zu??~&D0B1   ME
44 00 00 1C 6B 5A 75 3F 3F 00 05 44 30 42 31 20   D~~~kZu??~~D0B1 
20 20 20 20 20 00 00 1C 6B 5A 75 3F 3F 00 01 44        ~~~kZu??~~D
30 42 32 20 20 20 20 20 20 00 00 46 20 5A 75 3F   0B2      ~~F Zu?
3F 00 38 44 30 45 31 20 20 20 43 4F 4D 00 00 58   ?~8D0E1   COM~~X
3F 5A 75 3F 3F 00 28 44 30 42 32 20 20 20 36 33   ?Zu??~(D0B2   63
33 00 09 4E 3F 5A 75 3F 3F 00 2D 44 30 42 31 20   3~~N?Zu??~-D0B1 
20 20 50 45 55 00 00 46 20 5A 75 3F 3F 00 1D 44     PEU~~F Zu??~~D
30 45 31 4E 31 20 43 4F 4D 00 00 4E 3F 5A 75 3F   0E1N1 COM~~N?Zu?
3F 00 13 44 30 42 32 20 20 20 49 53 20 00 09 4E   ?~~D0B2   IS ~~N
3F 5A 75 3F 3F 00 19 44 30 42 32 20 20 20 50 45   ?Zu??~~D0B2   PE
55 00 00 0F 3F 5A 75 3F 3F 00 49 44 30 42 31 20   U~~~?Zu??~ID0B1 
20 20 34 33 2D 00 00 10 3F 5A 75 3F 3F 00 25 44     43-~~~?Zu??~%D
30 42 31 20 20 20 37 37 39 00 09 4E 3F 5A 75 3F   0B1   779~~N?Zu?
3F 00 31 44 30 42 31 36 35 20 50 45 55 00 00 3C   ?~1D0B165 PEU~~<
3F 5A 75 3F 3F 00 33 44 30 42 31 20 20 20 30 33   ?Zu??~3D0B1   03
32 00 00 10 3F 5A 75 3F 3F 00 3C 44 30 42 31 20   2~~~?Zu??~<D0B1 
20 20 41 44 56 00 00 10 3F 5A 75 3F 3F 00 10 44     ADV~~~?Zu??~~D
30 42 32 20 20 20 4D 45 44 00 00 3C 3F 5A 75 3F   0B2   MED~~<?Zu?
3F 00 27 44 30 42 32 20 20 20 30 33 32 00 00 42   ?~'D0B2   032~~B
72 5A 75 3F 3F 00 2D 44 30 42 31 20 20 20 43 49   rZu??~-D0B1   CI
4D 00 00 4E 3F 5A 75 3F 3F 00 2F 44 30 42 31 37   M~~N?Zu??~/D0B17
39 20 57 47 20 00 00 0F 12 5A 75 3F 3F 00 3D 44   9 WG ~~~~Zu??~=D
30 42 31 20 20 20 41 34 20 00 00 1C 6B 5A 75 3F   0B1   A4 ~~~kZu?
3F 00 0A 44 30 42 32 20 20 20 20 20 20 00 09 4F   ?~~D0B2      ~~O
3F 5A 75 3F 3F 00 34 44 30 42 31 20 20 20 46 45   ?Zu??~4D0B1   FE
50 00 00 46 20 5A 75 3F 3F 00 0F 44 30 45 31 4E   P~~F Zu??~~D0E1N
31 20 43 4F 4D 00 00 10 3F 5A 75 3F 3F 00 4E 44   1 COM~~~?Zu??~ND
30 42 32 20 20 20 54 45 4C 00 00 29 53 5A 75 3F   0B2   TEL~~)SZu?
3F 00 58 44 30 42 31 37 35 20 4F 4B 41 00 00 10   ?~XD0B175 OKA~~~
3F 5A 75 3F 3F 00 2C 44 30 42 31 20 20 20 41 44   ?Zu??~,D0B1   AD
56 00 00 55 3F 5A 75 3F 3F 00 24 44 30 42 31 20   V~~U?Zu??~$D0B1 
20 20 42 45 41 00 00 10 3F 5A 75 3F 3F 00 2B 44     BEA~~~?Zu??~+D
30 42 31 37 35 20 37 37 39 00 00 0F 12 5A 75 3F   0B175 779~~~~Zu?
3F 00 26 44 30 42 31 34 59 20 4D 41 53 00 09 4F   ?~&D0B14Y MAS~~O
31 5A 75 3F 3F 00 43 44 30 42 31 20 20 20 39 39   1Zu??~CD0B1   99
39 00 09 4F 31 5A 75 3F 3F 00 45 44 30 42 31 37   9~~O1Zu??~ED0B17
39 20 39 39 39 00 00 10 3F 5A 75 3F 3F 00 10 44   9 999~~~?Zu??~~D
30 42 32 20 20 20 41 44 56 00 00 5B 59 5A 75 3F   0B2   ADV~~[YZu?
3F 00 52 44 30 42 31 20 20 20 43 50 54 00 00 10   ?~RD0B1   CPT~~~
3F 5A 75 3F 3F 00 34 44 30 42 31 20 20 20 4D 45   ?Zu??~4D0B1   ME
44 00 00 58 3F 5A 75 3F 3F 00 3C 44 30 42 31 20   D~~X?Zu??~<D0B1 
20 20 33 39 33 00 09 4E 3F 5A 75 3F 3F 00 2A 44     393~~N?Zu??~*D
30 42 31 20 20 20 4D 45 44 00 09 4E 3F 5A 75 3F   0B1   MED~~N?Zu?
3F 00 48 44 30 42 31 20 20 20 43 54 52 00 09 4F   ?~HD0B1   CTR~~O
31 5A 75 3F 3F 00 31 44 30 42 31 20 20 20 39 39   1Zu??~1D0B1   99
39 00 09 4F 3F 5A 75 3F 3F 00 22 44 30 42 31 20   9~~O?Zu??~"D0B1 
20 20 39 39 39 00 00 10 3F 5A 75 3F 3F 00 2A 44     999~~~?Zu??~*D
30 42 31 20 20 20 4D 43 41 00 09 4E 3F 5A 75 3F   0B1   MCA~~N?Zu?
62 00 46 44 30 42 31 37 30 20 20 20 20 00 09 50   b~FD0B170    ~~P
3F 5A 75 3F 62 00 42 44 30 42 31 20 20 20 30 30   ?Zu?b~BD0B1   00
36 00 09 50 3F 5A 75 3F 62 00 38 44 30 42 31 20   6~~P?Zu?b~8D0B1 
20 20 4D 45 44 00 00 46 20 5A 75 3F 62 00 20 44     MED~~F Zu?b~ D
30 45 31 4E 31 20 43 4F 4D 00 00 0F 12 5A 75 3F   0E1N1 COM~~~~Zu?
62 00 0A 44 30 42 32 20 20 20 4D 44 20 00 00 10   b~~D0B2   MD ~~~
3F 5A 75 3F 62 00 30 44 30 42 31 20 20 20 41 44   ?Zu?b~0D0B1   AD
56 00 09 4F 31 5A 75 3F 62 00 12 44 30 42 32 20   V~~O1Zu?b~~D0B2 
20 20 39 39 39 00 00 58 3F 5A 75 3F 62 00 67 44     999~~X?Zu?b~gD
30 42 31 20 20 20 36 33 33 00 00 10 3F 5A 75 3F   0B1   633~~~?Zu?
62 00 22 44 30 42 31 36 39 20 41 44 56 00 09 4E   b~"D0B169 ADV~~N
3F 5A 75 3F 62 00 3F 44 30 42 31 20 20 20 20 20   ?Zu?b~?D0B1     
20 00 00 58 3F 5A 75 3F 62 00 3E 44 30 42 32 20    ~~X?Zu?b~>D0B2 
20 20 36 33 33 00 00 1C 6B 5A 75 3F 62 00 07 44     633~~~kZu?b~~D
30 42 31 20 20 20 20 20 20 00 00 1C 6B 5A 75 3F   0B1      ~~~kZu?
62 00 01 44 30 42 31 20 20 20 20 20 20 00 00 46   b~~D0B1      ~~F
20 5A 75 3F 62 00 2C 44 30 45 31 20 20 20 43 4F    Zu?b~,D0E1   CO
4D 00 00 10 3F 5A 75 3F 62 00 14 44 30 42 32 20   M~~~?Zu?b~~D0B2 
20 20 41 44 56 00 09 51 2A 5A 75 3F 62 00 3B 44     ADV~~Q*Zu?b~;D
30 42 31 20 20 20 4E 56 54 00 09 4E 3F 5A 75 3F   0B1   NVT~~N?Zu?
62 00 28 44 30 42 31 20 20 20 49 52 58 00 00 10   b~(D0B1   IRX~~~
3F 5A 75 3F 62 00 37 44 30 42 31 20 20 20 48 4E   ?Zu?b~7D0B1   HN
45 00 00 46 20 5A 75 3F 62 00 2F 44 30 45 31 20   E~~F Zu?b~/D0E1 
20 20 43 4F 4D 00 00 10 3F 5A 75 3F 63 00 35 44     COM~~~?Zu?c~5D
30 42 31 20 20 20 37 37 39 00 09 29 3F 5A 75 3F   0B1   779~~)?Zu?
63 00 32 44 30 42 31 37 30 20 37 37 37 00 09 50   c~2D0B170 777~~P
3F 5A 75 3F 63 00 34 44 30 42 31 20 20 20 4D 45   ?Zu?c~4D0B1   ME
44 00 00 4B 3F 5A 75 3F 63 00 0A 44 30 42 32 20   D~~K?Zu?c~~D0B2 
20 20 37 32 38 00 00 41 6B 5A 75 3F 63 00 78 44     728~~AkZu?c~xD
30 42 32 20 20 20 47 4F 20 00 00 10 3F 5A 75 3F   0B2   GO ~~~?Zu?
63 00 26 44 30 42 31 20 20 20 41 44 56 00 00 0F   c~&D0B1   ADV~~~
12 5A 75 3F 63 00 27 44 30 42 31 20 20 20 41 34   ~Zu?c~'D0B1   A4
20 00 00 10 3F 5A 75 3F 63 00 33 44 30 42 31 20    ~~~?Zu?c~3D0B1 
20 20 41 44 56 00 00 17 3F 5A 75 3F 63 00 3F 44     ADV~~~?Zu?c~?D
30 42 31 20 20 20 4D 53 43 00 00 4E 3F 5A 75 3F   0B1   MSC~~N?Zu?
63 00 2B 44 30 42 31 20 20 20 43 53 20 00 09 4F   c~+D0B1   CS ~~O
31 5A 75 3F 63 00 31 44 30 42 31 20 20 20 39 39   1Zu?c~1D0B1   99
39 00 00 46 20 5A 75 3F 63 00 20 44 30 45 31 20   9~~F Zu?c~ D0E1 
20 20 43 4F 4D 00 09 51 1F 5A 75 3F 63 00 29 44     COM~~Q~Zu?c~)D
30 42 31 20 20 20 41 44 56 00 00 0E 01 5A 75 3F   0B1   ADV~~~~Zu?
63 00 0A 44 30 42 31 43 41 20 41 53 50 00 00 4E   c~~D0B1CA ASP~~N
3F 5A 75 3F 63 00 25 44 30 42 31 20 20 20 49 53   ?Zu?c~%D0B1   IS
20 00 09 4F 31 5A 75 3F 63 00 13 44 30 42 32 20    ~~O1Zu?c~~D0B2 
20 20 39 39 39 00 00 0E 01 5A 75 3F 63 00 3C 44     999~~~~Zu?c~<D
30 42 31 20 20 20 35 30 31 00 00 10 3F 5A 75 3F   0B1   501~~~?Zu?
63 00 32 44 30 42 31 20 20 20 37 37 39 00 00 58   c~2D0B1   779~~X
3F 5A 75 3F 63 00 3F 44 30 42 31 20 20 20 36 33   ?Zu?c~?D0B1   63
33 00 00 58 3F 5A 75 3F 63 00 60 44 30 42 31 38   3~~X?Zu?c~`D0B18
38 20 36 33 33 00 09 50 3F 5A 75 3F 64 00 42 44   8 633~~P?Zu?d~BD
30 42 31 20 20 20 30 30 36 00 00 10 3F 5A 75 3F   0B1   006~~~?Zu?
64 00 49 44 30 42 31 20 20 20 4D 45 44 00 00 4E   d~ID0B1   MED~~N
3F 5A 75 3F 64 00 30 44 30 42 31 20 20 20 57 4B   ?Zu?d~0D0B1   WK
20 00 09 4E 3F 5A 75 3F 64 00 0A 44 30 42 31 36    ~~N?Zu?d~~D0B16
5A 20 49 52 58 00 09 50 3F 5A 75 3F 64 00 53 44   Z IRX~~P?Zu?d~SD
30 42 31 20 20 20 20 20 20 00 09 4F 3F 5A 75 3F   0B1      ~~O?Zu?
64 00 0C 44 30 42 32 20 20 20 46 45 50 00 09 50   d~~D0B2   FEP~~P
5E 5A 75 3F 64 00 3F 44 30 42 31 20 20 20 43 56   ^Zu?d~?D0B1   CV
31 00 09 4F 3F 5A 75 3F 64 00 2C 44 30 42 31 20   1~~O?Zu?d~,D0B1 
20 20 46 45 50 00 00 4E 3F 5A 75 3F 64 00 31 44     FEP~~N?Zu?d~1D
30 42 31 20 20 20 49 53 20 00 00 10 3F 5A 75 3F   0B1   IS ~~~?Zu?
64 00 2F 44 30 42 31 20 20 20 48 4E 45 00 00 26   d~/D0B1   HNE~~&
3F 5A 75 3F 64 00 5C 44 30 42 31 4D 52 20 52 4F   ?Zu?d~\D0B1MR RO
49 00 09 4F 31 5A 75 3F 64 00 14 44 30 42 32 20   I~~O1Zu?d~~D0B2 
20 20 39 39 39 00 00 10 3F 5A 75 3F 64 00 30 44     999~~~?Zu?d~0D
30 42 31 37 39 20 41 44 56 00 00 10 3F 5A 75 3F   0B179 ADV~~~?Zu?
64 00 38 44 30 42 31 20 20 20 41 44 56 00 00 3C   d~8D0B1   ADV~~<
3F 5A 75 3F 64 00 28 44 30 42 31 37 39 20 30 33   ?Zu?d~(D0B179 03
32 00 00 10 3F 5A 75 3F 64 00 2A 44 30 42 31 20   2~~~?Zu?d~*D0B1 
20 20 4D 45 44 00 00 0F 12 5A 75 3F 64 00 5D 44     MED~~~~Zu?d~]D
30 42 31 37 35 20 41 34 20 00 00 58 3F 5A 75 3F   0B175 A4 ~~X?Zu?
64 00 66 44 30 42 31 20 20 20 36 33 33 00 00 5E   d~fD0B1   633~~^
3F 5A 75 3F 64 00 70 44 30 42 31 20 20 20 4F 48   ?Zu?d~pD0B1   OH
52 00 09 4F 3F 5A 75 3F 65 00 2B 44 30 42 31 20   R~~O?Zu?e~+D0B1 
20 20 46 45 50 00 00 3C 3F 5A 75 3F 65 00 50 44     FEP~~<?Zu?e~PD
30 42 31 20 20 20 30 33 32 00 00 10 3F 5A 75 3F   0B1   032~~~?Zu?
65 00 1E 44 30 42 32 20 20 20 41 44 56 00 00 48   e~~D0B2   ADV~~H
73 5A 75 3F 65 00 3F 44 30 42 31 20 20 20 30 31   sZu?e~?D0B1   01
38 00 00 17 3F 5A 75 3F 65 01 0D 44 30 42 32 20   8~~~?Zu?e~~D0B2 
20 20 4D 53 43 00 09 29 6C 5A 75 3F 65 00 33 44     MSC~~)lZu?e~3D
30 42 31 20 20 20 30 31 34 00 09 4F 31 5A 75 3F   0B1   014~~O1Zu?
65 00 2F 44 30 42 31 20 20 20 39 39 39 00 00 2E   e~/D0B1   999~~.
5B 5A 75 3F 65 00 39 44 30 42 31 20 20 20 48 54   [Zu?e~9D0B1   HT
03                                                ~