
02 31 35 30 36 37 30 31 36 34 35 44 33 30 32 00   ~1506701645D302~
00 31 30 54 50 30 30 30 30 5A 58 30 35 43 56 53   ~10TP0000ZX05CVS
54 1C 3F 56 33 00 00 00 3F 00 3F 07 3F 00 02 00   T~?V3~~~?~?~?~~~
02 00 0D 00 22 00 36 00 10 00 00 00 23 55 3F 3F   ~~~~"~6~~~~~#U??
48 00 11 00 1A 00 00 3A 5D 00 00 10 3F 5A 75 3F   H~~~~~~:]~~~?Zu?
73 00 47 44 30 42 31 20 20 20 4D 45 44 00 09 4E   s~GD0B1   MED~~N
3F 5A 75 3F 73 00 18 44 30 42 32 20 20 20 50 45   ?Zu?s~~D0B2   PE
55 00 00 08 3F 5A 75 3F 73 00 0A 44 30 42 32 20   U~~~?Zu?s~~D0B2 
20 20 30 30 30 00 09 2C 3F 5A 75 3F 73 00 3F 44     000~~,?Zu?s~?D
30 42 31 20 20 20 4F 48 43 00 00 10 3F 5A 75 3F   0B1   OHC~~~?Zu?
73 00 1E 44 30 42 32 20 20 20 4D 45 44 00 09 4E   s~~D0B2   MED~~N
3F 5A 75 3F 73 00 2F 44 30 42 31 20 20 20 50 45   ?Zu?s~/D0B1   PE
55 00 00 25 53 5A 75 3F 73 00 4B 44 30 42 32 20   U~~%SZu?s~KD0B2 
20 20 4D 41 53 00 00 10 3F 5A 75 3F 73 00 30 44     MAS~~~?Zu?s~0D
30 42 31 20 20 20 41 44 56 00 09 4E 3F 5A 75 3F   0B1   ADV~~N?Zu?
73 00 2E 44 30 42 31 37 36 20 50 45 55 00 09 50   s~.D0B176 PEU~~P
3F 5A 75 3F 74 00 50 44 30 42 31 20 20 20 43 41   ?Zu?t~PD0B1   CA
50 00 00 10 3F 5A 75 3F 74 00 46 44 30 42 31 20   P~~~?Zu?t~FD0B1 
20 20 41 44 56 00 00 10 3F 5A 75 3F 74 00 1A 44     ADV~~~?Zu?t~~D
30 42 32 20 20 20 41 44 56 00 09 51 3F 5A 75 3F   0B2   ADV~~Q?Zu?
74 00 2E 44 30 42 32 20 20 20 37 37 37 00 09 4E   t~.D0B2   777~~N
3F 5A 75 3F 74 00 47 44 30 42 31 20 20 20 43 54   ?Zu?t~GD0B1   CT
52 00 00 10 3F 5A 75 3F 74 00 2C 44 30 42 31 20   R~~~?Zu?t~,D0B1 
20 20 41 44 56 00 00 3A 31 5A 75 3F 74 00 0D 44     ADV~~:1Zu?t~~D
30 42 32 20 20 20 4D 42 47 00 00 10 3F 5A 75 3F   0B2   MBG~~~?Zu?
74 00 55 44 30 42 31 20 20 20 41 44 56 00 09 50   t~UD0B1   ADV~~P
3F 5A 75 3F 74 00 0F 44 30 42 32 20 20 20 34 33   ?Zu?t~~D0B2   43
34 00 09 51 2A 5A 75 3F 74 00 35 44 30 42 31 20   4~~Q*Zu?t~5D0B1 
20 20 4E 56 54 00 00 10 3F 5A 75 3F 74 00 15 44     NVT~~~?Zu?t~~D
30 42 32 20 20 20 4D 45 44 00 09 50 3F 5A 75 3F   0B2   MED~~P?Zu?
74 00 66 44 30 42 31 20 20 20 39 39 39 00 00 3C   t~fD0B1   999~~<
3F 5A 75 3F 74 00 2A 44 30 42 31 37 39 20 30 33   ?Zu?t~*D0B179 03
32 00 00 3C 3F 5A 75 3F 74 00 58 44 30 42 31 20   2~~<?Zu?t~XD0B1 
20 20 30 33 32 00 00 10 3F 5A 75 3F 74 00 22 44     032~~~?Zu?t~"D
30 42 31 37 39 20 41 44 56 00 00 3C 3F 5A 75 3F   0B179 ADV~~<?Zu?
75 00 4D 44 30 42 31 20 20 20 30 33 32 00 00 46   u~MD0B1   032~~F
20 5A 75 3F 75 00 2C 44 30 45 31 4E 31 20 43 4F    Zu?u~,D0E1N1 CO
4D 00 09 4E 3F 5A 75 3F 75 00 23 44 30 42 31 20   M~~N?Zu?u~#D0B1 
20 20 50 45 55 00 00 2D 20 5A 75 3F 75 00 56 44     PEU~~- Zu?u~VD
30 42 31 20 20 20 42 43 54 00 00 46 20 5A 75 3F   0B1   BCT~~F Zu?
75 00 30 44 30 45 31 20 20 20 43 4F 4D 00 0C 35   u~0D0E1   COM~~5
04 5A 75 3F 75 00 59 44 30 42 31 39 47 20 30 30   ~Zu?u~YD0B19G 00
38 00 00 32 21 5A 75 3F 75 00 46 44 30 42 31 39   8~~2!Zu?u~FD0B19
34 33 46 4C 42 00 00 10 3F 5A 75 3F 75 00 43 44   43FLB~~~?Zu?u~CD
30 42 31 20 20 20 4D 45 44 00 00 10 3F 5A 75 3F   0B1   MED~~~?Zu?
75 00 16 44 30 42 32 20 20 20 4D 43 41 00 00 17   u~~D0B2   MCA~~~
3F 5A 75 3F 75 00 3F 44 30 42 31 20 20 20 4D 53   ?Zu?u~?D0B1   MS
43 00 00 08 3F 5A 75 3F 75 00 55 44 30 42 31 20   C~~~?Zu?u~UD0B1 
20 20 30 30 30 00 00 08 3F 5A 75 3F 76 00 3E 44     000~~~?Zu?v~>D
30 42 31 20 20 20 30 30 30 00 09 4E 3F 5A 75 3F   0B1   000~~N?Zu?
76 00 32 44 30 42 31 20 20 20 50 45 55 00 09 4F   v~2D0B1   PEU~~O
31 5A 75 3F 76 00 33 44 30 42 31 20 20 20 39 39   1Zu?v~3D0B1   99
39 00 00 4E 3F 5A 75 3F 76 00 51 44 30 42 31 37   9~~N?Zu?v~QD0B17
35 20 46 4D 20 00 00 10 3F 5A 75 3F 76 00 3C 44   5 FM ~~~?Zu?v~<D
30 42 31 20 20 20 41 44 56 00 00 3E 21 5A 75 3F   0B1   ADV~~>!Zu?
76 00 3F 44 30 42 31 20 20 20 20 20 20 00 09 4E   v~?D0B1      ~~N
3F 5A 75 3F 76 00 11 44 30 42 32 20 20 20 50 45   ?Zu?v~~D0B2   PE
55 00 00 10 3F 5A 75 3F 76 00 21 44 30 42 31 20   U~~~?Zu?v~!D0B1 
20 20 41 44 56 00 09 4F 31 5A 75 3F 76 00 2E 44     ADV~~O1Zu?v~.D
30 42 31 20 20 20 39 39 39 00 00 10 3F 5A 75 3F   0B1   999~~~?Zu?
76 00 31 44 30 42 31 20 20 20 41 44 56 00 09 4E   v~1D0B1   ADV~~N
3F 5A 75 3F 76 00 28 44 30 42 31 20 20 20 20 20   ?Zu?v~(D0B1     
20 00 09 4F 3F 5A 75 3F 76 00 39 44 30 42 31 38    ~~O?Zu?v~9D0B18
38 20 39 39 39 00 09 4E 3F 5A 75 3F 76 00 77 44   8 999~~N?Zu?v~wD
30 42 31 20 20 20 50 45 55 00 00 10 3F 5A 75 3F   0B1   PEU~~~?Zu?
76 00 5E 44 30 42 31 20 20 20 41 44 56 00 00 10   v~^D0B1   ADV~~~
3F 5A 75 3F 76 00 42 44 30 42 31 20 20 20 4D 45   ?Zu?v~BD0B1   ME
44 00 00 10 3F 5A 75 3F 76 00 39 44 30 42 31 37   D~~~?Zu?v~9D0B17
36 20 4D 45 44 00 00 0F 12 5A 75 3F 76 00 1D 44   6 MED~~~~Zu?v~~D
30 42 31 35 32 20 41 34 20 00 00 1C 6B 5A 75 3F   0B152 A4 ~~~kZu?
77 00 01 44 30 42 32 20 20 20 20 20 20 00 00 3C   w~~D0B2      ~~<
3F 5A 75 3F 77 00 70 44 30 42 31 20 20 20 30 33   ?Zu?w~pD0B1   03
32 00 00 10 3F 5A 75 3F 77 00 16 44 30 42 32 20   2~~~?Zu?w~~D0B2 
20 20 41 44 56 00 00 10 3F 5A 75 3F 77 00 32 44     ADV~~~?Zu?w~2D
30 42 31 20 20 20 4D 45 44 00 09 4E 3F 5A 75 3F   0B1   MED~~N?Zu?
77 00 24 44 30 42 31 20 20 20 48 50 48 00 00 10   w~$D0B1   HPH~~~
3F 5A 75 3F 77 00 09 44 30 42 32 20 20 20 41 44   ?Zu?w~~D0B2   AD
56 00 00 3C 3F 5A 75 3F 77 00 1F 44 30 42 32 20   V~~<?Zu?w~~D0B2 
20 20 30 33 32 00 09 4F 3F 5A 75 3F 77 00 25 44     032~~O?Zu?w~%D
30 42 31 36 39 20 39 39 39 00 09 4E 3F 5A 75 3F   0B169 999~~N?Zu?
77 00 27 44 30 42 31 20 20 20 50 45 55 00 00 1C   w~'D0B1   PEU~~~
6B 5A 75 3F 77 00 06 44 30 42 31 20 20 20 20 20   kZu?w~~D0B1     
20 00 00 3C 3F 5A 75 3F 77 00 7B 44 30 42 31 35    ~~<?Zu?w~{D0B15
36 39 30 33 32 00 00 1C 6B 5A 75 3F 77 00 01 44   69032~~~kZu?w~~D
30 42 31 20 20 20 20 20 20 00 00 1C 6B 5A 75 3F   0B1      ~~~kZu?
77 00 01 44 30 42 32 20 20 20 20 20 20 00 09 29   w~~D0B2      ~~)
6A 5A 75 3F 77 01 2F 44 30 42 31 20 20 20 35 34   jZu?w~/D0B1   54
20 00 09 4F 31 5A 75 3F 77 00 47 44 30 42 31 20    ~~O1Zu?w~GD0B1 
20 20 39 39 39 00 09 51 1F 5A 75 3F 77 00 29 44     999~~Q~Zu?w~)D
30 42 31 20 20 20 41 44 56 00 09 4E 3F 5A 75 3F   0B1   ADV~~N?Zu?
77 00 26 44 30 42 31 37 30 20 50 45 55 00 00 3B   w~&D0B170 PEU~~;
51 5A 75 3F 77 00 77 44 30 42 31 37 39 20 43 4D   QZu?w~wD0B179 CM
53 00 00 10 3F 5A 75 3F 78 00 38 44 30 42 31 20   S~~~?Zu?x~8D0B1 
20 20 4D 45 44 00 09 4E 3F 5A 75 3F 78 00 41 44     MED~~N?Zu?x~AD
30 42 31 20 20 20 50 45 55 00 00 46 20 5A 75 3F   0B1   PEU~~F Zu?
78 00 43 44 30 45 31 20 20 20 43 4F 4D 00 09 4F   x~CD0E1   COM~~O
74 5A 75 3F 78 00 4F 44 30 42 31 20 20 20 44 52   tZu?x~OD0B1   DR
57 00 00 40 73 5A 75 3F 78 00 50 44 30 42 31 20   W~~@sZu?x~PD0B1 
20 20 48 5A 52 00 09 50 3F 5A 75 3F 78 01 10 44     HZR~~P?Zu?x~~D
30 42 31 20 20 20 42 43 52 00 00 4E 3F 5A 75 3F   0B1   BCR~~N?Zu?
78 00 3B 44 30 42 31 37 36 20 48 4C 20 00 00 46   x~;D0B176 HL ~~F
20 5A 75 3F 78 00 30 44 30 45 31 20 20 20 43 4F    Zu?x~0D0E1   CO
4D 00 00 10 3F 5A 75 3F 78 00 32 44 30 42 31 20   M~~~?Zu?x~2D0B1 
20 20 4D 45 44 00 09 4E 3F 5A 75 3F 78 00 30 44     MED~~N?Zu?x~0D
30 42 31 20 20 20 50 45 55 00 00 46 20 5A 75 3F   0B1   PEU~~F Zu?
78 00 53 44 30 45 31 20 20 20 43 4F 4D 00 00 10   x~SD0E1   COM~~~
3F 5A 75 3F 78 00 26 44 30 42 31 20 20 20 4D 45   ?Zu?x~&D0B1   ME
44 00 00 0F 12 5A 75 3F 78 00 2D 44 30 42 31 20   D~~~~Zu?x~-D0B1 
20 20 4D 41 20 00 00 10 3F 5A 75 3F 78 00 2F 44     MA ~~~?Zu?x~/D
30 42 31 37 36 20 41 44 56 00 09 4E 3F 5A 75 3F   0B176 ADV~~N?Zu?
78 00 0E 44 30 42 31 37 30 20 20 20 20 00 09 4F   x~~D0B170    ~~O
3F 5A 75 3F 78 00 59 44 30 42 31 20 20 20 46 45   ?Zu?x~YD0B1   FE
50 00 09 4E 3F 5A 75 3F 79 00 24 44 30 42 31 20   P~~N?Zu?y~$D0B1 
20 20 50 45 55 00 00 49 3F 5A 75 3F 79 00 3F 44     PEU~~I?Zu?y~?D
30 42 32 20 20 20 33 46 20 00 00 10 3F 5A 75 3F   0B2   3F ~~~?Zu?
79 00 0B 44 30 42 31 35 32 20 41 44 56 00 00 0F   y~~D0B152 ADV~~~
12 5A 75 3F 79 00 40 44 30 42 31 38 38 20 41 34   ~Zu?y~@D0B188 A4
20 00 00 10 3F 5A 75 3F 79 00 2D 44 30 42 31 20    ~~~?Zu?y~-D0B1 
20 20 41 44 56 00 09 4F 31 5A 75 3F 79 00 10 44     ADV~~O1Zu?y~~D
30 42 32 20 20 20 39 39 39 00 00 10 3F 5A 75 3F   0B2   999~~~?Zu?
79 00 27 44 30 42 31 37 30 20 41 44 56 00 00 30   y~'D0B170 ADV~~0
18 5A 75 3F 79 00 16 44 30 42 32 20 20 20 50 41   ~Zu?y~~D0B2   PA
52 00 00 10 3F 5A 75 3F 79 00 25 44 30 42 31 20   R~~~?Zu?y~%D0B1 
20 20 4D 45 44 00 00 46 20 5A 75 3F 79 00 22 44     MED~~F Zu?y~"D
30 45 31 4E 31 20 43 4F 4D 00 00 10 3F 5A 75 3F   0E1N1 COM~~~?Zu?
79 00 2D 44 30 42 31 38 31 39 4D 45 44 00 00 10   y~-D0B1819MED~~~
3F 5A 75 3F 79 00 35 44 30 42 31 20 20 20 41 44   ?Zu?y~5D0B1   AD
56 00 00 10 3F 5A 75 3F 79 00 0A 44 30 42 32 20   V~~~?Zu?y~~D0B2 
20 20 41 44 56 00 00 10 3F 5A 75 3F 79 00 62 44     ADV~~~?Zu?y~bD
30 42 31 55 31 20 54 45 4C 00 09 50 3F 5A 75 3F   0B1U1 TEL~~P?Zu?
79 00 35 44 30 42 31 20 20 20 4D 45 44 00 00 5E   y~5D0B1   MED~~^
3F 5A 75 3F 79 00 6E 44 30 42 31 38 38 20 4F 48   ?Zu?y~nD0B188 OH
52 00 00 3C 3F 5A 75 3F 79 00 45 44 30 42 31 20   R~~<?Zu?y~ED0B1 
20 20 30 33 32 00 09 4E 3F 5A 75 3F 7A 00 24 44     032~~N?Zu?z~$D
30 42 31 37 58 20 50 45 55 00 00 0F 12 5A 75 3F   0B17X PEU~~~~Zu?
7A 00 10 44 30 42 32 20 20 20 41 34 20 00 09 4F   z~~D0B2   A4 ~~O
31 5A 75 3F 7A 00 48 44 30 42 31 20 20 20 39 39   1Zu?z~HD0B1   99
39 00 00 10 3F 5A 75 3F 7A 00 20 44 30 42 31 20   9~~~?Zu?z~ D0B1 
20 20 41 44 56 00 00 32 21 5A 75 3F 7A 00 29 44     ADV~~2!Zu?z~)D
30 42 31 20 20 20 4D 45 44 00 09 51 59 5A 75 3F   0B1   MED~~QYZu?
7A 00 3D 44 30 42 31 20 20 20 30 33 31 00 00 4E   z~=D0B1   031~~N
3F 5A 75 3F 7A 00 4F 44 30 42 31 20 20 20 41 43   ?Zu?z~OD0B1   AC
20 00 00 06 11 5A 75 3F 7A 00 0D 44 30 42 31 37    ~~~~Zu?z~~D0B17
35 20 54 4E 4D 00 00 10 32 5A 75 3F 7A 00 3F 44   5 TNM~~~2Zu?z~?D
30 42 31 20 20 20 20 20 20 00 00 08 3F 5A 75 3F   0B1      ~~~?Zu?
7A 00 6F 44 30 42 31 20 20 20 30 30 30 00 09 4E   z~oD0B1   000~~N
3F 5A 75 3F 7A 00 24 44 30 42 31 20 20 20 50 45   ?Zu?z~$D0B1   PE
55 00 09 4F 3F 5A 75 3F 7A 00 26 44 30 42 31 20   U~~O?Zu?z~&D0B1 
20 20 39 39 39 00 09 50 3F 5A 75 3F 7A 00 16 44     999~~P?Zu?z~~D
30 42 31 20 20 20 31 30 31 00 00 1C 6B 5A 75 3F   0B1   101~~~kZu?
7A 00 06 44 30 42 32 20 20 20 20 20 20 00 00 10   z~~D0B2      ~~~
3F 5A 75 3F 7A 00 2E 44 30 42 31 20 20 20 4D 45   ?Zu?z~.D0B1   ME
44 00 00 10 3F 5A 75 3F 7A 00 24 44 30 42 31 35   D~~~?Zu?z~$D0B15
32 20 44 43 41 00 09 4E 3F 5A 75 3F 7A 00 32 44   2 DCA~~N?Zu?z~2D
30 42 31 37 30 20 50 45 55 00 00 10 3F 5A 75 3F   0B170 PEU~~~?Zu?
7A 00 1C 44 30 42 31 37 36 20 41 44 56 00 00 10   z~~D0B176 ADV~~~
32 5A 75 3F 7B 01 4E 44 30 42 31 20 20 20 20 20   2Zu?{~ND0B1     
20 00 00 3C 3F 5A 75 3F 7B 00 22 44 30 42 31 20    ~~<?Zu?{~"D0B1 
20 20 30 33 32 00 09 4E 3F 5A 75 3F 7B 00 2C 44     032~~N?Zu?{~,D
30 42 31 38 38 20 50 45 55 00 00 54 3F 5A 75 3F   0B188 PEU~~T?Zu?
7B 00 2A 44 30 42 31 37 36 20 20 20 20 00 00 4E   {~*D0B176    ~~N
3F 5A 75 3F 7B 00 33 44 30 42 31 20 20 20 49 53   ?Zu?{~3D0B1   IS
20 00 00 10 3F 5A 75 3F 7B 00 20 44 30 42 31 38    ~~~?Zu?{~ D0B18
31 20 4D 45 44 00 00 10 3F 5A 75 3F 7B 00 30 44   1 MED~~~?Zu?{~0D
30 42 31 37 30 20 41 44 56 00 00 30 18 5A 75 3F   0B170 ADV~~0~Zu?
7B 00 7C 44 30 42 31 20 20 20 50 41 52 00 09 50   {~|D0B1   PAR~~P
3F 5A 75 3F 7B 00 3E 44 30 42 31 20 20 20 30 30   ?Zu?{~>D0B1   00
36 00 00 3C 3F 5A 75 3F 7B 00 1F 44 30 42 32 20   6~~<?Zu?{~~D0B2 
20 20 30 33 32 00 00 46 20 5A 75 3F 7B 00 2D 44     032~~F Zu?{~-D
30 45 31 20 20 20 43 4F 4D 00 00 17 3F 5A 75 3F   0E1   COM~~~?Zu?
7B 00 3F 44 30 42 32 20 20 20 4D 53 43 00 00 42   {~?D0B2   MSC~~B
72 5A 75 3F 7C 00 28 44 30 42 31 36 39 20 30 32   rZu?|~(D0B169 02
31 00 09 50 3F 5A 75 3F 7C 00 29 44 30 42 31 37   1~~P?Zu?|~)D0B17
39 20 4D 45 44 00 00 4E 3F 5A 75 3F 7C 00 3D 44   9 MED~~N?Zu?|~=D
30 42 31 20 20 20 57 47 20 00 00 54 3F 5A 75 3F   0B1   WG ~~T?Zu?
7C 00 33 44 30 42 31 37 36 20 20 20 20 00 00 10   |~3D0B176    ~~~
3F 5A 75 3F 7C 00 47 44 30 42 31 20 20 20 4D 45   ?Zu?|~GD0B1   ME
44 00 00 10 3F 5A 75 3F 7C 00 22 44 30 42 31 37   D~~~?Zu?|~"D0B17
36 20 41 44 56 00 00 10 3F 5A 75 3F 7C 00 27 44   6 ADV~~~?Zu?|~'D
30 42 31 20 20 20 4D 45 44 00 09 50 3F 5A 75 3F   0B1   MED~~P?Zu?
7C 00 31 44 30 42 31 37 30 20 30 30 36 00 00 30   |~1D0B170 006~~0
18 5A 75 3F 7C 00 3F 44 30 42 31 20 20 20 50 41   ~Zu?|~?D0B1   PA
52 00 00 10 3F 5A 75 3F 7C 00 30 44 30 42 31 20   R~~~?Zu?|~0D0B1 
20 20 4D 45 44 00 09 4F 31 5A 75 3F 7C 00 35 44     MED~~O1Zu?|~5D
30 42 31 20 20 20 39 39 39 00 00 10 3F 5A 75 3F   0B1   999~~~?Zu?
7C 00 40 44 30 42 31 20 20 20 41 44 56 00 00 10   |~@D0B1   ADV~~~
3F 5A 75 3F 7C 00 25 44 30 42 31 20 20 20 4D 45   ?Zu?|~%D0B1   ME
44 00 00 46 20 5A 75 3F 7C 00 2D 44 30 45 31 20   D~~F Zu?|~-D0E1 
20 20 43 4F 4D 00 00 3C 3F 5A 75 3F 7C 00 57 44     COM~~<?Zu?|~WD
30 42 31 20 20 20 30 33 32 00 09 4F 3F 5A 75 3F   0B1   032~~O?Zu?
7C 01 13 44 30 42 31 20 20 20 37 38 31 00 00 10   |~~D0B1   781~~~
3F 5A 75 3F 7D 00 22 44 30 42 31 37 36 20 41 44   ?Zu?}~"D0B176 AD
56 00 00 10 3F 5A 75 3F 7D 00 15 44 30 42 32 20   V~~~?Zu?}~~D0B2 
20 20 41 44 56 00 00 12 12 5A 75 3F 7D 00 2C 44     ADV~~~~Zu?}~,D
30 42 31 20 20 20 20 20 20 00 00 4E 3F 5A 75 3F   0B1      ~~N?Zu?
7D 00 31 44 30 42 31 20 20 20 49 53 20 00 00 1C   }~1D0B1   IS ~~~
6B 5A 75 3F 7D 00 01 44 30 42 31 20 20 20 20 20   kZu?}~~D0B1     
20 00 09 4F 31 5A 75 3F 7D 00 39 44 30 42 31 20    ~~O1Zu?}~9D0B1 
20 20 39 39 39 00 09 4F 31 5A 75 3F 7D 00 0D 44     999~~O1Zu?}~~D
30 42 32 20 20 20 39 39 39 00 00 10 3F 5A 75 3F   0B2   999~~~?Zu?
7D 00 16 44 30 42 32 20 20 20 41 44 56 00 09 4E   }~~D0B2   ADV~~N
3F 5A 75 3F 7D 00 32 44 30 42 31 37 30 20 43 54   ?Zu?}~2D0B170 CT
52 00 00 3C 3F 5A 75 3F 7D 00 2F 44 30 42 31 20   R~~<?Zu?}~/D0B1 
20 20 30 33 32 00 09 4E 3F 5A 75 3F 7D 00 23 44     032~~N?Zu?}~#D
30 42 31 47 39 20 50 45 55 00 00 10 3F 5A 75 3F   0B1G9 PEU~~~?Zu?
7D 00 26 44 30 42 31 20 20 20 41 44 56 00 09 50   }~&D0B1   ADV~~P
3F 5A 75 3F 7D 00 15 44 30 42 32 20 20 20 30 30   ?Zu?}~~D0B2   00
36 00 00 4E 3F 5A 75 3F 7D 00 2C 44 30 42 31 20   6~~N?Zu?}~,D0B1 
20 20 43 48 20 00 00 4E 3F 5A 75 3F 7D 00 40 44     CH ~~N?Zu?}~@D
30 42 31 20 20 20 57 47 20 00 00 10 3F 5A 75 3F   0B1   WG ~~~?Zu?
7D 00 2C 44 30 42 31 37 30 20 41 44 56 00 09 51   }~,D0B170 ADV~~Q
2E 5A 75 3F 7D 00 34 44 30 42 31 20 20 20 48 4D   .Zu?}~4D0B1   HM
43 00 09 4F 3F 5A 75 3F 7E 00 3D 44 30 42 31 20   C~~O?Zu?~~=D0B1 
20 20 39 39 39 00 09 51 2A 5A 75 3F 7E 00 69 44     999~~Q*Zu?~~iD
30 42 31 20 20 20 4E 56 54 00 00 4E 3F 5A 75 3F   0B1   NVT~~N?Zu?
7E 00 40 44 30 42 31 20 20 20 49 53 20 00 00 46   ~~@D0B1   IS ~~F
20 5A 75 3F 7E 00 2C 44 30 45 31 20 20 20 43 4F    Zu?~~,D0E1   CO
4D 00 00 10 3F 5A 75 3F 4F 00 37 44 30 42 31 37   M~~~?Zu?O~7D0B17
30 20 41 44 56 00 09 4F 31 5A 75 3F 4F 00 46 44   0 ADV~~O1Zu?O~FD
30 42 31 20 20 20 39 39 39 00 09 4F 31 5A 75 3F   0B1   999~~O1Zu?
4F 00 36 44 30 42 31 20 20 20 39 39 39 00 09 4E   O~6D0B1   999~~N
3F 5A 75 3F 50 00 2D 44 30 42 31 38 38 20 50 45   ?Zu?P~-D0B188 PE
55 00 09 4F 3F 5A 75 3F 50 00 42 44 30 42 31 37   U~~O?Zu?P~BD0B17
35 20 39 39 39 00 09 4F 24 5A 75 3F 50 00 73 44   5 999~~O$Zu?P~sD
30 42 31 37 35 20 44 52 4D 00 00 3C 3F 5A 75 3F   0B175 DRM~~<?Zu?
50 00 4C 44 30 42 31 20 20 20 30 33 32 00 00 46   P~LD0B1   032~~F
20 5A 75 3F 50 00 39 44 30 45 31 4E 31 20 43 4F    Zu?P~9D0E1N1 CO
4D 00 00 10 3F 5A 75 3F 50 00 2C 44 30 42 31 37   M~~~?Zu?P~,D0B17
39 20 41 44 56 00 00 0E 42 5A 75 3F 50 00 2B 44   9 ADV~~~BZu?P~+D
30 42 31 20 20 20 36 34 20 00 09 50 3F 5A 75 3F   0B1   64 ~~P?Zu?
50 00 3F 44 30 42 31 20 20 20 34 38 30 00 00 10   P~?D0B1   480~~~
3F 5A 75 3F 50 00 3A 44 30 42 31 37 35 20 41 44   ?Zu?P~:D0B175 AD
56 00 00 10 3F 5A 75 3F 50 00 3F 44 30 42 31 4D   V~~~?Zu?P~?D0B1M
4F 20 54 45 4C 00 09 4F 74 5A 75 3F 50 00 54 44   O TEL~~OtZu?P~TD
30 42 31 20 20 20 44 52 57 00 00 4C 3F 5A 75 3F   0B1   DRW~~L?Zu?
50 00 5C 44 30 42 31 37 58 20 30 31 39 00 00 46   P~\D0B17X 019~~F
20 5A 75 3F 50 00 48 44 30 45 31 20 20 20 43 4F    Zu?P~HD0E1   CO
4D 00 00 10 3F 5A 75 3F 50 00 1F 44 30 42 31 37   M~~~?Zu?P~~D0B17
39 20 4D 45 44 00 00 46 20 5A 75 3F 51 00 45 44   9 MED~~F Zu?Q~ED
30 45 31 20 20 20 43 4F 4D 00 00 10 3F 5A 75 3F   0E1   COM~~~?Zu?
51 00 26 44 30 42 31 37 39 20 4D 45 44 00 00 3C   Q~&D0B179 MED~~<
3F 5A 75 3F 51 00 13 44 30 42 32 20 20 20 30 33   ?Zu?Q~~D0B2   03
32 00 00 10 3F 5A 75 3F 51 00 39 44 30 42 31 20   2~~~?Zu?Q~9D0B1 
20 20 41 44 56 00 09 52 24 5A 75 3F 51 00 69 44     ADV~~R$Zu?Q~iD
30 42 31 20 20 20 43 48 4D 00 09 4F 31 5A 75 3F   0B1   CHM~~O1Zu?
51 00 1C 44 30 42 32 20 20 20 39 39 39 00 00 4E   Q~~D0B2   999~~N
3F 5A 75 3F 51 00 31 44 30 42 31 37 30 20 43 48   ?Zu?Q~1D0B170 CH
20 00 09 4F 31 5A 75 3F 51 00 37 44 30 42 31 20    ~~O1Zu?Q~7D0B1 
20 20 39 39 39 00 00 10 3F 5A 75 3F 51 00 18 44     999~~~?Zu?Q~~D
30 42 32 20 20 20 41 44 56 00 00 10 3F 5A 75 3F   0B2   ADV~~~?Zu?
51 00 2B 44 30 42 31 20 20 20 41 44 56 00 00 10   Q~+D0B1   ADV~~~
3F 5A 75 3F 51 00 27 44 30 42 31 20 20 20 4D 43   ?Zu?Q~'D0B1   MC
41 00 09 50 3F 5A 75 3F 51 00 33 44 30 42 31 20   A~~P?Zu?Q~3D0B1 
20 20 39 39 39 00 00 46 20 5A 75 3F 51 00 1E 44     999~~F Zu?Q~~D
30 45 31 4E 31 20 43 4F 4D 00 00 3A 31 5A 75 3F   0E1N1 COM~~:1Zu?
51 00 46 44 30 42 31 20 20 20 4D 42 47 00 00 10   Q~FD0B1   MBG~~~
3F 5A 75 3F 51 00 39 44 30 42 31 20 20 20 4D 45   ?Zu?Q~9D0B1   ME
44 00 00 45 4A 5A 75 3F 51 00 3F 44 30 42 31 20   D~~EJZu?Q~?D0B1 
20 20 53 53 20 00 00 1C 6B 5A 75 3F 51 00 09 44     SS ~~~kZu?Q~~D
30 42 31 20 20 20 20 20 20 00 00 43 3F 5A 75 3F   0B1      ~~C?Zu?
51 00 3F 44 30 42 32 39 39 20 39 39 39 00 09 50   Q~?D0B299 999~~P
3F 5A 75 3F 52 00 3F 44 30 42 32 20 20 20 35 35   ?Zu?R~?D0B2   55
32 00 00 4E 3F 5A 75 3F 52 00 32 44 30 42 31 37   2~~N?Zu?R~2D0B17
36 20 43 48 20 00 09 50 3F 5A 75 3F 52 00 2F 44   6 CH ~~P?Zu?R~/D
30 42 31 20 20 20 4D 45 44 00 09 4F 3F 5A 75 3F   0B1   MED~~O?Zu?
52 00 31 44 30 42 31 20 20 20 39 39 39 00 00 10   R~1D0B1   999~~~
3F 5A 75 3F 52 00 51 44 30 42 31 20 20 20 41 44   ?Zu?R~QD0B1   AD
56 00 00 10 3F 5A 75 3F 52 00 3F 44 30 42 31 37   V~~~?Zu?R~?D0B17
30 20 54 45 4C 00 09 4F 31 5A 75 3F 52 00 57 44   0 TEL~~O1Zu?R~WD
30 42 31 20 20 20 39 39 39 00 00 10 3F 5A 75 3F   0B1   999~~~?Zu?
52 00 31 44 30 42 31 20 20 20 41 44 56 00 09 4E   R~1D0B1   ADV~~N
3F 5A 75 3F 52 00 14 44 30 42 32 20 20 20 50 45   ?Zu?R~~D0B2   PE
55 00 00 10 3F 5A 75 3F 52 00 2F 44 30 42 31 20   U~~~?Zu?R~/D0B1 
20 20 4D 45 44 00 09 4F 31 5A 75 3F 52 00 40 44     MED~~O1Zu?R~@D
30 42 31 38 38 20 39 39 39 00 00 10 3F 5A 75 3F   0B188 999~~~?Zu?
52 00 42 44 30 42 31 20 20 20 4D 45 44 00 09 4E   R~BD0B1   MED~~N
3F 5A 75 3F 52 00 3A 44 30 42 31 20 20 20 50 45   ?Zu?R~:D0B1   PE
55 00 00 10 3F 5A 75 3F 52 00 3A 44 30 42 31 20   U~~~?Zu?R~:D0B1 
20 20 41 44 56 00 00 4C 3F 5A 75 3F 53 00 77 44     ADV~~L?Zu?S~wD
30 42 31 20 20 20 30 36 35 00 00 10 3F 5A 75 3F   0B1   065~~~?Zu?
53 00 3E 44 30 42 31 37 35 20 4D 45 44 00 00 10   S~>D0B175 MED~~~
3F 5A 75 3F 53 00 20 44 30 42 31 20 20 20 41 44   ?Zu?S~ D0B1   AD
56 00 00 4C 3F 5A 75 3F 53 00 5C 44 30 42 31 37   V~~L?Zu?S~\D0B17
58 20 30 37 36 00 00 10 3F 5A 75 3F 53 00 2B 44   X 076~~~?Zu?S~+D
30 42 31 20 20 20 4D 45 44 00 09 4E 3F 5A 75 3F   0B1   MED~~N?Zu?
53 00 36 44 30 42 31 20 20 20 49 52 58 00 00 3C   S~6D0B1   IRX~~<
3F 5A 75 3F 53 00 44 44 30 42 31 35 36 39 30 33   ?Zu?S~DD0B156903
32 00 00 54 3F 5A 75 3F 53 00 3B 44 30 42 31 37   2~~T?Zu?S~;D0B17
30 20 20 20 20 00 00 0F 12 5A 75 3F 53 00 12 44   0    ~~~~Zu?S~~D
30 42 32 20 20 20 41 34 20 00 00 4E 3F 5A 75 3F   0B2   A4 ~~N?Zu?
53 00 2C 44 30 42 31 20 20 20 46 4D 20 00 00 46   S~,D0B1   FM ~~F
20 5A 75 3F 53 00 15 44 30 45 31 4E 31 20 43 4F    Zu?S~~D0E1N1 CO
4D 00 00 3C 3F 5A 75 3F 53 00 48 44 30 42 31 20   M~~<?Zu?S~HD0B1 
20 20 30 33 32 00 00 10 3F 5A 75 3F 53 00 2C 44     032~~~?Zu?S~,D
30 42 31 37 35 20 4D 45 44 00 00 45 4A 5A 75 3F   0B175 MED~~EJZu?
53 00 3F 44 30 42 31 39 39 20 53 53 20 00 00 10   S~?D0B199 SS ~~~
3F 5A 75 3F 53 00 29 44 30 42 31 20 20 20 41 44   ?Zu?S~)D0B1   AD
56 00 00 3C 3F 5A 75 3F 53 00 2B 44 30 42 31 20   V~~<?Zu?S~+D0B1 
20 20 30 33 32 00 00 10 3F 5A 75 3F 53 00 2F 44     032~~~?Zu?S~/D
30 42 31 37 39 20 4D 45 44 00 00 4E 3F 5A 75 3F   0B179 MED~~N?Zu?
53 00 3A 44 30 42 31 37 35 20 4E 43 20 00 09 4F   S~:D0B175 NC ~~O
3F 5A 75 3F 53 00 2E 44 30 42 31 20 20 20 46 45   ?Zu?S~.D0B1   FE
50 00 09 4E 3F 5A 75 3F 53 00 17 44 30 42 32 20   P~~N?Zu?S~~D0B2 
20 20 50 45 55 00 00 10 3F 5A 75 3F 53 00 29 44     PEU~~~?Zu?S~)D
30 42 31 20 20 20 41 44 56 00 09 4E 3F 5A 75 3F   0B1   ADV~~N?Zu?
53 00 29 44 30 42 31 37 30 20 50 45 55 00 00 10   S~)D0B170 PEU~~~
3F 5A 75 3F 54 00 3F 44 30 42 31 20 20 20 54 45   ?Zu?T~?D0B1   TE
4C 00 00 10 3F 5A 75 3F 54 00 1E 44 30 42 31 37   L~~~?Zu?T~~D0B17
36 20 41 44 56 00 00 10 3F 5A 75 3F 54 00 34 44   6 ADV~~~?Zu?T~4D
30 42 31 20 20 20 41 44 56 00 00 10 3F 5A 75 3F   0B1   ADV~~~?Zu?
54 00 3E 44 30 42 31 37 39 20 4D 45 44 00 00 10   T~>D0B179 MED~~~
3F 5A 75 3F 54 00 2A 44 30 42 31 20 20 20 4D 45   ?Zu?T~*D0B1   ME
44 00 00 3E 21 5A 75 3F 54 00 3F 44 30 42 31 20   D~~>!Zu?T~?D0B1 
20 20 20 20 20 00 00 10 3F 5A 75 3F 54 00 30 44        ~~~?Zu?T~0D
30 42 31 20 20 20 4D 45 44 00 09 4F 3F 5A 75 3F   0B1   MED~~O?Zu?
54 00 08 44 30 42 32 20 20 20 46 45 50 00 09 4E   T~~D0B2   FEP~~N
3F 5A 75 3F 54 00 26 44 30 42 32 20 20 20 50 45   ?Zu?T~&D0B2   PE
55 00 00 10 3F 5A 75 3F 54 00 20 44 30 42 31 20   U~~~?Zu?T~ D0B1 
20 20 41 44 56 00 09 50 3F 5A 75 3F 54 00 27 44     ADV~~P?Zu?T~'D
30 42 32 20 20 20 30 30 36 00 00 4E 3F 5A 75 3F   0B2   006~~N?Zu?
54 00 3A 44 30 42 31 37 35 20 4E 43 20 00 00 4E   T~:D0B175 NC ~~N
3F 5A 75 3F 54 00 30 44 30 42 31 20 20 20 43 48   ?Zu?T~0D0B1   CH
20 00 09 50 4A 5A 75 3F 54 00 3F 44 30 42 31 20    ~~PJZu?T~?D0B1 
20 20 53 43 31 00 00 42 72 5A 75 3F 54 00 11 44     SC1~~BrZu?T~~D
30 42 32 20 20 20 30 32 31 00 00 4E 3F 5A 75 3F   0B2   021~~N?Zu?
54 00 2F 44 30 42 31 37 35 20 46 4D 20 00 00 1C   T~/D0B175 FM ~~~
6B 5A 75 3F 54 00 05 44 30 42 32 20 20 20 20 20   kZu?T~~D0B2     
20 00 00 3C 3F 5A 75 3F 54 00 44 44 30 42 31 20    ~~<?Zu?T~DD0B1 
20 20 30 33 32 00 00 10 3F 5A 75 3F 54 00 2F 44     032~~~?Zu?T~/D
30 42 31 38 31 20 4D 45 44 00 00 10 3F 5A 75 3F   0B181 MED~~~?Zu?
55 00 4B 44 30 42 31 20 20 20 4D 45 44 00 00 4E   U~KD0B1   MED~~N
3F 5A 75 3F 55 00 12 44 30 42 32 20 20 20 57 47   ?Zu?U~~D0B2   WG
20 00 00 10 3F 5A 75 3F 55 00 15 44 30 42 32 20    ~~~?Zu?U~~D0B2 
20 20 41 44 56 00 00 42 72 5A 75 3F 55 00 12 44     ADV~~BrZu?U~~D
30 42 32 20 20 20 43 49 4D 00 09 4F 24 5A 75 3F   0B2   CIM~~O$Zu?
55 00 3F 44 30 42 31 20 20 20 50 43 53 00 09 29   U~?D0B1   PCS~~)
6C 5A 75 3F 55 00 1D 44 30 42 31 20 20 20 30 35   lZu?U~~D0B1   05
31 00 09 4F 24 5A 75 3F 55 00 3F 44 30 42 31 20   1~~O$Zu?U~?D0B1 
20 20 49 52 58 00 09 4F 31 5A 75 3F 55 00 32 44     IRX~~O1Zu?U~2D
30 42 31 20 20 20 39 39 39 00 00 10 3F 5A 75 3F   0B1   999~~~?Zu?
55 00 4B 44 30 42 31 20 20 20 41 44 56 00 00 10   U~KD0B1   ADV~~~
3F 5A 75 3F 55 00 49 44 30 42 31 20 20 20 4D 45   ?Zu?U~ID0B1   ME
44 00 00 0F 12 5A 75 3F 55 00 1D 44 30 42 31 37   D~~~~Zu?U~~D0B17
35 20 4D 41 20 00 00 10 3F 5A 75 3F 55 00 39 44   5 MA ~~~?Zu?U~9D
30 42 31 37 35 20 41 44 56 00 00 0E 01 5A 75 3F   0B175 ADV~~~~Zu?
55 00 0F 44 30 42 32 20 20 20 41 53 50 00 09 50   U~~D0B2   ASP~~P
4A 5A 75 3F 55 00 3F 44 30 42 31 20 20 20 53 43   JZu?U~?D0B1   SC
31 00 09 51 2A 5A 75 3F 55 00 3A 44 30 42 32 20   1~~Q*Zu?U~:D0B2 
20 20 4E 56 54 00 00 1C 6B 5A 75 3F 55 00 05 44     NVT~~~kZu?U~~D
30 42 32 20 20 20 20 20 20 00 09 4E 3F 5A 75 3F   0B2      ~~N?Zu?
55 00 4A 44 30 42 31 20 20 20 20 20 20 00 00 0F   U~JD0B1      ~~~
12 5A 75 3F 55 00 24 44 30 42 31 20 20 20 41 34   ~Zu?U~$D0B1   A4
20 00 00 48 3F 5A 75 3F 56 00 13 44 30 42 32 20    ~~H?Zu?V~~D0B2 
20 20 48 45 4C 00 00 4E 3F 5A 75 3F 56 00 57 44     HEL~~N?Zu?V~WD
30 42 31 20 20 20 41 43 20 00 00 10 3F 5A 75 3F   0B1   AC ~~~?Zu?
56 00 2D 44 30 42 31 20 20 20 41 44 56 00 00 10   V~-D0B1   ADV~~~
3F 5A 75 3F 56 00 47 44 30 42 31 20 20 20 4D 45   ?Zu?V~GD0B1   ME
44 00 00 0F 12 5A 75 3F 56 00 26 44 30 42 31 20   D~~~~Zu?V~&D0B1 
20 20 4D 41 20 00 09 4E 3F 5A 75 3F 56 00 14 44     MA ~~N?Zu?V~~D
30 42 32 20 20 20 50 45 55 00 00 10 3F 5A 75 3F   0B2   PEU~~~?Zu?
56 00 35 44 30 42 31 20 20 20 41 44 56 00 09 4E   V~5D0B1   ADV~~N
3F 5A 75 3F 56 00 21 44 30 42 32 20 20 20 50 45   ?Zu?V~!D0B2   PE
55 00 00 48 6B 5A 75 3F 56 00 5F 44 30 42 31 20   U~~HkZu?V~_D0B1 
20 20 30 31 38 00 09 4E 3F 5A 75 3F 56 00 16 44     018~~N?Zu?V~~D
30 42 32 20 20 20 49 52 58 00 00 10 3F 5A 75 3F   0B2   IRX~~~?Zu?
56 00 2F 44 30 42 31 20 20 20 41 44 56 00 00 48   V~/D0B1   ADV~~H
6B 5A 75 3F 56 00 58 44 30 42 32 20 20 20 30 31   kZu?V~XD0B2   01
38 00 00 0F 12 5A 75 3F 56 00 54 44 30 42 31 20   8~~~~Zu?V~TD0B1 
20 20 41 34 20 00 09 4E 3F 5A 75 3F 56 00 27 44     A4 ~~N?Zu?V~'D
30 42 31 20 20 20 50 45 55 00 00 54 3F 5A 75 3F   0B1   PEU~~T?Zu?
56 00 37 44 30 42 31 37 30 20 20 20 20 00 09 50   V~7D0B170    ~~P
5E 5A 75 3F 57 00 3B 44 30 42 32 20 20 20 43 56   ^Zu?W~;D0B2   CV
31 00 09 51 3F 5A 75 3F 57 00 76 44 30 42 31 20   1~~Q?Zu?W~vD0B1 
20 20 43 52 58 00 09 4F 3F 5A 75 3F 57 00 2A 44     CRX~~O?Zu?W~*D
30 42 31 38 35 20 39 39 39 00 00 10 3F 5A 75 3F   0B185 999~~~?Zu?
57 00 12 44 30 42 32 20 20 20 41 44 56 00 09 50   W~~D0B2   ADV~~P
3F 5A 75 3F 57 00 3D 44 30 42 32 20 20 20 4C 4F   ?Zu?W~=D0B2   LO
59 00 09 50 3F 5A 75 3F 57 00 29 44 30 42 31 38   Y~~P?Zu?W~)D0B18
38 20 4D 45 44 00 00 0E 01 5A 75 3F 57 00 57 44   8 MED~~~~Zu?W~WD
30 42 31 36 30 38 41 53 50 00 09 4E 3F 5A 75 3F   0B1608ASP~~N?Zu?
57 00 2D 44 30 42 31 20 20 20 50 45 55 00 09 4E   W~-D0B1   PEU~~N
3F 5A 75 3F 57 00 10 44 30 42 32 20 20 20 43 54   ?Zu?W~~D0B2   CT
52 00 00 1C 6B 5A 75 3F 57 00 01 44 30 42 32 20   R~~~kZu?W~~D0B2 
20 20 20 20 20 00 00 10 3F 5A 75 3F 57 00 15 44        ~~~?Zu?W~~D
30 42 32 20 20 20 41 44 56 00 00 10 3F 5A 75 3F   0B2   ADV~~~?Zu?
57 00 14 44 30 42 32 20 20 20 4D 43 41 00 00 3C   W~~D0B2   MCA~~<
3F 5A 75 3F 57 00 65 44 30 42 31 20 20 20 30 33   ?Zu?W~eD0B1   03
32 00 00 42 72 5A 75 3F 57 00 14 44 30 42 32 20   2~~BrZu?W~~D0B2 
20 20 30 32 31 00 00 3C 3F 5A 75 3F 58 00 43 44     021~~<?Zu?X~CD
30 42 31 20 20 20 30 33 32 00 00 10 3F 5A 75 3F   0B1   032~~~?Zu?
58 00 22 44 30 42 31 20 20 20 41 44 56 00 00 0F   X~"D0B1   ADV~~~
12 5A 75 3F 58 00 27 44 30 42 31 20 20 20 41 34   ~Zu?X~'D0B1   A4
20 00 09 50 3F 5A 75 3F 58 00 29 44 30 42 31 20    ~~P?Zu?X~)D0B1 
20 20 4D 45 44 00 09 51 1F 5A 75 3F 58 00 29 44     MED~~Q~Zu?X~)D
30 42 31 20 20 20 41 44 56 00 00 10 3F 5A 75 3F   0B1   ADV~~~?Zu?
58 00 2B 44 30 42 31 20 20 20 4D 45 44 00 00 4E   X~+D0B1   MED~~N
3F 5A 75 3F 58 00 10 44 30 42 32 20 20 20 49 53   ?Zu?X~~D0B2   IS
20 00 09 4F 24 5A 75 3F 58 00 78 44 30 42 31 20    ~~O$Zu?X~xD0B1 
20 20 41 44 56 00 09 4F 3F 5A 75 3F 58 00 2B 44     ADV~~O?Zu?X~+D
30 42 31 20 20 20 46 45 50 00 00 10 3F 5A 75 3F   0B1   FEP~~~?Zu?
58 00 09 44 30 42 32 20 20 20 41 44 56 00 00 10   X~~D0B2   ADV~~~
3F 5A 75 3F 58 00 2B 44 30 42 31 20 20 20 41 44   ?Zu?X~+D0B1   AD
56 00 00 10 3F 5A 75 3F 58 00 40 44 30 42 31 20   V~~~?Zu?X~@D0B1 
20 20 4D 45 44 00 09 50 4A 5A 75 3F 58 00 36 44     MED~~PJZu?X~6D
30 42 32 20 20 20 53 43 31 00 00 10 3F 5A 75 3F   0B2   SC1~~~?Zu?
58 00 23 44 30 42 31 20 20 20 41 44 56 00 00 10   X~#D0B1   ADV~~~
3F 5A 75 3F 58 00 31 44 30 42 31 20 20 20 41 44   ?Zu?X~1D0B1   AD
56 00 00 46 20 5A 75 3F 59 00 2E 44 30 45 31 20   V~~F Zu?Y~.D0E1 
20 20 43 4F 4D 00 00 3C 3F 5A 75 3F 59 00 44 44     COM~~<?Zu?Y~DD
30 42 31 20 20 20 30 33 32 00 00 42 72 5A 75 3F   0B1   032~~BrZu?
59 00 49 44 30 42 31 20 20 20 30 32 31 00 09 50   Y~ID0B1   021~~P
3F 5A 75 3F 59 00 55 44 30 42 31 20 20 20 42 43   ?Zu?Y~UD0B1   BC
52 00 00 10 3F 5A 75 3F 59 00 14 44 30 42 32 20   R~~~?Zu?Y~~D0B2 
20 20 41 44 56 00 00 46 20 5A 75 3F 59 00 3F 44     ADV~~F Zu?Y~?D
30 45 31 20 20 20 43 4F 4D 00 00 10 3F 5A 75 3F   0E1   COM~~~?Zu?
59 00 2F 44 30 42 31 20 20 20 4D 45 44 00 00 10   Y~/D0B1   MED~~~
3F 5A 75 3F 59 00 25 44 30 42 31 37 36 20 41 44   ?Zu?Y~%D0B176 AD
56 00 09 4E 3F 5A 75 3F 59 00 6B 44 30 42 31 34   V~~N?Zu?Y~kD0B14
31 20 50 58 58 00 00 10 3F 5A 75 3F 59 00 2A 44   1 PXX~~~?Zu?Y~*D
30 42 31 20 20 20 41 44 56 00 09 4E 3F 5A 75 3F   0B1   ADV~~N?Zu?
59 00 29 44 30 42 31 20 20 20 20 20 20 00 00 3D   Y~)D0B1      ~~=
3F 5A 75 3F 59 00 3F 44 30 42 32 20 20 20 30 36   ?Zu?Y~?D0B2   06
34 00 09 51 2E 5A 75 3F 59 00 39 44 30 42 31 20   4~~Q.Zu?Y~9D0B1 
20 20 48 4D 43 00 00 10 3F 5A 75 3F 59 00 3F 44     HMC~~~?Zu?Y~?D
30 42 31 20 20 20 41 44 56 00 00 0F 12 5A 75 3F   0B1   ADV~~~~Zu?
59 00 26 44 30 42 31 20 20 20 4D 41 20 00 00 46   Y~&D0B1   MA ~~F
20 5A 75 3F 5A 00 22 44 30 45 31 20 20 20 43 4F    Zu?Z~"D0E1   CO
4D 00 00 42 72 5A 75 3F 5A 00 23 44 30 42 32 20   M~~BrZu?Z~#D0B2 
20 20 30 32 31 00 09 4F 3F 5A 75 3F 5A 00 39 44     021~~O?Zu?Z~9D
30 42 31 20 20 20 39 39 39 00 00 10 3F 5A 75 3F   0B1   999~~~?Zu?
5A 00 30 44 30 42 31 20 20 20 41 44 56 00 09 4F   Z~0D0B1   ADV~~O
3F 5A 75 3F 5A 00 28 44 30 42 31 20 20 20 39 39   ?Zu?Z~(D0B1   99
39 00 09 50 3F 5A 75 3F 5A 00 6F 44 30 42 31 20   9~~P?Zu?Z~oD0B1 
20 20 43 42 43 00 09 4F 31 5A 75 3F 5A 00 2D 44     CBC~~O1Zu?Z~-D
30 42 31 20 20 20 39 39 39 00 00 3E 21 5A 75 3F   0B1   999~~>!Zu?
5A 01 3F 44 30 42 31 20 20 20 20 20 20 00 00 0F   Z~?D0B1      ~~~
12 5A 75 3F 5A 00 55 44 30 42 31 20 20 20 41 34   ~Zu?Z~UD0B1   A4
20 00 00 46 20 5A 75 3F 5A 00 3F 44 30 45 31 20    ~~F Zu?Z~?D0E1 
20 20 43 4F 4D 00 00 10 3F 5A 75 3F 5A 00 30 44     COM~~~?Zu?Z~0D
30 42 31 20 20 20 4D 45 44 00 09 51 2A 5A 75 3F   0B1   MED~~Q*Zu?
5A 00 5B 44 30 42 31 20 20 20 4E 56 54 00 00 3E   Z~[D0B1   NVT~~>
21 5A 75 3F 5A 00 33 44 30 42 32 20 20 20 20 20   !Zu?Z~3D0B2     
20 00 00 10 3F 5A 75 3F 5B 00 22 44 30 42 32 20    ~~~?Zu?[~"D0B2 
20 20 4D 45 44 00 09 50 5E 5A 75 3F 5B 00 38 44     MED~~P^Zu?[~8D
30 42 32 20 20 20 43 56 31 00 00 1C 6B 5A 75 3F   0B2   CV1~~~kZu?
5B 00 06 44 30 42 32 20 20 20 20 20 20 00 09 4E   [~~D0B2      ~~N
3F 5A 75 3F 5B 00 2A 44 30 42 31 34 30 20 50 45   ?Zu?[~*D0B140 PE
55 00 00 10 3F 5A 75 3F 5B 00 2C 44 30 42 31 20   U~~~?Zu?[~,D0B1 
20 20 4D 45 44 00 00 4E 3F 5A 75 3F 5B 00 39 44     MED~~N?Zu?[~9D
30 42 31 37 36 20 57 47 20 00 09 4F 31 5A 75 3F   0B176 WG ~~O1Zu?
5B 00 42 44 30 42 31 38 38 20 39 39 39 00 00 10   [~BD0B188 999~~~
3F 5A 75 3F 5B 00 2A 44 30 42 31 20 20 20 41 44   ?Zu?[~*D0B1   AD
56 00 00 08 3F 5A 75 3F 5B 00 56 44 30 42 31 20   V~~~?Zu?[~VD0B1 
20 20 30 30 30 00 09 50 5E 5A 75 3F 5B 00 3F 44     000~~P^Zu?[~?D
30 42 31 20 20 20 43 56 31 00 09 4E 3F 5A 75 3F   0B1   CV1~~N?Zu?
5B 00 2B 44 30 42 31 20 20 20 49 52 58 00 00 10   [~+D0B1   IRX~~~
3F 5A 75 3F 5B 00 17 44 30 42 32 20 20 20 4D 45   ?Zu?[~~D0B2   ME
44 00 00 25 53 5A 75 3F 5B 00 3F 44 30 42 31 20   D~~%SZu?[~?D0B1 
20 20 4D 41 53 00 09 4E 3F 5A 75 3F 5B 00 32 44     MAS~~N?Zu?[~2D
30 42 31 20 20 20 4D 45 44 00 00 10 3F 5A 75 3F   0B1   MED~~~?Zu?
5B 00 12 44 30 42 32 20 20 20 4D 45 44 00 00 10   [~~D0B2   MED~~~
3F 5A 75 3F 5B 00 34 44 30 42 31 20 20 20 41 44   ?Zu?[~4D0B1   AD
56 00 00 45 4A 5A 75 3F 5B 00 3F 44 30 42 31 20   V~~EJZu?[~?D0B1 
20 20 53 53 20 00 00 10 3F 5A 75 3F 5C 00 34 44     SS ~~~?Zu?\~4D
30 42 31 20 20 20 41 44 56 00 09 4E 3F 5A 75 3F   0B1   ADV~~N?Zu?
5C 00 2C 44 30 42 31 20 20 20 49 52 58 00 09 50   \~,D0B1   IRX~~P
3F 5A 75 3F 5C 00 27 44 30 42 31 36 39 20 34 32   ?Zu?\~'D0B169 42
30 00 09 4F 31 5A 75 3F 5C 00 40 44 30 42 31 37   0~~O1Zu?\~@D0B17
39 20 39 39 39 00 00 42 72 5A 75 3F 5C 00 15 44   9 999~~BrZu?\~~D
30 42 32 20 20 20 43 49 4D 00 00 4E 3F 5A 75 3F   0B2   CIM~~N?Zu?
5C 00 3C 44 30 42 31 20 20 20 57 47 20 00 09 4E   \~<D0B1   WG ~~N
3F 5A 75 3F 5C 00 3F 44 30 42 31 20 20 20 43 52   ?Zu?\~?D0B1   CR
4B 00 00 32 21 5A 75 3F 5C 00 3F 44 30 42 31 37   K~~2!Zu?\~?D0B17
30 20 46 4C 42 00 00 10 3F 5A 75 3F 5C 00 1F 44   0 FLB~~~?Zu?\~~D
30 42 31 37 39 20 4D 45 44 00 00 10 3F 5A 75 3F   0B179 MED~~~?Zu?
5C 00 13 44 30 42 32 20 20 20 4D 43 41 00 00 47   \~~D0B2   MCA~~G
38 5A 75 3F 5C 00 2C 44 30 42 31 20 20 20 50 42   8Zu?\~,D0B1   PB
4D 00 00 10 3F 5A 75 3F 5C 00 29 44 30 42 31 20   M~~~?Zu?\~)D0B1 
20 20 4D 45 44 00 09 50 3F 5A 75 3F 5C 00 11 44     MED~~P?Zu?\~~D
30 42 32 20 20 20 30 30 36 00 00 10 3F 5A 75 3F   0B2   006~~~?Zu?
5C 00 1F 44 30 42 31 36 37 20 41 44 56 00 00 10   \~~D0B167 ADV~~~
3F 5A 75 3F 5C 00 39 44 30 42 31 20 20 20 41 44   ?Zu?\~9D0B1   AD
56 00 00 0F 12 5A 75 3F 5C 00 26 44 30 42 31 20   V~~~~Zu?\~&D0B1 
20 20 4D 41 20 00 00 25 53 5A 75 3F 5C 00 3F 44     MA ~~%SZu?\~?D
30 42 31 20 20 20 4D 41 53 00 09 50 3F 5A 75 3F   0B1   MAS~~P?Zu?
5C 00 27 44 30 42 31 37 39 20 4D 45 44 00 00 10   \~'D0B179 MED~~~
3F 5A 75 3F 5D 00 16 44 30 42 32 20 20 20 41 44   ?Zu?]~~D0B2   AD
56 00 00 42 72 5A 75 3F 5D 00 3D 44 30 42 31 20   V~~BrZu?]~=D0B1 
20 20 30 35 31 00 09 4F 31 5A 75 3F 5D 00 3A 44     051~~O1Zu?]~:D
30 42 31 20 20 20 39 39 39 00 09 4F 3F 5A 75 3F   0B1   999~~O?Zu?
5D 00 72 44 30 42 31 37 30 20 4D 43 53 00 00 10   ]~rD0B170 MCS~~~
3F 5A 75 3F 5D 00 38 44 30 42 31 20 20 20 41 44   ?Zu?]~8D0B1   AD
56 00 00 10 3F 5A 75 3F 5D 00 2D 44 30 42 31 20   V~~~?Zu?]~-D0B1 
20 20 41 44 56 00 00 40 73 5A 75 3F 5D 00 5B 44     ADV~~@sZu?]~[D
30 42 31 32 32 20 48 5A 52 00 09 50 3F 5A 75 3F   0B122 HZR~~P?Zu?
5D 00 2A 44 30 42 31 20 20 20 30 30 36 00 00 4E   ]~*D0B1   006~~N
3F 5A 75 3F 5D 00 10 44 30 42 32 20 20 20 57 47   ?Zu?]~~D0B2   WG
20 00 00 46 20 5A 75 3F 5D 00 3A 44 30 45 31 20    ~~F Zu?]~:D0E1 
20 20 43 4F 4D 00 00 46 20 5A 75 3F 5D 00 61 44     COM~~F Zu?]~aD
30 45 31 20 20 20 43 4F 4D 00 09 4F 3F 5A 75 3F   0E1   COM~~O?Zu?
5E 00 33 44 30 42 31 20 20 20 46 45 50 00 00 10   ^~3D0B1   FEP~~~
3F 5A 75 3F 5E 00 35 44 30 42 31 20 20 20 41 44   ?Zu?^~5D0B1   AD
56 00 00 25 53 5A 75 3F 5E 00 3F 44 30 42 31 20   V~~%SZu?^~?D0B1 
20 20 4D 41 53 00 09 50 07 5A 75 3F 5E 00 3F 44     MAS~~P~Zu?^~?D
30 42 31 20 20 20 4D 44 31 00 09 4E 3F 5A 75 3F   0B1   MD1~~N?Zu?
5E 00 31 44 30 42 31 37 36 20 49 52 58 00 00 4C   ^~1D0B176 IRX~~L
3F 5A 75 3F 5E 00 24 44 30 42 32 20 20 20 30 31   ?Zu?^~$D0B2   01
39 00 00 10 3F 5A 75 3F 5E 00 11 44 30 42 32 20   9~~~?Zu?^~~D0B2 
20 20 41 44 56 00 00 10 3F 5A 75 3F 5E 00 3E 44     ADV~~~?Zu?^~>D
30 42 31 37 35 20 41 44 56 00 09 50 3F 5A 75 3F   0B175 ADV~~P?Zu?
5E 00 3F 44 30 42 31 20 20 20 35 35 32 00 09 4E   ^~?D0B1   552~~N
3F 5A 75 3F 5E 00 27 44 30 42 31 20 20 20 50 45   ?Zu?^~'D0B1   PE
55 00 00 10 3F 5A 75 3F 5E 00 16 44 30 42 31 37   U~~~?Zu?^~~D0B17
39 20 41 44 56 00 00 10 3F 5A 75 3F 5E 00 2F 44   9 ADV~~~?Zu?^~/D
30 42 31 20 20 20 4D 43 41 00 09 4F 3F 5A 75 3F   0B1   MCA~~O?Zu?
5E 00 2F 44 30 42 31 37 39 20 46 45 50 00 00 10   ^~/D0B179 FEP~~~
3F 5A 75 3F 5E 00 35 44 30 42 31 20 20 20 4D 45   ?Zu?^~5D0B1   ME
44 00 00 10 3F 5A 75 3F 5E 00 17 44 30 42 32 20   D~~~?Zu?^~~D0B2 
20 20 41 44 56 00 00 10 3F 5A 75 3F 5E 00 1E 44     ADV~~~?Zu?^~~D
30 42 31 37 35 20 4D 45 44 00 00 46 20 5A 75 3F   0B175 MED~~F Zu?
5F 00 3D 44 30 45 31 4E 31 20 43 4F 4D 00 00 2D   _~=D0E1N1 COM~~-
20 5A 75 3F 5F 00 1A 44 30 42 32 20 20 20 42 43    Zu?_~~D0B2   BC
54 00 09 51 2E 5A 75 3F 5F 00 38 44 30 42 31 20   T~~Q.Zu?_~8D0B1 
20 20 48 4D 43 00 00 10 3F 5A 75 3F 5F 00 32 44     HMC~~~?Zu?_~2D
30 42 31 20 20 20 4D 43 41 00 09 50 5E 5A 75 3F   0B1   MCA~~P^Zu?
5F 00 2D 44 30 42 32 20 20 20 43 56 31 00 00 4E   _~-D0B2   CV1~~N
3F 5A 75 3F 5F 00 35 44 30 42 31 37 35 20 49 53   ?Zu?_~5D0B175 IS
20 00 00 10 3F 5A 75 3F 5F 00 32 44 30 42 31 20    ~~~?Zu?_~2D0B1 
20 20 4D 43 41 00 00 46 20 5A 75 3F 5F 00 3B 44     MCA~~F Zu?_~;D
30 45 31 20 20 20 43 4F 4D 00 00 10 3F 5A 75 3F   0E1   COM~~~?Zu?
5F 00 2A 44 30 42 31 20 20 20 41 44 56 00 09 4F   _~*D0B1   ADV~~O
3F 5A 75 3F 5F 00 44 44 30 42 31 20 20 20 46 45   ?Zu?_~DD0B1   FE
50 00 00 4E 3F 5A 75 3F 5F 00 2D 44 30 42 31 20   P~~N?Zu?_~-D0B1 
20 20 43 48 20 00 00 10 3F 5A 75 3F 5F 00 12 44     CH ~~~?Zu?_~~D
30 42 32 20 20 20 41 44 56 00 00 4E 3F 5A 75 3F   0B2   ADV~~N?Zu?
5F 00 27 44 30 42 31 20 20 20 4E 43 20 00 00 1C   _~'D0B1   NC ~~~
6B 5A 75 3F 5F 00 01 44 30 42 32 20 20 20 20 20   kZu?_~~D0B2     
20 00 09 4E 3F 5A 75 3F 5F 00 24 44 30 42 31 20    ~~N?Zu?_~$D0B1 
20 20 50 45 55 00 00 10 3F 5A 75 3F 5F 00 0F 44     PEU~~~?Zu?_~~D
30 42 31 37 30 20 4D 45 44 00 09 50 3F 5A 75 3F   0B170 MED~~P?Zu?
5F 00 27 44 30 42 31 38 31 20 4D 45 44 00 00 22   _~'D0B181 MED~~"
3F 5A 75 3F 5F 00 21 44 30 42 31 20 20 20 43 42   ?Zu?_~!D0B1   CB
38 00 00 10 3F 5A 75 3F 5F 00 28 44 30 42 31 20   8~~~?Zu?_~(D0B1 
20 20 41 44 56 00 09 4F 31 5A 75 3F 5F 00 3E 44     ADV~~O1Zu?_~>D
30 42 31 20 20 20 39 39 39 00 09 4E 3F 5A 75 3F   0B1   999~~N?Zu?
5F 00 16 44 30 42 32 20 20 20 49 52 58 00 00 0E   _~~D0B2   IRX~~~
01 5A 75 3F 5F 00 14 44 30 42 32 20 20 20 41 53   ~Zu?_~~D0B2   AS
50 00 09 4F 3F 5A 75 3F 5F 00 2A 44 30 42 31 38   P~~O?Zu?_~*D0B18
38 20 39 39 39 00 00 12 4A 5A 75 3F 60 00 3F 44   8 999~~~JZu?`~?D
30 42 32 20 20 20 43 4E 20 00 09 4E 3F 5A 75 3F   0B2   CN ~~N?Zu?
60 00 12 44 30 42 31 37 30 20 20 20 20 00 09 4F   `~~D0B170    ~~O
31 5A 75 3F 60 00 31 44 30 42 31 20 20 20 39 39   1Zu?`~1D0B1   99
39 00 09 4E 3F 5A 75 3F 60 00 31 44 30 42 31 20   9~~N?Zu?`~1D0B1 
20 20 50 45 55 00 09 4F 31 5A 75 3F 60 00 31 44     PEU~~O1Zu?`~1D
30 42 31 20 20 20 39 39 39 00 00 10 3F 5A 75 3F   0B1   999~~~?Zu?
60 00 25 44 30 42 31 37 36 20 41 44 56 00 00 40   `~%D0B176 ADV~~@
3F 5A 75 3F 60 00 24 44 30 42 31 37 30 20 20 20   ?Zu?`~$D0B170   
20 00 09 4E 3F 5A 75 3F 60 00 26 44 30 42 31 35    ~~N?Zu?`~&D0B15
32 20 50 45 55 00 00 44 29 5A 75 3F 60 00 59 44   2 PEU~~D)Zu?`~YD
30 42 31 38 38 20 36 37 39 00 00 3C 3F 5A 75 3F   0B188 679~~<?Zu?
60 00 1A 44 30 42 32 20 20 20 30 33 32 00 00 1C   `~~D0B2   032~~~
6B 5A 75 3F 60 00 06 44 30 42 32 20 20 20 20 20   kZu?`~~D0B2     
20 00 00 10 3F 5A 75 3F 60 00 0F 44 30 42 32 20    ~~~?Zu?`~~D0B2 
20 20 4D 43 41 00 00 33 21 5A 75 3F 60 00 20 44     MCA~~3!Zu?`~ D
30 42 31 37 30 20 4D 43 41 00 09 4F 3F 5A 75 3F   0B170 MCA~~O?Zu?
60 00 0C 44 30 42 32 20 20 20 39 39 39 00 09 4F   `~~D0B2   999~~O
31 5A 75 3F 60 00 2D 44 30 42 31 20 20 20 39 39   1Zu?`~-D0B1   99
39 00 09 4E 3F 5A 75 3F 60 00 33 44 30 42 31 20   9~~N?Zu?`~3D0B1 
20 20 20 20 20 00 00 1C 6B 5A 75 3F 60 00 05 44        ~~~kZu?`~~D
30 42 32 20 20 20 20 20 20 00 09 50 3F 5A 75 3F   0B2      ~~P?Zu?
60 00 2B 44 30 42 31 20 20 20 4D 45 44 00 09 4E   `~+D0B1   MED~~N
3F 5A 75 3F 60 00 1B 44 30 42 31 41 44 20 50 45   ?Zu?`~~D0B1AD PE
55 00 00 3E 21 5A 75 3F 60 01 57 44 30 42 31 37   U~~>!Zu?`~WD0B17
30 20 20 20 20 00 09 4F 4F 5A 75 3F 60 00 30 44   0    ~~OOZu?`~0D
30 42 31 20 20 20 30 31 39 00 00 10 3F 5A 75 3F   0B1   019~~~?Zu?
60 00 35 44 30 42 31 20 20 20 4D 45 44 00 09 51   `~5D0B1   MED~~Q
59 5A 75 3F 61 00 39 44 30 42 31 37 30 20 30 33   YZu?a~9D0B170 03
31 00 00 46 20 5A 75 3F 61 00 3C 44 30 45 31 20   1~~F Zu?a~<D0E1 
20 20 43 4F 4D 00 00 10 3F 5A 75 3F 61 00 1C 44     COM~~~?Zu?a~~D
30 42 31 20 20 20 4D 43 41 00 00 10 3F 5A 75 3F   0B1   MCA~~~?Zu?
61 00 2F 44 30 42 31 37 30 20 4D 45 44 00 09 4E   a~/D0B170 MED~~N
3F 5A 75 3F 61 00 1E 44 30 42 31 36 39 20 4D 45   ?Zu?a~~D0B169 ME
44 00 00 10 3F 5A 75 3F 61 00 2A 44 30 42 31 32   D~~~?Zu?a~*D0B12
31 20 4D 45 44 00 00 13 33 5A 75 3F 61 00 2C 44   1 MED~~~3Zu?a~,D
30 42 32 20 20 20 54 51 43 00 00 10 3F 5A 75 3F   0B2   TQC~~~?Zu?
61 00 37 44 30 42 31 20 20 20 41 44 56 00 09 50   a~7D0B1   ADV~~P
3F 5A 75 3F 61 00 39 44 30 42 31 20 20 20 4D 45   ?Zu?a~9D0B1   ME
44 00 09 50 3F 5A 75 3F 61 00 3F 44 30 42 31 20   D~~P?Zu?a~?D0B1 
20 20 35 35 32 00 09 4E 3F 5A 75 3F 61 00 2A 44     552~~N?Zu?a~*D
30 42 31 20 20 20 50 45 55 00 00 48 3F 5A 75 3F   0B1   PEU~~H?Zu?
61 00 25 44 30 42 32 20 20 20 48 45 4C 00 00 10   a~%D0B2   HEL~~~
3F 5A 75 3F 62 00 33 44 30 42 31 20 20 20 41 44   ?Zu?b~3D0B1   AD
56 00 00 10 3F 5A 75 3F 62 00 23 44 30 42 32 20   V~~~?Zu?b~#D0B2 
20 20 4D 45 44 00 09 51 59 5A 75 3F 62 00 3D 44     MED~~QYZu?b~=D
30 42 31 37 30 20 30 33 31 00 00 10 3F 5A 75 3F   0B170 031~~~?Zu?
62 00 3F 44 30 42 31 20 20 20 41 44 56 00 09 4E   b~?D0B1   ADV~~N
3F 5A 75 3F 62 00 12 44 30 42 32 20 20 20 4D 45   ?Zu?b~~D0B2   ME
44 00 00 49 3F 5A 75 3F 62 00 3F 44 30 42 31 20   D~~I?Zu?b~?D0B1 
20 20 33 46 20 00 09 51 59 5A 75 3F 62 00 2F 44     3F ~~QYZu?b~/D
30 42 31 37 30 20 30 33 31 00 09 51 59 5A 75 3F   0B170 031~~QYZu?
62 00 26 44 30 42 31 20 20 20 30 33 31 00 00 10   b~&D0B1   031~~~
3F 5A 75 3F 62 00 2B 44 30 42 31 20 20 20 4D 45   ?Zu?b~+D0B1   ME
44 00 00 10 3F 5A 75 3F 62 00 37 44 30 42 31 38   D~~~?Zu?b~7D0B18
38 20 4D 45 44 00 00 46 20 5A 75 3F 62 00 5A 44   8 MED~~F Zu?b~ZD
30 45 31 4E 31 20 43 4F 4D 00 09 50 3F 5A 75 3F   0E1N1 COM~~P?Zu?
62 00 2A 44 30 42 31 20 20 20 30 30 36 00 00 10   b~*D0B1   006~~~
3F 5A 75 3F 62 00 2D 44 30 42 31 20 20 20 41 44   ?Zu?b~-D0B1   AD
56 00 09 51 1F 5A 75 3F 62 00 2D 44 30 42 31 37   V~~Q~Zu?b~-D0B17
36 20 41 44 56 00 09 4F 3F 5A 75 3F 62 00 0B 44   6 ADV~~O?Zu?b~~D
30 42 32 20 20 20 46 45 50 00 00 0F 12 5A 75 3F   0B2   FEP~~~~Zu?
62 00 40 44 30 42 31 20 20 20 41 34 20 00 09 50   b~@D0B1   A4 ~~P
3F 5A 75 3F 62 00 65 44 30 42 31 39 34 33 42 43   ?Zu?b~eD0B1943BC
52 00 00 46 20 5A 75 3F 62 00 16 44 30 45 31 4E   R~~F Zu?b~~D0E1N
31 20 43 4F 4D 00 00 10 3F 5A 75 3F 62 00 27 44   1 COM~~~?Zu?b~'D
30 42 31 20 20 20 4D 45 44 00 09 4F 3F 5A 75 3F   0B1   MED~~O?Zu?
63 00 3D 44 30 42 31 37 35 20 46 45 50 00 00 4E   c~=D0B175 FEP~~N
3F 5A 75 3F 63 00 51 44 30 42 31 20 20 20 57 47   ?Zu?c~QD0B1   WG
20 00 09 4F 24 5A 75 3F 63 00 3F 44 30 42 31 20    ~~O$Zu?c~?D0B1 
20 20 49 52 58 00 00 10 3F 5A 75 3F 63 00 3D 44     IRX~~~?Zu?c~=D
30 42 31 37 30 20 41 44 56 00 09 4F 31 5A 75 3F   0B170 ADV~~O1Zu?
63 00 2C 44 30 42 31 20 20 20 39 39 39 00 00 46   c~,D0B1   999~~F
20 5A 75 3F 63 00 27 44 30 45 31 20 20 20 43 4F    Zu?c~'D0E1   CO
4D 00 09 4F 74 5A 75 3F 63 00 51 44 30 42 31 20   M~~OtZu?c~QD0B1 
20 20 44 52 57 00 09 50 3F 5A 75 3F 63 00 30 44     DRW~~P?Zu?c~0D
30 42 31 20 20 20 4D 45 44 00 00 0F 12 5A 75 3F   0B1   MED~~~~Zu?
63 00 44 44 30 42 31 20 20 20 41 34 20 00 09 50   c~DD0B1   A4 ~~P
3F 5A 75 3F 63 00 2C 44 30 42 31 20 20 20 4D 45   ?Zu?c~,D0B1   ME
44 00 09 4F 31 5A 75 3F 63 00 4C 44 30 42 31 20   D~~O1Zu?c~LD0B1 
20 20 39 39 39 00 00 4E 3F 5A 75 3F 63 00 1D 44     999~~N?Zu?c~~D
30 42 31 38 38 39 43 48 20 00 00 10 3F 5A 75 3F   0B1889CH ~~~?Zu?
63 00 32 44 30 42 31 20 20 20 4D 45 44 00 00 10   c~2D0B1   MED~~~
3F 5A 75 3F 64 00 3C 44 30 42 31 20 20 20 41 44   ?Zu?d~<D0B1   AD
56 00 00 10 3F 5A 75 3F 64 00 2D 44 30 42 31 37   V~~~?Zu?d~-D0B17
30 20 41 44 56 00 00 10 3F 5A 75 3F 64 00 30 44   0 ADV~~~?Zu?d~0D
30 42 31 20 20 20 41 44 56 00 00 10 3F 5A 75 3F   0B1   ADV~~~?Zu?
64 00 08 44 30 42 32 20 20 20 4D 45 44 00 09 4F   d~~D0B2   MED~~O
31 5A 75 3F 64 00 37 44 30 42 31 20 20 20 39 39   1Zu?d~7D0B1   99
39 00 00 10 3F 5A 75 3F 64 00 2B 44 30 42 31 20   9~~~?Zu?d~+D0B1 
20 20 4D 45 44 00 00 3C 3F 5A 75 3F 64 00 5E 44     MED~~<?Zu?d~^D
30 42 31 20 20 20 30 33 32 00 09 4E 3F 5A 75 3F   0B1   032~~N?Zu?
64 00 35 44 30 42 31 20 20 20 50 45 55 00 00 10   d~5D0B1   PEU~~~
3F 5A 75 3F 64 00 33 44 30 42 31 20 20 20 41 44   ?Zu?d~3D0B1   AD
56 00 09 50 5E 5A 75 3F 64 00 3F 44 30 42 31 20   V~~P^Zu?d~?D0B1 
20 20 43 56 31 00 09 51 59 5A 75 3F 64 00 3B 44     CV1~~QYZu?d~;D
30 42 31 20 20 20 30 33 31 00 09 4F 24 5A 75 3F   0B1   031~~O$Zu?
64 00 3F 44 30 42 31 20 20 20 44 52 4D 00 00 52   d~?D0B1   DRM~~R
3F 5A 75 3F 65 00 3F 44 30 42 31 20 20 20 44 49   ?Zu?e~?D0B1   DI
53 00 09 4F 31 5A 75 3F 65 00 40 44 30 42 31 20   S~~O1Zu?e~@D0B1 
20 20 39 39 39 00 00 10 3F 5A 75 3F 65 00 27 44     999~~~?Zu?e~'D
30 42 31 20 20 20 4D 45 44 00 00 4E 3F 5A 75 3F   0B1   MED~~N?Zu?
65 00 3F 44 30 42 31 20 20 20 49 53 20 00 00 10   e~?D0B1   IS ~~~
3F 5A 75 3F 65 00 31 44 30 42 31 20 20 20 4D 45   ?Zu?e~1D0B1   ME
44 00 00 10 3F 5A 75 3F 65 00 36 44 30 42 31 20   D~~~?Zu?e~6D0B1 
20 20 41 44 56 00 00 46 20 5A 75 3F 65 00 3B 44     ADV~~F Zu?e~;D
30 45 31 4E 31 20 43 4F 4D 00 09 4E 3F 5A 75 3F   0E1N1 COM~~N?Zu?
65 00 1A 44 30 42 31 35 32 20 49 52 58 00 00 46   e~~D0B152 IRX~~F
20 5A 75 3F 65 00 42 44 30 45 31 20 20 20 43 4F    Zu?e~BD0E1   CO
4D 00 09 4F 31 5A 75 3F 65 00 29 44 30 42 31 20   M~~O1Zu?e~)D0B1 
20 20 39 39 39 00 00 3D 3F 5A 75 3F 65 00 27 44     999~~=?Zu?e~'D
30 42 32 20 20 20 30 36 34 00 00 0F 12 5A 75 3F   0B2   064~~~~Zu?
65 00 2E 44 30 42 31 20 20 20 4D 41 20 00 00 4A   e~.D0B1   MA ~~J
3F 5A 75 3F 65 00 25 44 30 42 31 20 20 20 43 4E   ?Zu?e~%D0B1   CN
52 00 09 50 3F 5A 75 3F 65 00 36 44 30 42 31 37   R~~P?Zu?e~6D0B17
36 20 30 30 36 00 09 4F 24 5A 75 3F 66 00 5E 44   6 006~~O$Zu?f~^D
30 42 31 20 20 20 50 52 4F 00 09 50 3F 5A 75 3F   0B1   PRO~~P?Zu?
66 00 30 44 30 42 31 20 20 20 4D 45 44 00 09 4E   f~0D0B1   MED~~N
3F 5A 75 3F 66 00 1E 44 30 42 32 20 20 20 49 52   ?Zu?f~~D0B2   IR
58 00 00 10 3F 5A 75 3F 66 00 1D 44 30 42 31 20   X~~~?Zu?f~~D0B1 
20 20 4D 43 41 00 00 10 3F 5A 75 3F 66 00 28 44     MCA~~~?Zu?f~(D
30 42 31 20 20 20 41 44 56 00 09 50 3F 5A 75 3F   0B1   ADV~~P?Zu?
66 00 66 44 30 42 31 20 20 20 43 42 43 00 00 4E   f~fD0B1   CBC~~N
3F 5A 75 3F 66 00 38 44 30 42 31 20 20 20 57 47   ?Zu?f~8D0B1   WG
20 00 00 10 3F 5A 75 3F 66 00 19 44 30 42 32 20    ~~~?Zu?f~~D0B2 
20 20 41 44 56 00 00 4E 3F 5A 75 3F 66 00 2D 44     ADV~~N?Zu?f~-D
30 42 31 20 20 20 43 48 20 00 00 10 3F 5A 75 3F   0B1   CH ~~~?Zu?
66 00 2D 44 30 42 31 20 20 20 41 44 56 00 00 10   f~-D0B1   ADV~~~
3F 5A 75 3F 66 00 2E 44 30 42 31 20 20 20 41 44   ?Zu?f~.D0B1   AD
56 00 00 4C 3F 5A 75 3F 66 00 23 44 30 42 32 20   V~~L?Zu?f~#D0B2 
20 20 30 36 32 00 00 10 3F 5A 75 3F 66 00 1E 44     062~~~?Zu?f~~D
30 42 32 20 20 20 4D 45 44 00 00 3D 3F 5A 75 3F   0B2   MED~~=?Zu?
66 00 3A 44 30 42 31 37 30 20 30 36 30 00 00 3D   f~:D0B170 060~~=
3F 5A 75 3F 66 00 31 44 30 42 31 20 20 20 30 36   ?Zu?f~1D0B1   06
34 00 06 1A 3F 5A 75 3F 67 00 1C 44 30 42 31 35   4~~~?Zu?g~~D0B15
30 20 30 30 32 00 09 4E 3F 5A 75 3F 67 00 29 44   0 002~~N?Zu?g~)D
30 42 31 20 20 20 50 45 55 00 00 46 20 5A 75 3F   0B1   PEU~~F Zu?
67 00 4D 44 30 45 31 20 20 20 43 4F 4D 00 09 51   g~MD0E1   COM~~Q
1F 5A 75 3F 67 00 1F 44 30 42 31 37 39 20 41 44   ~Zu?g~~D0B179 AD
56 00 00 10 3F 5A 75 3F 67 00 30 44 30 42 31 37   V~~~?Zu?g~0D0B17
30 20 4D 45 44 00 00 12 4A 5A 75 3F 67 00 0F 44   0 MED~~~JZu?g~~D
30 42 31 32 32 20 43 4E 20 00 00 4E 3F 5A 75 3F   0B122 CN ~~N?Zu?
67 00 18 44 30 42 31 30 34 20 46 4D 20 00 00 10   g~~D0B104 FM ~~~
3F 5A 75 3F 67 00 11 44 30 42 32 20 20 20 41 44   ?Zu?g~~D0B2   AD
56 00 00 10 3F 5A 75 3F 67 00 31 44 30 42 31 20   V~~~?Zu?g~1D0B1 
20 20 41 44 56 00 09 4F 3F 5A 75 3F 67 00 45 44     ADV~~O?Zu?g~ED
30 42 31 20 20 20 39 39 39 00 00 10 3F 5A 75 3F   0B1   999~~~?Zu?
67 00 2C 44 30 42 31 20 20 20 41 44 56 00 00 5F   g~,D0B1   ADV~~_
30 5A 75 3F 67 00 72 44 30 42 32 20 20 20 33 32   0Zu?g~rD0B2   32
30 00 09 50 3F 5A 75 3F 67 00 35 44 30 42 31 20   0~~P?Zu?g~5D0B1 
20 20 4D 45 44 00 00 12 4A 5A 75 3F 67 00 7E 44     MED~~~JZu?g~~D
30 42 31 36 38 20 43 4E 20 00 00 10 3F 5A 75 3F   0B168 CN ~~~?Zu?
67 00 2D 44 30 42 31 20 20 20 41 44 56 00 09 51   g~-D0B1   ADV~~Q
2E 5A 75 3F 67 00 30 44 30 42 32 20 20 20 48 4D   .Zu?g~0D0B2   HM
43 00 00 10 3F 5A 75 3F 67 00 23 44 30 42 31 37   C~~~?Zu?g~#D0B17
30 20 41 44 56 00 09 4E 3F 5A 75 3F 67 00 2D 44   0 ADV~~N?Zu?g~-D
30 42 31 20 20 20 50 45 55 00 09 50 4A 5A 75 3F   0B1   PEU~~PJZu?
68 00 3F 44 30 42 31 20 20 20 53 43 31 00 09 4E   h~?D0B1   SC1~~N
3F 5A 75 3F 68 00 0D 44 30 42 32 20 20 20 49 52   ?Zu?h~~D0B2   IR
58 00 00 10 3F 5A 75 3F 68 00 22 44 30 42 31 20   X~~~?Zu?h~"D0B1 
20 20 37 37 39 00 09 4E 3F 5A 75 3F 68 00 12 44     779~~N?Zu?h~~D
30 42 32 20 20 20 49 52 58 00 09 50 3F 5A 75 3F   0B2   IRX~~P?Zu?
68 00 44 44 30 42 31 20 20 20 30 30 36 00 00 10   h~DD0B1   006~~~
3F 5A 75 3F 68 00 0A 44 30 42 32 20 20 20 41 44   ?Zu?h~~D0B2   AD
56 00 00 4E 3F 5A 75 3F 68 00 18 44 30 42 32 20   V~~N?Zu?h~~D0B2 
20 20 57 47 20 00 00 3C 3F 5A 75 3F 68 00 18 44     WG ~~<?Zu?h~~D
30 42 32 20 20 20 30 33 32 00 00 46 20 5A 75 3F   0B2   032~~F Zu?
68 00 28 44 30 45 31 20 20 20 43 4F 4D 00 00 10   h~(D0E1   COM~~~
3F 5A 75 3F 68 00 64 44 30 42 31 20 20 20 41 44   ?Zu?h~dD0B1   AD
56 00 00 10 3F 5A 75 3F 68 00 3B 44 30 42 31 20   V~~~?Zu?h~;D0B1 
20 20 41 44 56 00 00 46 20 5A 75 3F 68 00 3D 44     ADV~~F Zu?h~=D
30 45 31 20 20 20 43 4F 4D 00 09 51 2E 5A 75 3F   0E1   COM~~Q.Zu?
68 00 3A 44 30 42 31 20 20 20 48 4D 43 00 00 10   h~:D0B1   HMC~~~
3F 5A 75 3F 68 00 4A 44 30 42 31 37 39 20 41 44   ?Zu?h~JD0B179 AD
56 00 00 4E 3F 5A 75 3F 68 00 2F 44 30 42 31 20   V~~N?Zu?h~/D0B1 
20 20 49 53 20 00 00 3C 3F 5A 75 3F 68 00 23 44     IS ~~<?Zu?h~#D
30 42 31 20 20 20 30 33 32 00 00 10 3F 5A 75 3F   0B1   032~~~?Zu?
69 00 30 44 30 42 31 37 39 20 4D 45 44 00 09 4F   i~0D0B179 MED~~O
3F 5A 75 3F 69 00 26 44 30 42 31 20 20 20 46 45   ?Zu?i~&D0B1   FE
50 00 00 10 3F 5A 75 3F 69 00 17 44 30 42 32 20   P~~~?Zu?i~~D0B2 
20 20 41 44 56 00 00 25 53 5A 75 3F 69 00 3F 44     ADV~~%SZu?i~?D
30 42 31 20 20 20 4D 41 53 00 00 10 3F 5A 75 3F   0B1   MAS~~~?Zu?
69 00 25 44 30 42 31 38 35 20 4D 45 44 00 09 29   i~%D0B185 MED~~)
6C 5A 75 3F 69 00 0E 44 30 42 32 20 20 20 30 35   lZu?i~~D0B2   05
31 00 09 4F 24 5A 75 3F 69 00 58 44 30 42 31 20   1~~O$Zu?i~XD0B1 
20 20 50 52 4F 00 00 46 20 5A 75 3F 69 00 40 44     PRO~~F Zu?i~@D
30 45 31 20 20 20 43 4F 4D 00 00 10 3F 5A 75 3F   0E1   COM~~~?Zu?
69 00 31 44 30 42 31 20 20 20 41 44 56 00 09 29   i~1D0B1   ADV~~)
6A 5A 75 3F 69 00 3F 44 30 42 31 30 37 20 35 34   jZu?i~?D0B107 54
20 00 00 46 20 5A 75 3F 69 00 29 44 30 45 31 20    ~~F Zu?i~)D0E1 
20 20 43 4F 4D 00 00 4B 3F 5A 75 3F 69 00 10 44     COM~~K?Zu?i~~D
30 42 32 20 20 20 37 32 38 00 00 10 3F 5A 75 3F   0B2   728~~~?Zu?
69 00 31 44 30 42 31 20 20 20 41 44 56 00 00 4E   i~1D0B1   ADV~~N
3F 5A 75 3F 69 00 15 44 30 42 32 20 20 20 49 52   ?Zu?i~~D0B2   IR
58 00 09 50 3F 5A 75 3F 6A 00 31 44 30 42 31 20   X~~P?Zu?j~1D0B1 
20 20 4D 45 44 00 00 10 3F 5A 75 3F 6A 00 33 44     MED~~~?Zu?j~3D
30 42 31 20 20 20 41 44 56 00 00 54 3F 5A 75 3F   0B1   ADV~~T?Zu?
6A 00 23 44 30 42 31 37 36 20 20 20 20 00 09 50   j~#D0B176    ~~P
3F 5A 75 3F 6A 00 54 44 30 42 31 20 20 20 30 30   ?Zu?j~TD0B1   00
36 00 09 50 3F 5A 75 3F 6A 00 3F 44 30 42 31 20   6~~P?Zu?j~?D0B1 
20 20 35 35 32 00 00 10 3F 5A 75 3F 6A 00 07 44     552~~~?Zu?j~~D
30 42 32 20 20 20 41 44 56 00 09 4F 3F 5A 75 3F   0B2   ADV~~O?Zu?
6A 00 39 44 30 42 31 20 20 20 39 39 39 00 00 46   j~9D0B1   999~~F
20 5A 75 3F 6A 00 3C 44 30 45 31 20 20 20 43 4F    Zu?j~<D0E1   CO
4D 00 00 46 20 5A 75 3F 6A 00 22 44 30 45 31 4E   M~~F Zu?j~"D0E1N
31 20 43 4F 4D 00 00 17 3B 5A 75 3F 6A 00 1D 44   1 COM~~~;Zu?j~~D
30 42 31 20 20 20 43 4C 41 00 00 46 20 5A 75 3F   0B1   CLA~~F Zu?
6A 00 22 44 30 45 31 20 20 20 43 4F 4D 00 00 4E   j~"D0E1   COM~~N
3F 5A 75 3F 6A 00 30 44 30 42 31 20 20 20 57 50   ?Zu?j~0D0B1   WP
20 00 09 4E 3F 5A 75 3F 6A 00 2B 44 30 42 31 20    ~~N?Zu?j~+D0B1 
20 20 50 45 55 00 00 33 21 5A 75 3F 6A 00 0A 44     PEU~~3!Zu?j~~D
30 42 31 30 39 20 53 52 58 00 00 48 3F 5A 75 3F   0B109 SRX~~H?Zu?
6A 00 35 44 30 42 31 20 20 20 53 43 52 00 09 51   j~5D0B1   SCR~~Q
3F 5A 75 3F 6B 00 3F 44 30 42 31 20 20 20 57 45   ?Zu?k~?D0B1   WE
42 00 09 4F 3F 5A 75 3F 6B 00 26 44 30 42 31 34   B~~O?Zu?k~&D0B14
31 20 46 45 50 00 09 50 3F 5A 75 3F 6B 00 11 44   1 FEP~~P?Zu?k~~D
30 42 31 20 20 20 4C 4F 59 00 09 4F 3F 5A 75 3F   0B1   LOY~~O?Zu?
6B 00 2D 44 30 42 31 37 36 20 46 45 50 00 09 4F   k~-D0B176 FEP~~O
31 5A 75 3F 6B 00 41 44 30 42 31 37 30 20 39 39   1Zu?k~AD0B170 99
39 00 00 25 53 5A 75 3F 6B 00 3F 44 30 42 31 20   9~~%SZu?k~?D0B1 
20 20 4D 41 53 00 00 48 6B 5A 75 3F 6B 00 78 44     MAS~~HkZu?k~xD
30 42 32 20 20 20 30 31 38 00 00 10 3F 5A 75 3F   0B2   018~~~?Zu?
6B 00 26 44 30 42 31 20 20 20 41 44 56 00 00 46   k~&D0B1   ADV~~F
20 5A 75 3F 6B 00 5A 44 30 45 31 20 20 20 43 4F    Zu?k~ZD0E1   CO
4D 00 09 4E 3F 5A 75 3F 6B 00 38 44 30 42 31 20   M~~N?Zu?k~8D0B1 
20 20 50 45 55 00 00 10 3F 5A 75 3F 6B 00 2B 44     PEU~~~?Zu?k~+D
30 42 31 20 20 20 4D 45 44 00 00 17 7C 5A 75 3F   0B1   MED~~~|Zu?
6B 00 2D 44 30 42 31 20 20 20 20 20 20 00 00 10   k~-D0B1      ~~~
3F 5A 75 3F 6B 00 2F 44 30 42 31 20 20 20 4D 45   ?Zu?k~/D0B1   ME
44 00 00 3E 21 5A 75 3F 6B 01 2A 44 30 42 31 20   D~~>!Zu?k~*D0B1 
20 20 20 20 20 00 00 46 20 5A 75 3F 6C 00 26 44        ~~F Zu?l~&D
30 45 31 4E 31 20 43 4F 4D 00 00 10 3F 5A 75 3F   0E1N1 COM~~~?Zu?
6C 00 44 44 30 42 31 20 20 20 4D 45 44 00 00 40   l~DD0B1   MED~~@
73 5A 75 3F 6C 00 54 44 30 42 31 20 20 20 48 5A   sZu?l~TD0B1   HZ
52 00 09 51 2A 5A 75 3F 6C 00 27 44 30 42 32 20   R~~Q*Zu?l~'D0B2 
20 20 4E 56 54 00 00 40 73 5A 75 3F 6C 00 43 44     NVT~~@sZu?l~CD
30 42 31 20 20 20 48 5A 52 00 09 51 2E 5A 75 3F   0B1   HZR~~Q.Zu?
6C 00 38 44 30 42 31 20 20 20 48 4D 43 00 00 10   l~8D0B1   HMC~~~
3F 5A 75 3F 6C 00 28 44 30 42 31 20 20 20 41 44   ?Zu?l~(D0B1   AD
56 00 09 50 3F 5A 75 3F 6C 00 3F 44 30 42 32 20   V~~P?Zu?l~?D0B2 
20 20 35 35 32 00 09 2C 3F 5A 75 3F 6C 00 3F 44     552~~,?Zu?l~?D
30 42 31 20 20 20 4F 48 43 00 09 50 3F 5A 75 3F   0B1   OHC~~P?Zu?
6C 00 13 44 30 42 32 20 20 20 30 30 36 00 00 10   l~~D0B2   006~~~
3F 5A 75 3F 6C 00 3C 44 30 42 31 37 35 20 41 44   ?Zu?l~<D0B175 AD
56 00 00 08 3F 5A 75 3F 6C 00 1A 44 30 42 32 20   V~~~?Zu?l~~D0B2 
20 20 30 30 30 00 00 54 3F 5A 75 3F 6C 00 20 44     000~~T?Zu?l~ D
30 42 31 20 20 20 20 20 20 00 09 4F 3F 5A 75 3F   0B1      ~~O?Zu?
6C 00 0D 44 30 42 32 20 20 20 39 39 39 00 09 4E   l~~D0B2   999~~N
3F 5A 75 3F 6D 00 28 44 30 42 31 36 39 20 50 45   ?Zu?m~(D0B169 PE
55 00 00 10 3F 5A 75 3F 6D 00 3D 44 30 42 31 20   U~~~?Zu?m~=D0B1 
20 20 41 44 56 00 09 50 3F 5A 75 3F 6D 00 2D 44     ADV~~P?Zu?m~-D
30 42 31 20 20 20 4D 45 44 00 09 4E 3F 5A 75 3F   0B1   MED~~N?Zu?
6D 00 25 44 30 42 31 20 20 20 50 45 55 00 00 3E   m~%D0B1   PEU~~>
21 5A 75 3F 6D 01 18 44 30 42 31 20 20 20 20 20   !Zu?m~~D0B1     
20 00 09 51 2A 5A 75 3F 6D 00 31 44 30 42 32 20    ~~Q*Zu?m~1D0B2 
20 20 4E 56 54 00 09 4F 3F 5A 75 3F 6D 00 2C 44     NVT~~O?Zu?m~,D
30 42 31 20 20 20 46 45 50 00 09 4F 31 5A 75 3F   0B1   FEP~~O1Zu?
6D 00 38 44 30 42 31 20 20 20 39 39 39 00 00 10   m~8D0B1   999~~~
3F 5A 75 3F 6D 00 0F 44 30 42 32 20 20 20 4D 43   ?Zu?m~~D0B2   MC
41 00 00 10 3F 5A 75 3F 6D 00 1B 44 30 42 31 36   A~~~?Zu?m~~D0B16
39 20 41 44 56 00 00 10 3F 5A 75 3F 6D 00 30 44   9 ADV~~~?Zu?m~0D
30 42 31 20 20 20 41 44 56 00 00 06 11 5A 75 3F   0B1   ADV~~~~Zu?
6D 00 2C 44 30 42 31 20 20 20 47 41 4D 00 00 10   m~,D0B1   GAM~~~
3F 5A 75 3F 6D 00 14 44 30 42 32 20 20 20 4D 45   ?Zu?m~~D0B2   ME
44 00 00 10 3F 5A 75 3F 6D 00 2D 44 30 42 31 20   D~~~?Zu?m~-D0B1 
20 20 4D 43 41 00 00 10 3F 5A 75 3F 6D 00 2C 44     MCA~~~?Zu?m~,D
30 42 31 20 20 20 4D 45 44 00 00 46 20 5A 75 3F   0B1   MED~~F Zu?
6D 00 3C 44 30 45 31 20 20 20 43 4F 4D 00 09 4E   m~<D0E1   COM~~N
3F 5A 75 3F 6D 00 49 44 30 42 31 20 20 20 49 52   ?Zu?m~ID0B1   IR
58 00 09 4F 31 5A 75 3F 6E 00 45 44 30 42 31 20   X~~O1Zu?n~ED0B1 
20 20 39 39 39 00 09 4F 31 5A 75 3F 6E 00 3F 44     999~~O1Zu?n~?D
30 42 31 37 30 20 39 39 39 00 00 46 20 5A 75 3F   0B170 999~~F Zu?
6E 00 2F 44 30 45 31 20 20 20 43 4F 4D 00 00 4E   n~/D0E1   COM~~N
3F 5A 75 3F 6E 00 35 44 30 42 31 20 20 20 49 52   ?Zu?n~5D0B1   IR
58 00 09 50 3F 5A 75 3F 6E 00 24 44 30 42 31 20   X~~P?Zu?n~$D0B1 
20 20 30 30 36 00 00 10 3F 5A 75 3F 6E 00 2C 44     006~~~?Zu?n~,D
30 42 31 20 20 20 41 44 56 00 00 10 3F 5A 75 3F   0B1   ADV~~~?Zu?
6E 00 2E 44 30 42 31 20 20 20 4D 45 44 00 09 4E   n~.D0B1   MED~~N
3F 5A 75 3F 6E 00 2D 44 30 42 31 20 20 20 50 45   ?Zu?n~-D0B1   PE
55 00 00 10 3F 5A 75 3F 6E 04 04 44 30 42 31 20   U~~~?Zu?n~~D0B1 
20 20 41 44 56 00 09 50 3F 5A 75 3F 6E 00 3E 44     ADV~~P?Zu?n~>D
30 42 31 20 20 20 30 30 36 00 00 46 20 5A 75 3F   0B1   006~~F Zu?
6E 00 22 44 30 45 31 4E 31 20 43 4F 4D 00 09 3F   n~"D0E1N1 COM~~?
45 5A 75 3F 6E 01 3F 44 30 42 31 20 20 20 43 52   EZu?n~?D0B1   CR
58 00 00 30 18 5A 75 3F 6E 00 3F 44 30 42 31 20   X~~0~Zu?n~?D0B1 
20 20 50 41 52 00 00 4D 3F 5A 75 3F 6E 02 78 44     PAR~~M?Zu?n~xD
30 42 32 20 20 20 48 48 31 00 00 4E 3F 5A 75 3F   0B2   HH1~~N?Zu?
6E 00 3F 44 30 42 31 20 20 20 57 47 20 00 00 0F   n~?D0B1   WG ~~~
12 5A 75 3F 6E 00 2A 44 30 42 31 20 20 20 41 34   ~Zu?n~*D0B1   A4
20 00 00 12 3F 5A 75 3F 6F 00 30 44 30 42 31 20    ~~~?Zu?o~0D0B1 
20 20 59 4B 59 00 00 42 72 5A 75 3F 6F 00 26 44     YKY~~BrZu?o~&D
30 42 31 20 20 20 30 35 31 00 00 17 3F 5A 75 3F   0B1   051~~~?Zu?
6F 00 3F 44 30 42 31 20 20 20 4D 53 43 00 00 08   o~?D0B1   MSC~~~
3F 5A 75 3F 6F 00 58 44 30 42 31 20 20 20 30 30   ?Zu?o~XD0B1   00
30 00 00 10 3F 5A 75 3F 6F 00 2F 44 30 42 31 20   0~~~?Zu?o~/D0B1 
20 20 41 44 56 00 00 10 3F 5A 75 3F 6F 00 09 44     ADV~~~?Zu?o~~D
30 42 32 20 20 20 4D 43 41 00 09 4E 3F 5A 75 3F   0B2   MCA~~N?Zu?
6F 00 2E 44 30 42 31 20 20 20 49 52 58 00 09 4E   o~.D0B1   IRX~~N
3F 5A 75 3F 6F 00 22 44 30 42 31 20 20 20 50 45   ?Zu?o~"D0B1   PE
55 00 09 50 3F 5A 75 3F 6F 00 2C 44 30 42 31 20   U~~P?Zu?o~,D0B1 
20 20 4D 45 44 00 00 4E 3F 5A 75 3F 6F 00 3B 44     MED~~N?Zu?o~;D
30 42 31 20 20 20 57 47 20 00 00 10 3F 5A 75 3F   0B1   WG ~~~?Zu?
6F 00 30 44 30 42 31 37 35 20 4D 43 41 00 00 10   o~0D0B175 MCA~~~
3F 5A 75 3F 6F 00 11 44 30 42 32 20 20 20 4D 45   ?Zu?o~~D0B2   ME
44 00 00 10 3F 5A 75 3F 6F 00 12 44 30 42 31 45   D~~~?Zu?o~~D0B1E
37 20 4D 45 44 00 00 4A 3F 5A 75 3F 6F 00 29 44   7 MED~~J?Zu?o~)D
30 42 31 35 32 20 30 37 35 00 09 50 3F 5A 75 3F   0B152 075~~P?Zu?
6F 00 31 44 30 42 31 38 38 20 4D 45 44 00 00 33   o~1D0B188 MED~~3
21 5A 75 3F 6F 00 30 44 30 42 31 37 39 20 43 4F   !Zu?o~0D0B179 CO
4D 00 00 33 21 5A 75 3F 6F 00 21 44 30 42 31 20   M~~3!Zu?o~!D0B1 
20 20 43 4F 4D 00 00 10 3F 5A 75 3F 6F 00 31 44     COM~~~?Zu?o~1D
30 42 31 20 20 20 41 44 56 00 00 52 58 5A 75 3F   0B1   ADV~~RXZu?
70 00 5A 44 30 42 31 20 20 20 53 41 56 00 00 10   p~ZD0B1   SAV~~~
3F 5A 75 3F 70 00 28 44 30 42 31 20 20 20 4D 43   ?Zu?p~(D0B1   MC
41 00 00 10 3F 5A 75 3F 70 00 2C 44 30 42 31 37   A~~~?Zu?p~,D0B17
39 20 41 44 56 00 09 51 2A 5A 75 3F 70 00 34 44   9 ADV~~Q*Zu?p~4D
30 42 31 4E 4E 20 4E 56 54 00 00 10 3F 5A 75 3F   0B1NN NVT~~~?Zu?
70 00 35 44 30 42 31 20 20 20 41 44 56 00 00 3D   p~5D0B1   ADV~~=
3F 5A 75 3F 70 00 4D 44 30 42 31 20 20 20 30 33   ?Zu?p~MD0B1   03
38 00 09 4F 74 5A 75 3F 70 00 5C 44 30 42 31 20   8~~OtZu?p~\D0B1 
20 20 44 52 57 00 00 46 20 5A 75 3F 70 00 25 44     DRW~~F Zu?p~%D
30 45 31 20 20 20 43 4F 4D 00 00 4E 3F 5A 75 3F   0E1   COM~~N?Zu?
70 00 36 44 30 42 31 20 20 20 49 53 20 00 00 10   p~6D0B1   IS ~~~
3F 5A 75 3F 70 00 12 44 30 42 32 20 20 20 41 44   ?Zu?p~~D0B2   AD
56 00 09 29 6A 5A 75 3F 70 01 1E 44 30 42 32 20   V~~)jZu?p~~D0B2 
20 20 35 34 20 00 09 4E 3F 5A 75 3F 70 00 2D 44     54 ~~N?Zu?p~-D
30 42 31 20 20 20 49 52 58 00 00 46 20 5A 75 3F   0B1   IRX~~F Zu?
70 00 1F 44 30 45 31 20 20 20 43 4F 4D 00 00 46   p~~D0E1   COM~~F
20 5A 75 3F 70 00 1F 44 30 45 31 4E 31 20 43 4F    Zu?p~~D0E1N1 CO
4D 00 00 10 3F 5A 75 3F 70 00 2E 44 30 42 31 20   M~~~?Zu?p~.D0B1 
20 20 4D 45 44 00 09 4F 31 5A 75 3F 70 00 2C 44     MED~~O1Zu?p~,D
30 42 31 20 20 20 39 39 39 00 00 1C 6B 5A 75 3F   0B1   999~~~kZu?
70 00 05 44 30 42 32 20 20 20 20 20 20 00 00 10   p~~D0B2      ~~~
3F 5A 75 3F 71 00 30 44 30 42 31 20 20 20 4D 45   ?Zu?q~0D0B1   ME
44 00 09 52 24 5A 75 3F 71 00 62 44 30 42 31 20   D~~R$Zu?q~bD0B1 
20 20 43 48 4D 00 09 51 72 5A 75 3F 71 00 40 44     CHM~~QrZu?q~@D
30 42 31 20 20 20 41 42 41 00 00 3A 31 5A 75 3F   0B1   ABA~~:1Zu?
71 00 1D 44 30 42 32 20 20 20 4D 42 47 00 09 4E   q~~D0B2   MBG~~N
3F 5A 75 3F 71 00 61 44 30 42 31 20 20 20 50 58   ?Zu?q~aD0B1   PX
58 00 09 4E 3F 5A 75 3F 71 00 2A 44 30 42 32 20   X~~N?Zu?q~*D0B2 
20 20 43 54 52 00 00 3C 3F 5A 75 3F 71 00 53 44     CTR~~<?Zu?q~SD
30 42 31 20 20 20 30 33 32 00 00 46 20 5A 75 3F   0B1   032~~F Zu?
71 00 3A 44 30 45 31 20 20 20 43 4F 4D 00 09 4F   q~:D0E1   COM~~O
3F 5A 75 3F 71 00 4A 44 30 42 32 20 20 20 39 39   ?Zu?q~JD0B2   99
39 00 00 10 3F 5A 75 3F 71 00 2E 44 30 42 31 20   9~~~?Zu?q~.D0B1 
20 20 4D 45 44 00 00 10 3F 5A 75 3F 71 00 28 44     MED~~~?Zu?q~(D
30 42 31 20 20 20 41 44 56 00 00 45 18 5A 75 3F   0B1   ADV~~E~Zu?
71 00 50 44 30 42 31 20 20 20 39 37 34 00 09 4E   q~PD0B1   974~~N
3F 5A 75 3F 71 00 3B 44 30 42 31 20 20 20 49 52   ?Zu?q~;D0B1   IR
58 00 00 3C 3F 5A 75 3F 71 00 31 44 30 42 31 20   X~~<?Zu?q~1D0B1 
20 20 30 33 32 00 00 10 3F 5A 75 3F 71 00 19 44     032~~~?Zu?q~~D
30 42 32 20 20 20 41 44 56 00 00 4E 3F 5A 75 3F   0B2   ADV~~N?Zu?
72 00 28 44 30 42 31 20 20 20 46 4D 20 00 09 4F   r~(D0B1   FM ~~O
4F 5A 75 3F 72 00 4B 44 30 42 31 37 36 20 30 31   OZu?r~KD0B176 01
39 00 09 4E 3F 5A 75 3F 72 00 44 44 30 42 31 20   9~~N?Zu?r~DD0B1 
20 20 50 58 58 00 00 10 3F 5A 75 3F 72 00 2E 44     PXX~~~?Zu?r~.D
30 42 31 20 20 20 41 44 56 00 00 10 3F 5A 75 3F   0B1   ADV~~~?Zu?
72 00 28 44 30 42 31 20 20 20 41 44 56 00 00 3C   r~(D0B1   ADV~~<
3F 5A 75 3F 72 00 55 44 30 42 31 20 20 20 30 33   ?Zu?r~UD0B1   03
32 00 00 10 3F 5A 75 3F 72 00 2D 44 30 42 31 20   2~~~?Zu?r~-D0B1 
20 20 41 44 56 00 00 1C 6B 5A 75 3F 72 00 06 44     ADV~~~kZu?r~~D
30 42 32 20 20 20 20 20 20 00 00 1C 6B 5A 75 3F   0B2      ~~~kZu?
72 00 01 44 30 42 31 20 20 20 20 20 20 00 00 3C   r~~D0B1      ~~<
3F 5A 75 3F 72 00 2B 44 30 42 31 20 20 20 30 33   ?Zu?r~+D0B1   03
32 00 09 4E 3F 5A 75 3F 72 00 22 44 30 42 31 37   2~~N?Zu?r~"D0B17
30 20 20 20 20 00 00 15 01 5A 75 3F 72 00 3F 44   0    ~~~~Zu?r~?D
30 42 31 37 58 20 31 30 30 00 00 1C 6B 5A 75 3F   0B17X 100~~~kZu?
72 00 06 44 30 42 31 20 20 20 20 20 20 00 00 10   r~~D0B1      ~~~
3F 5A 75 3F 72 00 24 44 30 42 31 20 20 20 41 44   ?Zu?r~$D0B1   AD
56 00 00 10 3F 5A 75 3F 72 00 25 44 30 42 31 20   V~~~?Zu?r~%D0B1 
20 20 41 44 56 00 00 10 3F 5A 75 3F 72 00 13 44     ADV~~~?Zu?r~~D
30 42 31 37 35 20 41 44 56 00 09 4E 3F 5A 75 3F   0B175 ADV~~N?Zu?
72 00 2A 44 30 42 31 20 20 20 50 45 55 00 09 50   r~*D0B1   PEU~~P
3F 5A 75 3F 72 00 1C 44 30 42 31 20 20 20 4C 4F   ?Zu?r~~D0B1   LO
59 00 09 4F 3F 5A 75 3F 72 00 4C 44 30 42 31 20   Y~~O?Zu?r~LD0B1 
20 20 46 45 50 00 00 10 3F 5A 75 3F 72 00 13 44     FEP~~~?Zu?r~~D
30 42 32 20 20 20 4D 43 41 00 09 50 3F 5A 75 3F   0B2   MCA~~P?Zu?
72 00 7A 44 30 42 31 20 20 20 35 35 32 00 00 3C   r~zD0B1   552~~<
3F 5A 75 3F 72 00 4B 44 30 42 31 20 20 20 30 33   ?Zu?r~KD0B1   03
32 00 00 5C 17 5A 75 3F 72 00 3F 44 30 42 31 37   2~~\~Zu?r~?D0B17
58 20 39 39 39 00 09 50 6F 5A 75 3F 73 00 27 44   X 999~~PoZu?s~'D
30 42 31 20 20 20 41 44 56 00 00 0E 01 5A 75 3F   0B1   ADV~~~~Zu?
73 00 15 44 30 42 32 20 20 20 35 33 39 00 09 4E   s~~D0B2   539~~N
3F 5A 75 3F 73 00 27 44 30 42 31 20 20 20 50 45   ?Zu?s~'D0B1   PE
55 00 09 4F 31 5A 75 3F 73 00 2C 44 30 42 31 20   U~~O1Zu?s~,D0B1 
20 20 39 39 39 00 00 46 20 5A 75 3F 73 00 2C 44     999~~F Zu?s~,D
30 45 31 4E 31 20 43 4F 4D 00 09 51 2E 5A 75 3F   0E1N1 COM~~Q.Zu?
73 00 42 44 30 42 31 20 20 20 48 4D 43 00 00 0F   s~BD0B1   HMC~~~
12 5A 75 3F 73 00 2D 44 30 42 31 37 35 20 4D 41   ~Zu?s~-D0B175 MA
20 00 00 10 3F 5A 75 3F 73 00 4E 44 30 42 31 20    ~~~?Zu?s~ND0B1 
20 20 4D 45 44 00 09 50 5E 5A 75 3F 73 00 3B 44     MED~~P^Zu?s~;D
30 42 32 20 20 20 43 56 31 00 00 10 3F 5A 75 3F   0B2   CV1~~~?Zu?
73 00 26 44 30 42 31 20 20 20 41 44 56 00 00 1C   s~&D0B1   ADV~~~
6B 5A 75 3F 73 00 07 44 30 42 31 20 20 20 20 20   kZu?s~~D0B1     
03                                                ~