
02 31 35 30 36 37 30 31 36 50 53 50 4E 30 44 00   ~15067016PSPN0D~
00 31 30 54 50 30 30 30 30 5A 58 30 39 45 43 4C   ~10TP0000ZX09ECL
4D 1E 3B 56 33 00 00 00 5F 01 3F 07 3F 00 02 00   M~;V3~~~_~?~?~~~
02 00 0D 00 23 00 0C 00 02 00 00 00 23 55 3F 3F   ~~~~#~~~~~~~#U??
42 00 05 00 0D 00 00 1E 3B 00 09 4F 31 5A 75 3F   B~~~~~~~;~~O1Zu?
42 00 46 44 30 42 31 37 30 20 39 39 39 00 09 4E   B~FD0B170 999~~N
3F 5A 75 3F 42 00 1D 44 30 42 31 20 20 20 4D 45   ?Zu?B~~D0B1   ME
44 00 09 50 3F 5A 75 3F 42 00 55 44 30 42 31 20   D~~P?Zu?B~UD0B1 
20 20 4E 44 43 00 00 10 3F 5A 75 3F 42 00 33 44     NDC~~~?Zu?B~3D
30 42 31 20 20 20 4D 45 44 00 09 50 3F 5A 75 3F   0B1   MED~~P?Zu?
42 00 48 44 30 42 31 20 20 20 4C 4F 55 00 00 10   B~HD0B1   LOU~~~
3F 5A 75 3F 42 00 19 44 30 42 31 20 20 20 41 44   ?Zu?B~~D0B1   AD
56 00 00 12 3F 5A 75 3F 43 00 0D 44 30 42 31 41   V~~~?Zu?C~~D0B1A
46 20 53 4D 33 00 00 10 3F 5A 75 3F 43 00 0C 44   F SM3~~~?Zu?C~~D
30 42 31 34 31 20 41 44 56 00 09 50 3F 5A 75 3F   0B141 ADV~~P?Zu?
43 00 3F 44 30 42 31 20 20 20 20 20 20 00 00 12   C~?D0B1      ~~~
3F 5A 75 3F 44 00 1C 44 30 42 31 35 36 20 52 43   ?Zu?D~~D0B156 RC
34 00 00 5D 48 5A 75 3F 44 00 49 44 30 42 31 20   4~~]HZu?D~ID0B1 
20 20 4B 59 50 00 09 51 2E 5A 75 3F 44 00 3F 44     KYP~~Q.Zu?D~?D
30 42 31 38 38 20 48 4D 43 00 00 5E 3F 5A 75 3F   0B188 HMC~~^?Zu?
44 00 53 44 30 42 31 38 38 20 4F 48 52 00 09 4F   D~SD0B188 OHR~~O
3F 5A 75 3F 44 00 16 44 30 42 31 37 35 20 39 39   ?Zu?D~~D0B175 99
39 00 00 0F 12 5A 75 3F 44 00 13 44 30 42 31 20   9~~~~Zu?D~~D0B1 
20 20 41 34 20 00 00 10 3F 5A 75 3F 45 00 3B 44     A4 ~~~?Zu?E~;D
30 42 31 20 20 20 41 44 56 00 00 10 3F 5A 75 3F   0B1   ADV~~~?Zu?
45 00 1A 44 30 42 31 37 35 20 4D 43 41 00 00 39   E~~D0B175 MCA~~9
3F 5A 75 3F 45 00 2B 44 30 45 31 20 20 20 43 4F   ?Zu?E~+D0E1   CO
4D 00 00 06 11 5A 75 3F 46 00 43 44 30 42 31 37   M~~~~Zu?F~CD0B17
31 20 49 4E 4D 00 00 0F 12 5A 75 3F 46 00 15 44   1 INM~~~~Zu?F~~D
30 42 32 20 20 20 4D 44 20 00 00 49 3F 5A 75 3F   0B2   MD ~~I?Zu?
47 00 2B 44 30 42 31 20 20 20 45 4D 50 00 00 3E   G~+D0B1   EMP~~>
10 5A 75 3F 47 00 17 44 30 42 31 20 20 20 55 4B   ~Zu?G~~D0B1   UK
59 00 00 51 3F 5A 75 3F 47 00 3F 44 30 42 31 20   Y~~Q?Zu?G~?D0B1 
20 20 30 37 39 00 00 50 3F 5A 75 3F 47 00 2B 44     079~~P?Zu?G~+D
30 42 31 20 20 20 54 48 53 00 00 3C 3F 5A 75 3F   0B1   THS~~<?Zu?
47 00 41 44 30 42 31 20 20 20 41 53 50 00 00 25   G~AD0B1   ASP~~%
53 5A 75 3F 48 01 2E 44 30 42 31 37 39 20 4D 41   SZu?H~.D0B179 MA
53 00 09 50 4A 5A 75 3F 48 00 3F 44 30 42 31 34   S~~PJZu?H~?D0B14
30 20 53 43 31 00 00 10 3F 5A 75 3F 48 00 0B 44   0 SC1~~~?Zu?H~~D
30 42 31 38 32 20 4D 45 44 00 00 10 3F 5A 75 3F   0B182 MED~~~?Zu?
48 00 1B 44 30 42 31 36 38 20 4D 43 41 00 00 10   H~~D0B168 MCA~~~
3F 5A 75 3F 48 00 1B 44 30 42 31 20 20 20 41 44   ?Zu?H~~D0B1   AD
56 00 00 4B 50 5A 75 3F 49 00 3F 44 30 42 31 20   V~~KPZu?I~?D0B1 
20 20 54 48 53 00 00 1E 3F 5A 75 3F 49 00 3F 44     THS~~~?Zu?I~?D
30 42 31 20 20 20 4C 41 48 00 00 4B 1F 5A 75 3F   0B1   LAH~~K~Zu?
49 00 72 44 30 42 31 20 20 20 54 48 53 00 00 10   I~rD0B1   THS~~~
3F 5A 75 3F 49 00 19 44 30 42 31 20 20 20 4D 45   ?Zu?I~~D0B1   ME
44 00 00 51 3F 5A 75 3F 49 00 24 44 30 42 32 20   D~~Q?Zu?I~$D0B2 
20 20 45 4D 50 00 00 10 3F 5A 75 3F 49 00 1B 44     EMP~~~?Zu?I~~D
30 42 31 20 20 20 41 44 56 00 00 10 3F 5A 75 3F   0B1   ADV~~~?Zu?
49 00 09 44 30 42 32 20 20 20 41 44 56 00 09 50   I~~D0B2   ADV~~P
3F 5A 75 3F 49 00 15 44 30 42 31 45 37 20 34 38   ?Zu?I~~D0B1E7 48
30 00 00 10 3F 5A 75 3F 4A 00 15 44 30 42 31 38   0~~~?Zu?J~~D0B18
38 20 4D 45 44 00 09 4F 31 5A 75 3F 4A 00 26 44   8 MED~~O1Zu?J~&D
30 42 31 20 20 20 39 39 39 00 00 49 3F 5A 75 3F   0B1   999~~I?Zu?
4A 00 3D 44 30 42 31 20 20 20 45 4D 50 00 00 39   J~=D0B1   EMP~~9
3F 5A 75 3F 4B 00 06 44 30 45 31 4D 36 20 43 4F   ?Zu?K~~D0E1M6 CO
4D 00 09 4F 31 5A 75 3F 4B 00 11 44 30 42 32 20   M~~O1Zu?K~~D0B2 
20 20 39 39 39 00 00 10 3F 5A 75 3F 4B 00 39 44     999~~~?Zu?K~9D
30 42 31 20 20 20 4D 45 44 00 09 4E 3F 5A 75 3F   0B1   MED~~N?Zu?
4B 00 18 44 30 42 31 36 31 33 4D 45 44 00 09 51   K~~D0B1613MED~~Q
2A 5A 75 3F 4B 00 18 44 30 42 31 36 35 20 4E 56   *Zu?K~~D0B165 NV
54 00 00 10 3F 5A 75 3F 4C 00 1B 44 30 42 31 33   T~~~?Zu?L~~D0B13
34 20 4D 45 44 00 00 10 3F 5A 75 3F 4C 00 72 44   4 MED~~~?Zu?L~rD
30 42 31 20 20 20 4D 45 44 00 00 3C 3F 5A 75 3F   0B1   MED~~<?Zu?
4C 00 42 44 30 42 31 20 20 20 30 33 32 00 00 10   L~BD0B1   032~~~
3F 5A 75 3F 4C 00 19 44 30 42 31 38 38 20 4D 45   ?Zu?L~~D0B188 ME
44 00 00 4E 3F 5A 75 3F 4C 00 26 44 30 42 31 37   D~~N?Zu?L~&D0B17
36 20 41 43 20 00 00 13 33 5A 75 3F 4C 00 25 44   6 AC ~~~3Zu?L~%D
30 42 31 20 20 20 20 20 20 00 00 4A 3F 5A 75 3F   0B1      ~~J?Zu?
4D 00 18 44 30 42 32 20 20 20 43 4E 52 00 0C 35   M~~D0B2   CNR~~5
08 5A 75 3F 4D 00 13 44 30 42 31 37 30 20 36 30   ~Zu?M~~D0B170 60
36 00 00 5E 3F 5A 75 3F 4D 00 18 44 30 42 31 45   6~~^?Zu?M~~D0B1E
38 20 4F 48 52 00 09 4F 31 5A 75 3F 4E 00 0E 44   8 OHR~~O1Zu?N~~D
30 42 32 38 37 20 39 39 39 00 09 4F 3F 5A 75 3F   0B287 999~~O?Zu?
4E 00 19 44 30 42 31 37 36 20 37 37 37 00 09 4E   N~~D0B176 777~~N
3F 5A 75 3F 4E 00 19 44 30 42 31 38 38 20 50 45   ?Zu?N~~D0B188 PE
55 00 00 10 3F 5A 75 3F 4E 00 1D 44 30 42 31 37   U~~~?Zu?N~~D0B17
39 20 4D 45 44 00 00 4B 1F 5A 75 3F 4E 00 3F 44   9 MED~~K~Zu?N~?D
30 42 31 20 20 20 54 48 53 00 00 12 3F 5A 75 3F   0B1   THS~~~?Zu?
4E 00 0C 44 30 42 31 31 33 20 4B 47 31 00 00 10   N~~D0B113 KG1~~~
3F 5A 75 3F 4E 00 1A 44 30 42 31 38 38 20 4D 45   ?Zu?N~~D0B188 ME
44 00 00 06 11 5A 75 3F 4E 00 14 44 30 42 31 20   D~~~~Zu?N~~D0B1 
20 20 54 4E 4D 00 00 10 3F 5A 75 3F 4F 00 28 44     TNM~~~?Zu?O~(D
30 42 31 20 20 20 41 44 56 00 09 4E 3F 5A 75 3F   0B1   ADV~~N?Zu?
4F 00 14 44 30 42 31 20 20 20 49 52 58 00 09 4F   O~~D0B1   IRX~~O
31 5A 75 3F 4F 00 14 44 30 42 32 20 20 20 39 39   1Zu?O~~D0B2   99
39 00 00 10 3F 5A 75 3F 4F 00 19 44 30 42 31 33   9~~~?Zu?O~~D0B13
34 20 4D 45 44 00 00 4E 3F 5A 75 3F 4F 00 31 44   4 MED~~N?Zu?O~1D
30 42 31 20 20 20 49 53 20 00 00 4E 3F 5A 75 3F   0B1   IS ~~N?Zu?
4F 00 05 44 30 42 31 50 53 20 49 53 20 00 00 10   O~~D0B1PS IS ~~~
3F 5A 75 3F 50 00 11 44 30 42 31 41 4B 20 4D 43   ?Zu?P~~D0B1AK MC
41 00 00 12 3F 5A 75 3F 50 00 2A 44 30 42 31 20   A~~~?Zu?P~*D0B1 
20 20 58 58 30 00 00 10 3F 5A 75 3F 50 00 19 44     XX0~~~?Zu?P~~D
30 42 31 20 20 20 41 44 56 00 00 10 3F 5A 75 3F   0B1   ADV~~~?Zu?
50 00 13 44 30 42 32 20 20 20 4D 45 44 00 09 4F   P~~D0B2   MED~~O
74 5A 75 3F 50 00 57 44 30 42 31 20 20 20 44 52   tZu?P~WD0B1   DR
57 00 00 10 3F 5A 75 3F 51 00 27 44 30 42 31 38   W~~~?Zu?Q~'D0B18
38 20 4D 45 44 00 00 10 3F 5A 75 3F 51 00 18 44   8 MED~~~?Zu?Q~~D
30 42 31 37 39 20 4D 45 44 00 00 10 3F 5A 75 3F   0B179 MED~~~?Zu?
51 00 19 44 30 42 31 20 20 20 41 44 56 00 09 4F   Q~~D0B1   ADV~~O
31 5A 75 3F 51 00 28 44 30 42 31 37 39 20 39 39   1Zu?Q~(D0B179 99
39 00 09 50 3F 5A 75 3F 51 01 3F 44 30 42 31 36   9~~P?Zu?Q~?D0B16
30 38 48 4D 48 00 00 10 3F 5A 75 3F 51 00 22 44   08HMH~~~?Zu?Q~"D
30 42 31 37 35 20 4D 43 41 00 00 10 3F 5A 75 3F   0B175 MCA~~~?Zu?
51 00 1C 44 30 42 31 35 32 20 41 44 56 00 00 3D   Q~~D0B152 ADV~~=
3F 5A 75 3F 51 00 23 44 30 42 31 20 20 20 30 36   ?Zu?Q~#D0B1   06
34 00 09 51 72 5A 75 3F 51 00 7D 44 30 42 31 20   4~~QrZu?Q~}D0B1 
20 20 41 42 41 00 00 10 3F 5A 75 3F 51 00 22 44     ABA~~~?Zu?Q~"D
30 42 31 31 56 20 4D 45 44 00 00 2E 73 5A 75 3F   0B11V MED~~.sZu?
51 00 13 44 30 42 31 20 20 20 41 56 49 00 00 10   Q~~D0B1   AVI~~~
3F 5A 75 3F 51 00 32 44 30 42 31 20 20 20 4D 45   ?Zu?Q~2D0B1   ME
44 00 00 3C 3F 5A 75 3F 52 00 27 44 30 42 31 20   D~~<?Zu?R~'D0B1 
20 20 30 35 34 00 09 51 2A 5A 75 3F 52 00 6C 44     054~~Q*Zu?R~lD
30 42 31 20 20 20 4E 56 54 00 09 51 1F 5A 75 3F   0B1   NVT~~Q~Zu?
52 00 0D 44 30 42 32 20 20 20 41 44 56 00 00 58   R~~D0B2   ADV~~X
3F 5A 75 3F 52 00 42 44 30 42 31 20 20 20 36 33   ?Zu?R~BD0B1   63
33 00 00 4E 3F 5A 75 3F 53 00 2A 44 30 42 31 20   3~~N?Zu?S~*D0B1 
20 20 57 50 20 00 00 10 3F 5A 75 3F 53 00 23 44     WP ~~~?Zu?S~#D
30 42 31 20 20 20 4D 45 44 00 00 58 3F 5A 75 3F   0B1   MED~~X?Zu?
53 00 54 44 30 42 31 20 20 20 36 33 33 00 09 4F   S~TD0B1   633~~O
31 5A 75 3F 53 00 2A 44 30 42 31 20 20 20 39 39   1Zu?S~*D0B1   99
39 00 09 51 72 5A 75 3F 53 00 3E 44 30 42 32 20   9~~QrZu?S~>D0B2 
20 20 41 42 41 00 09 4F 31 5A 75 3F 53 00 25 44     ABA~~O1Zu?S~%D
30 42 31 20 20 20 39 39 39 00 00 10 3F 5A 75 3F   0B1   999~~~?Zu?
54 00 25 44 30 42 31 20 20 20 4D 45 44 00 00 4E   T~%D0B1   MED~~N
3F 5A 75 3F 54 00 1F 44 30 42 31 20 20 20 49 53   ?Zu?T~~D0B1   IS
20 00 09 4E 3F 5A 75 3F 54 00 26 44 30 42 31 20    ~~N?Zu?T~&D0B1 
20 20 50 45 55 00 00 10 3F 5A 75 3F 54 00 20 44     PEU~~~?Zu?T~ D
30 42 31 20 20 20 4D 45 44 00 00 10 3F 5A 75 3F   0B1   MED~~~?Zu?
54 00 0A 44 30 42 31 4E 4E 20 4D 45 44 00 00 10   T~~D0B1NN MED~~~
3F 5A 75 3F 54 00 13 44 30 42 31 37 30 20 4D 45   ?Zu?T~~D0B170 ME
44 00 00 42 72 5A 75 3F 54 00 17 44 30 42 31 31   D~~BrZu?T~~D0B11
56 20 43 49 4D 00 00 0E 01 5A 75 3F 55 00 33 44   V CIM~~~~Zu?U~3D
30 42 31 37 58 20 41 53 50 00 00 12 3F 5A 75 3F   0B17X ASP~~~?Zu?
55 00 3F 44 30 42 31 20 20 20 55 53 4D 00 00 42   U~?D0B1   USM~~B
72 5A 75 3F 55 00 0E 44 30 42 32 20 20 20 43 49   rZu?U~~D0B2   CI
4D 00 09 4F 31 5A 75 3F 55 00 24 44 30 42 31 20   M~~O1Zu?U~$D0B1 
20 20 39 39 39 00 00 0E 01 5A 75 3F 55 00 2D 44     999~~~~Zu?U~-D
30 42 31 37 58 20 41 53 50 00 00 10 3F 5A 75 3F   0B17X ASP~~~?Zu?
56 00 18 44 30 42 31 20 20 20 4D 45 44 00 09 4E   V~~D0B1   MED~~N
3F 5A 75 3F 56 00 10 44 30 42 31 41 44 20 50 45   ?Zu?V~~D0B1AD PE
55 00 00 0E 01 5A 75 3F 56 00 2B 44 30 42 31 20   U~~~~Zu?V~+D0B1 
20 20 41 53 50 00 00 10 3F 5A 75 3F 57 00 22 44     ASP~~~?Zu?W~"D
30 42 31 20 20 20 37 37 39 00 09 50 3F 5A 75 3F   0B1   779~~P?Zu?
57 00 21 44 30 42 31 37 39 20 34 38 30 00 00 39   W~!D0B179 480~~9
3F 5A 75 3F 57 00 19 44 30 45 31 4D 36 20 43 4F   ?Zu?W~~D0E1M6 CO
4D 00 00 30 18 5A 75 3F 57 00 77 44 30 42 31 37   M~~0~Zu?W~wD0B17
30 20 50 41 52 00 00 10 3F 5A 75 3F 58 00 34 44   0 PAR~~~?Zu?X~4D
30 42 31 20 20 20 4D 45 44 00 09 50 3F 5A 75 3F   0B1   MED~~P?Zu?
58 00 43 44 30 42 31 20 20 20 53 55 50 00 09 4F   X~CD0B1   SUP~~O
31 5A 75 3F 58 00 1B 44 30 42 31 37 30 20 39 39   1Zu?X~~D0B170 99
39 00 00 4E 3F 5A 75 3F 58 00 24 44 30 42 31 20   9~~N?Zu?X~$D0B1 
20 20 49 4E 20 00 09 50 3F 5A 75 3F 58 00 22 44     IN ~~P?Zu?X~"D
30 42 31 20 20 20 34 36 34 00 00 3D 3F 5A 75 3F   0B1   464~~=?Zu?
59 00 2D 44 30 42 31 20 20 20 55 54 50 00 00 06   Y~-D0B1   UTP~~~
11 5A 75 3F 59 00 65 44 30 42 31 34 31 20 49 4E   ~Zu?Y~eD0B141 IN
4D 00 00 10 3F 5A 75 3F 59 00 24 44 30 42 31 20   M~~~?Zu?Y~$D0B1 
20 20 4D 45 44 00 00 4E 3F 5A 75 3F 59 00 4D 44     MED~~N?Zu?Y~MD
30 42 31 20 20 20 49 53 20 00 00 47 38 5A 75 3F   0B1   IS ~~G8Zu?
59 00 10 44 30 42 31 37 38 20 50 42 4D 00 09 4E   Y~~D0B178 PBM~~N
3F 5A 75 3F 59 00 1D 44 30 42 31 37 39 20 4D 45   ?Zu?Y~~D0B179 ME
44 00 09 50 3F 5A 75 3F 59 00 29 44 30 42 31 20   D~~P?Zu?Y~)D0B1 
20 20 34 33 34 00 00 10 3F 5A 75 3F 59 00 0A 44     434~~~?Zu?Y~~D
30 42 32 20 20 20 41 44 56 00 00 10 3F 5A 75 3F   0B2   ADV~~~?Zu?
5A 00 1A 44 30 42 31 20 20 20 41 44 56 00 00 10   Z~~D0B1   ADV~~~
3F 5A 75 3F 5A 00 2B 44 30 42 31 38 38 20 4D 45   ?Zu?Z~+D0B188 ME
44 00 00 58 3F 5A 75 3F 5A 00 5B 44 30 42 32 20   D~~X?Zu?Z~[D0B2 
20 20 33 39 33 00 00 5A 3F 5A 75 3F 5A 00 3F 44     393~~Z?Zu?Z~?D
30 42 31 20 20 20 56 52 58 00 09 4F 3F 5A 75 3F   0B1   VRX~~O?Zu?
5A 00 12 44 30 42 31 20 20 20 37 37 37 00 00 10   Z~~D0B1   777~~~
3F 5A 75 3F 5A 00 19 44 30 42 31 20 20 20 41 44   ?Zu?Z~~D0B1   AD
56 00 00 10 3F 5A 75 3F 5A 00 1D 44 30 42 31 38   V~~~?Zu?Z~~D0B18
38 20 4D 45 44 00 00 58 3F 5A 75 3F 5A 00 63 44   8 MED~~X?Zu?Z~cD
30 42 31 20 20 20 36 33 33 00 00 06 11 5A 75 3F   0B1   633~~~~Zu?
5A 00 23 44 30 42 31 37 30 20 49 4E 4D 00 00 12   Z~#D0B170 INM~~~
3F 5A 75 3F 5B 00 1E 44 30 42 31 31 33 20 4C 4E   ?Zu?[~~D0B113 LN
35 00 00 4E 3F 5A 75 3F 5C 00 20 44 30 42 31 20   5~~N?Zu?\~ D0B1 
20 20 49 53 20 00 00 10 3F 5A 75 3F 5C 00 2C 44     IS ~~~?Zu?\~,D
30 42 31 20 20 20 4D 45 44 00 09 4F 31 5A 75 3F   0B1   MED~~O1Zu?
5C 00 28 44 30 42 31 20 20 20 39 39 39 00 09 50   \~(D0B1   999~~P
3F 5A 75 3F 5C 00 13 44 30 42 31 36 39 20 30 30   ?Zu?\~~D0B169 00
36 00 00 10 3F 5A 75 3F 5C 00 21 44 30 42 31 20   6~~~?Zu?\~!D0B1 
20 20 4D 45 44 00 00 10 3F 5A 75 3F 5D 00 3E 44     MED~~~?Zu?]~>D
30 42 31 20 20 20 4D 45 44 00 00 40 73 5A 75 3F   0B1   MED~~@sZu?
5D 00 3E 44 30 42 31 20 20 20 48 5A 52 00 00 0F   ]~>D0B1   HZR~~~
12 5A 75 3F 5D 00 11 44 30 42 31 45 46 20 41 34   ~Zu?]~~D0B1EF A4
20 00 09 50 3F 5A 75 3F 5D 00 2B 44 30 42 31 20    ~~P?Zu?]~+D0B1 
20 20 4D 45 44 00 00 10 3F 5A 75 3F 5E 00 07 44     MED~~~?Zu?^~~D
30 45 31 30 31 20 41 44 56 00 09 4F 31 5A 75 3F   0E101 ADV~~O1Zu?
5E 00 43 44 30 42 31 20 20 20 39 39 39 00 00 2E   ^~CD0B1   999~~.
73 5A 75 3F 5E 00 1B 44 30 42 31 20 20 20 20 20   sZu?^~~D0B1     
20 00 00 4E 3F 5A 75 3F 5E 00 18 44 30 42 31 20    ~~N?Zu?^~~D0B1 
20 20 49 52 58 00 00 10 3F 5A 75 3F 5E 00 1C 44     IRX~~~?Zu?^~~D
30 42 31 20 20 20 4D 45 44 00 00 17 3B 5A 75 3F   0B1   MED~~~;Zu?
5E 00 0A 44 30 42 31 20 20 20 43 4C 41 00 00 06   ^~~D0B1   CLA~~~
11 5A 75 3F 5E 00 3F 44 30 42 31 35 30 20 49 4E   ~Zu?^~?D0B150 IN
4D 00 00 0F 12 5A 75 3F 5F 00 17 44 30 42 32 20   M~~~~Zu?_~~D0B2 
20 20 4D 44 20 00 00 58 3F 5A 75 3F 5F 00 57 44     MD ~~X?Zu?_~WD
30 42 31 20 20 20 36 33 33 00 00 22 3F 5A 75 3F   0B1   633~~"?Zu?
5F 00 2E 44 30 42 31 20 20 20 20 20 20 00 00 10   _~.D0B1      ~~~
3F 5A 75 3F 5F 00 1A 44 30 42 31 20 20 20 41 44   ?Zu?_~~D0B1   AD
56 00 00 4E 3F 5A 75 3F 5F 00 19 44 30 42 31 37   V~~N?Zu?_~~D0B17
39 20 49 53 20 00 00 10 3F 5A 75 3F 60 00 28 44   9 IS ~~~?Zu?`~(D
30 42 31 20 20 20 4D 45 44 00 00 30 18 5A 75 3F   0B1   MED~~0~Zu?
60 00 3C 44 30 42 31 37 39 20 50 41 52 00 09 4E   `~<D0B179 PAR~~N
3F 5A 75 3F 60 00 1C 44 30 42 31 37 35 20 50 45   ?Zu?`~~D0B175 PE
55 00 00 10 3F 5A 75 3F 60 00 12 44 30 42 31 38   U~~~?Zu?`~~D0B18
38 39 41 44 56 00 00 10 3F 5A 75 3F 60 00 23 44   89ADV~~~?Zu?`~#D
30 42 31 20 20 20 4D 45 44 00 00 2D 20 5A 75 3F   0B1   MED~~- Zu?
61 00 3B 44 30 42 31 20 20 20 50 44 50 00 00 32   a~;D0B1   PDP~~2
21 5A 75 3F 61 00 16 44 30 42 31 41 35 20 4D 45   !Zu?a~~D0B1A5 ME
44 00 00 10 3F 5A 75 3F 61 00 27 44 30 42 31 37   D~~~?Zu?a~'D0B17
30 20 41 44 56 00 00 10 3F 5A 75 3F 61 00 18 44   0 ADV~~~?Zu?a~~D
30 42 31 20 20 20 41 44 56 00 00 10 3F 5A 75 3F   0B1   ADV~~~?Zu?
61 00 24 44 30 42 31 20 20 20 41 44 56 00 09 4E   a~$D0B1   ADV~~N
3F 5A 75 3F 61 00 15 44 30 42 31 20 20 20 20 20   ?Zu?a~~D0B1     
20 00 09 4F 31 5A 75 3F 62 00 2A 44 30 42 31 37    ~~O1Zu?b~*D0B17
39 20 39 39 39 00 00 10 3F 5A 75 3F 62 00 33 44   9 999~~~?Zu?b~3D
30 42 31 20 20 20 4D 45 44 00 09 4F 31 5A 75 3F   0B1   MED~~O1Zu?
62 00 14 44 30 42 31 36 39 20 39 39 39 00 00 10   b~~D0B169 999~~~
3F 5A 75 3F 62 00 19 44 30 42 32 20 20 20 4D 45   ?Zu?b~~D0B2   ME
44 00 00 3C 3F 5A 75 3F 62 00 29 44 30 42 31 35   D~~<?Zu?b~)D0B15
36 39 30 33 32 00 09 50 3F 5A 75 3F 62 00 22 44   69032~~P?Zu?b~"D
30 42 31 37 39 20 20 20 20 00 00 30 18 5A 75 3F   0B179    ~~0~Zu?
62 00 6D 44 30 42 31 20 20 20 50 41 52 00 00 30   b~mD0B1   PAR~~0
39 5A 75 3F 63 00 28 44 30 42 31 20 20 20 50 30   9Zu?c~(D0B1   P0
32 00 00 39 3F 5A 75 3F 63 00 26 44 30 45 31 4D   2~~9?Zu?c~&D0E1M
36 20 43 4F 4D 00 00 0F 12 5A 75 3F 63 00 18 44   6 COM~~~~Zu?c~~D
30 42 31 37 56 20 44 45 20 00 00 30 18 5A 75 3F   0B17V DE ~~0~Zu?
63 00 3C 44 30 42 31 37 39 20 50 41 52 00 00 10   c~<D0B179 PAR~~~
3F 5A 75 3F 64 00 0E 44 30 42 31 34 30 20 4D 45   ?Zu?d~~D0B140 ME
44 00 00 0F 12 5A 75 3F 64 00 29 44 30 42 31 20   D~~~~Zu?d~)D0B1 
20 20 44 45 20 00 09 4F 31 5A 75 3F 64 00 3D 44     DE ~~O1Zu?d~=D
30 42 31 20 20 20 39 39 39 00 00 0F 12 5A 75 3F   0B1   999~~~~Zu?
64 00 0C 44 30 42 32 20 20 20 41 34 20 00 00 10   d~~D0B2   A4 ~~~
3F 5A 75 3F 64 00 1E 44 30 42 31 20 20 20 4D 45   ?Zu?d~~D0B1   ME
44 00 00 10 3F 5A 75 3F 64 00 14 44 30 42 32 20   D~~~?Zu?d~~D0B2 
20 20 41 44 56 00 00 2B 3F 5A 75 3F 64 00 31 44     ADV~~+?Zu?d~1D
30 42 31 20 20 20 43 4F 43 00 09 4F 31 5A 75 3F   0B1   COC~~O1Zu?
65 00 19 44 30 42 31 20 20 20 39 39 39 00 09 29   e~~D0B1   999~~)
6C 5A 75 3F 65 00 17 44 30 42 31 37 39 20 30 37   lZu?e~~D0B179 07
36 00 00 10 3F 5A 75 3F 65 00 23 44 30 42 31 20   6~~~?Zu?e~#D0B1 
20 20 41 44 56 00 09 4E 3F 5A 75 3F 65 00 06 44     ADV~~N?Zu?e~~D
30 42 32 20 20 20 49 52 58 00 00 30 18 5A 75 3F   0B2   IRX~~0~Zu?
66 00 55 44 30 42 31 20 20 20 50 41 52 00 00 4B   f~UD0B1   PAR~~K
50 5A 75 3F 66 00 3F 44 30 42 31 20 20 20 54 48   PZu?f~?D0B1   TH
53 00 00 40 73 5A 75 3F 66 00 36 44 30 42 31 20   S~~@sZu?f~6D0B1 
20 20 44 53 4E 00 09 51 2A 5A 75 3F 66 00 44 44     DSN~~Q*Zu?f~DD
30 42 31 20 20 20 4E 56 54 00 00 39 3F 5A 75 3F   0B1   NVT~~9?Zu?
66 00 23 44 30 45 31 20 20 20 43 4F 4D 00 00 06   f~#D0E1   COM~~~
11 5A 75 3F 66 00 1A 44 30 42 31 35 30 20 49 4E   ~Zu?f~~D0B150 IN
4D 00 00 58 3F 5A 75 3F 66 00 7F 44 30 42 31 20   M~~X?Zu?f~~D0B1 
20 20 36 33 33 00 09 50 3F 5A 75 3F 66 00 22 44     633~~P?Zu?f~"D
30 42 32 20 20 20 30 30 36 00 09 50 3F 5A 75 3F   0B2   006~~P?Zu?
67 00 13 44 30 42 31 20 20 20 4D 45 44 00 00 10   g~~D0B1   MED~~~
3F 5A 75 3F 67 00 26 44 30 42 31 20 20 20 4D 45   ?Zu?g~&D0B1   ME
44 00 09 50 3F 5A 75 3F 67 00 6B 44 30 42 31 20   D~~P?Zu?g~kD0B1 
20 20 34 34 35 00 00 58 3F 5A 75 3F 67 00 7C 44     445~~X?Zu?g~|D
30 42 31 20 20 20 36 33 33 00 00 2D 20 5A 75 3F   0B1   633~~- Zu?
67 00 13 44 30 42 31 4E 31 20 42 43 54 00 00 10   g~~D0B1N1 BCT~~~
3F 5A 75 3F 68 00 11 44 30 42 31 37 39 20 41 44   ?Zu?h~~D0B179 AD
56 00 00 42 72 5A 75 3F 68 00 2A 44 30 42 31 20   V~~BrZu?h~*D0B1 
20 20 43 49 4D 00 09 4E 3F 5A 75 3F 68 00 23 44     CIM~~N?Zu?h~#D
30 42 31 20 20 20 4D 45 44 00 00 4E 3F 5A 75 3F   0B1   MED~~N?Zu?
68 00 33 44 30 42 31 20 20 20 49 53 20 00 00 26   h~3D0B1   IS ~~&
09 5A 75 3F 68 00 53 44 30 42 31 20 20 20 50 30   ~Zu?h~SD0B1   P0
30 00 00 10 3F 5A 75 3F 68 00 26 44 30 42 31 37   0~~~?Zu?h~&D0B17
30 20 41 44 56 00 00 4E 3F 5A 75 3F 68 00 24 44   0 ADV~~N?Zu?h~$D
30 42 32 20 20 20 49 53 20 00 09 4F 31 5A 75 3F   0B2   IS ~~O1Zu?
69 00 27 44 30 42 31 20 20 20 39 39 39 00 09 4E   i~'D0B1   999~~N
3F 5A 75 3F 69 00 22 44 30 42 31 20 20 20 43 4F   ?Zu?i~"D0B1   CO
56 00 09 50 3F 5A 75 3F 69 00 24 44 30 42 31 20   V~~P?Zu?i~$D0B1 
20 20 53 55 50 00 00 10 3F 5A 75 3F 69 00 10 44     SUP~~~?Zu?i~~D
30 42 31 36 39 20 4D 45 44 00 00 10 3F 5A 75 3F   0B169 MED~~~?Zu?
69 00 1A 44 30 42 31 20 20 20 4D 45 44 00 09 4E   i~~D0B1   MED~~N
3F 5A 75 3F 69 00 12 44 30 42 31 20 20 20 4D 45   ?Zu?i~~D0B1   ME
44 00 00 10 3F 5A 75 3F 69 00 19 44 30 42 31 20   D~~~?Zu?i~~D0B1 
20 20 41 44 56 00 00 3E 21 5A 75 3F 6A 00 17 44     ADV~~>!Zu?j~~D
30 42 32 33 31 20 55 53 45 00 00 10 3F 5A 75 3F   0B231 USE~~~?Zu?
6A 00 22 44 30 42 31 36 39 20 4D 45 44 00 00 4E   j~"D0B169 MED~~N
3F 5A 75 3F 6A 00 18 44 30 42 31 37 39 20 49 53   ?Zu?j~~D0B179 IS
20 00 00 2E 73 5A 75 3F 6A 00 20 44 30 42 31 20    ~~.sZu?j~ D0B1 
20 20 20 20 20 00 00 10 3F 5A 75 3F 6A 00 21 44        ~~~?Zu?j~!D
30 42 31 20 20 20 4D 45 44 00 00 4B 50 5A 75 3F   0B1   MED~~KPZu?
6B 00 3F 44 30 42 31 20 20 20 54 48 53 00 09 4E   k~?D0B1   THS~~N
3F 5A 75 3F 6B 00 2A 44 30 42 31 20 20 20 20 20   ?Zu?k~*D0B1     
20 00 00 10 3F 5A 75 3F 6B 00 30 44 30 42 31 20    ~~~?Zu?k~0D0B1 
20 20 41 44 56 00 00 10 3F 5A 75 3F 6B 00 0C 44     ADV~~~?Zu?k~~D
30 42 32 20 20 20 4D 45 44 00 00 10 3F 5A 75 3F   0B2   MED~~~?Zu?
6B 00 0E 44 30 42 31 36 39 20 41 44 56 00 00 0E   k~~D0B169 ADV~~~
01 5A 75 3F 6B 00 62 44 30 42 31 20 20 20 41 53   ~Zu?k~bD0B1   AS
50 00 00 58 3F 5A 75 3F 6B 00 0C 44 30 42 32 20   P~~X?Zu?k~~D0B2 
20 20 36 33 33 00 09 4E 3F 5A 75 3F 6B 00 21 44     633~~N?Zu?k~!D
30 42 31 20 20 20 44 41 54 00 00 10 3F 5A 75 3F   0B1   DAT~~~?Zu?
6C 00 1D 44 30 42 31 20 20 20 4D 45 44 00 09 4F   l~~D0B1   MED~~O
31 5A 75 3F 6C 00 26 44 30 42 31 20 20 20 39 39   1Zu?l~&D0B1   99
39 00 00 10 3F 5A 75 3F 6C 00 23 44 30 42 31 20   9~~~?Zu?l~#D0B1 
20 20 4D 43 41 00 09 4E 3F 5A 75 3F 6C 00 34 44     MCA~~N?Zu?l~4D
30 42 31 38 38 20 49 52 58 00 00 39 3F 5A 75 3F   0B188 IRX~~9?Zu?
6C 00 11 44 30 45 31 4D 36 20 43 4F 4D 00 00 10   l~~D0E1M6 COM~~~
3F 5A 75 3F 6C 00 1F 44 30 42 31 20 20 20 4D 45   ?Zu?l~~D0B1   ME
44 00 09 4F 31 5A 75 3F 6C 00 22 44 30 42 31 37   D~~O1Zu?l~"D0B17
30 20 39 39 39 00 00 42 72 5A 75 3F 6D 00 22 44   0 999~~BrZu?m~"D
30 42 31 20 20 20 43 49 4D 00 00 3C 3F 5A 75 3F   0B1   CIM~~<?Zu?
6D 00 1C 44 30 42 31 20 20 20 30 33 32 00 09 4E   m~~D0B1   032~~N
3F 5A 75 3F 6D 00 1B 44 30 42 31 20 20 20 50 45   ?Zu?m~~D0B1   PE
55 00 09 50 3F 5A 75 3F 6D 00 22 44 30 42 31 38   U~~P?Zu?m~"D0B18
38 20 34 39 34 00 09 4F 31 5A 75 3F 6D 00 13 44   8 494~~O1Zu?m~~D
30 42 32 20 20 20 39 39 39 00 00 2D 20 5A 75 3F   0B2   999~~- Zu?
6E 00 23 44 30 42 31 20 20 20 49 4C 43 00 09 4F   n~#D0B1   ILC~~O
31 5A 75 3F 6E 00 2D 44 30 42 31 37 39 20 39 39   1Zu?n~-D0B179 99
39 00 09 4E 3F 5A 75 3F 6E 00 18 44 30 42 31 20   9~~N?Zu?n~~D0B1 
20 20 41 34 20 00 00 3C 3F 5A 75 3F 6E 00 1F 44     A4 ~~<?Zu?n~~D
30 42 31 20 20 20 30 33 32 00 09 50 3F 5A 75 3F   0B1   032~~P?Zu?
6F 00 2B 44 30 42 31 20 20 20 20 20 20 00 09 4F   o~+D0B1      ~~O
31 5A 75 3F 6F 00 0B 44 30 42 32 20 20 20 39 39   1Zu?o~~D0B2   99
39 00 09 4F 31 5A 75 3F 6F 00 47 44 30 42 31 20   9~~O1Zu?o~GD0B1 
20 20 39 39 39 00 09 50 3F 5A 75 3F 6F 00 57 44     999~~P?Zu?o~WD
30 42 31 38 38 20 57 49 58 00 00 3C 3F 5A 75 3F   0B188 WIX~~<?Zu?
6F 00 16 44 30 42 31 20 20 20 30 33 32 00 09 4F   o~~D0B1   032~~O
24 5A 75 3F 6F 00 3F 44 30 42 31 37 36 20 49 52   $Zu?o~?D0B176 IR
58 00 00 42 72 5A 75 3F 6F 00 31 44 30 42 31 20   X~~BrZu?o~1D0B1 
20 20 43 49 4D 00 00 10 3F 5A 75 3F 70 00 1E 44     CIM~~~?Zu?p~~D
30 42 31 20 20 20 4D 45 44 00 00 12 3F 5A 75 3F   0B1   MED~~~?Zu?
70 00 1B 44 30 42 31 20 20 20 4D 4D 38 00 09 50   p~~D0B1   MM8~~P
3F 5A 75 3F 70 03 3F 44 30 42 31 20 20 20 20 20   ?Zu?p~?D0B1     
20 00 00 4C 3F 5A 75 3F 70 00 47 44 30 42 31 20    ~~L?Zu?p~GD0B1 
20 20 30 37 36 00 09 2C 3F 5A 75 3F 70 00 43 44     076~~,?Zu?p~CD
30 42 32 20 20 20 4F 48 43 00 09 4F 31 5A 75 3F   0B2   OHC~~O1Zu?
70 00 3F 44 30 42 31 37 39 20 39 39 39 00 00 4E   p~?D0B179 999~~N
3F 5A 75 3F 71 00 22 44 30 42 31 20 20 20 49 53   ?Zu?q~"D0B1   IS
20 00 00 10 3F 5A 75 3F 71 00 1B 44 30 42 31 20    ~~~?Zu?q~~D0B1 
20 20 4D 45 44 00 09 4E 3F 5A 75 3F 71 00 34 44     MED~~N?Zu?q~4D
30 42 31 20 20 20 43 54 52 00 00 3C 3F 5A 75 3F   0B1   CTR~~<?Zu?
71 00 14 44 30 42 32 20 20 20 30 35 34 00 00 10   q~~D0B2   054~~~
3F 5A 75 3F 71 00 0B 44 30 42 32 20 20 20 4D 43   ?Zu?q~~D0B2   MC
41 00 09 4E 3F 5A 75 3F 72 00 15 44 30 42 32 20   A~~N?Zu?r~~D0B2 
20 20 20 20 20 00 00 10 3F 5A 75 3F 72 00 51 44        ~~~?Zu?r~QD
30 42 31 20 20 20 41 44 56 00 00 3C 3F 5A 75 3F   0B1   ADV~~<?Zu?
72 00 3C 44 30 42 31 20 20 20 30 33 32 00 09 51   r~<D0B1   032~~Q
72 5A 75 3F 72 00 15 44 30 42 32 20 20 20 41 42   rZu?r~~D0B2   AB
41 00 09 4F 31 5A 75 3F 72 00 1C 44 30 42 31 45   A~~O1Zu?r~~D0B1E
55 20 39 39 39 00 00 42 72 5A 75 3F 72 00 21 44   U 999~~BrZu?r~!D
30 42 31 38 31 20 43 49 4D 00 00 10 3F 5A 75 3F   0B181 CIM~~~?Zu?
72 00 17 44 30 42 31 20 20 20 41 44 56 00 09 4E   r~~D0B1   ADV~~N
3F 5A 75 3F 72 00 07 44 30 42 32 33 31 20 55 44   ?Zu?r~~D0B231 UD
4F 00 00 10 3F 5A 75 3F 72 00 23 44 30 42 31 38   O~~~?Zu?r~#D0B18
38 20 4D 45 44 00 09 4F 31 5A 75 3F 72 00 27 44   8 MED~~O1Zu?r~'D
30 42 31 20 20 20 39 39 39 00 00 2D 3F 5A 75 3F   0B1   999~~-?Zu?
73 00 02 44 30 42 31 35 32 20 32 32 32 00 09 50   s~~D0B152 222~~P
3F 5A 75 3F 73 00 13 44 30 42 31 33 34 20 4D 45   ?Zu?s~~D0B134 ME
44 00 00 58 3F 5A 75 3F 73 00 4F 44 30 42 31 20   D~~X?Zu?s~OD0B1 
20 20 36 33 33 00 09 50 3F 5A 75 3F 73 00 3B 44     633~~P?Zu?s~;D
30 42 31 20 20 20 30 30 36 00 00 10 3F 5A 75 3F   0B1   006~~~?Zu?
73 00 10 44 30 42 32 20 20 20 4D 45 44 00 09 50   s~~D0B2   MED~~P
3F 5A 75 3F 73 00 1F 44 30 42 31 20 20 20 34 36   ?Zu?s~~D0B1   46
34 00 00 06 11 5A 75 3F 74 00 45 44 30 42 31 37   4~~~~Zu?t~ED0B17
30 20 49 4E 4D 00 09 29 6A 5A 75 3F 74 01 7A 44   0 INM~~)jZu?t~zD
30 42 31 20 20 20 35 34 20 00 09 4F 3F 5A 75 3F   0B1   54 ~~O?Zu?
74 00 07 44 30 42 31 32 32 20 39 39 39 00 09 4E   t~~D0B122 999~~N
3F 5A 75 3F 74 00 17 44 30 42 31 37 39 20 4D 45   ?Zu?t~~D0B179 ME
44 00 09 50 3F 5A 75 3F 74 00 1D 44 30 42 31 20   D~~P?Zu?t~~D0B1 
20 20 39 39 39 00 00 58 3F 5A 75 3F 75 00 3F 44     999~~X?Zu?u~?D
30 42 31 20 20 20 36 33 33 00 00 58 3F 5A 75 3F   0B1   633~~X?Zu?
75 00 50 44 30 42 31 20 20 20 36 33 33 00 00 4B   u~PD0B1   633~~K
1F 5A 75 3F 75 00 2F 44 30 42 31 20 20 20 54 48   ~Zu?u~/D0B1   TH
53 00 00 0F 12 5A 75 3F 75 00 14 44 30 42 32 20   S~~~~Zu?u~~D0B2 
20 20 41 34 20 00 09 4E 3F 5A 75 3F 75 00 13 44     A4 ~~N?Zu?u~~D
30 42 31 20 20 20 20 20 20 00 00 29 53 5A 75 3F   0B1      ~~)SZu?
76 00 30 44 30 42 31 41 45 20 4F 4B 41 00 00 10   v~0D0B1AE OKA~~~
3F 5A 75 3F 76 00 15 44 30 42 31 30 39 20 41 44   ?Zu?v~~D0B109 AD
56 00 00 10 3F 5A 75 3F 76 00 1F 44 30 42 31 20   V~~~?Zu?v~~D0B1 
20 20 41 44 56 00 00 3C 3F 5A 75 3F 76 00 30 44     ADV~~<?Zu?v~0D
30 42 31 20 20 20 30 33 32 00 00 10 3F 5A 75 3F   0B1   032~~~?Zu?
76 00 1D 44 30 42 31 20 20 20 4D 45 44 00 09 4F   v~~D0B1   MED~~O
31 5A 75 3F 76 00 14 44 30 42 31 36 39 20 39 39   1Zu?v~~D0B169 99
39 00 00 58 3F 5A 75 3F 77 00 78 44 30 42 31 20   9~~X?Zu?w~xD0B1 
20 20 36 33 33 00 00 0F 12 5A 75 3F 77 00 0B 44     633~~~~Zu?w~~D
30 42 32 20 20 20 4D 41 20 00 00 58 3F 5A 75 3F   0B2   MA ~~X?Zu?
77 00 71 44 30 42 31 20 20 20 36 33 33 00 00 3D   w~qD0B1   633~~=
3F 5A 75 3F 77 00 20 44 30 42 31 20 20 20 30 36   ?Zu?w~ D0B1   06
34 00 09 4F 31 5A 75 3F 77 00 24 44 30 42 31 20   4~~O1Zu?w~$D0B1 
20 20 39 39 39 00 09 4F 3F 5A 75 3F 77 00 53 44     999~~O?Zu?w~SD
30 42 31 20 20 20 57 52 4B 00 00 10 3F 5A 75 3F   0B1   WRK~~~?Zu?
78 00 18 44 30 42 31 37 30 20 4D 45 44 00 00 3C   x~~D0B170 MED~~<
3F 5A 75 3F 78 00 2B 44 30 42 31 20 20 20 30 33   ?Zu?x~+D0B1   03
32 00 09 51 72 5A 75 3F 78 00 34 44 30 42 31 20   2~~QrZu?x~4D0B1 
20 20 41 42 41 00 00 10 3F 5A 75 3F 78 00 2A 44     ABA~~~?Zu?x~*D
30 42 31 20 20 20 4D 45 44 00 00 3C 3F 5A 75 3F   0B1   MED~~<?Zu?
78 00 54 44 30 42 31 20 20 20 30 33 32 00 09 4F   x~TD0B1   032~~O
31 5A 75 3F 78 00 08 44 30 42 32 20 20 20 39 39   1Zu?x~~D0B2   99
39 00 09 4F 31 5A 75 3F 78 00 2A 44 30 42 31 37   9~~O1Zu?x~*D0B17
30 20 39 39 39 00 09 50 3F 5A 75 3F 78 00 28 44   0 999~~P?Zu?x~(D
30 42 32 20 20 20 57 49 58 00 00 10 3F 5A 75 3F   0B2   WIX~~~?Zu?
78 00 3E 44 30 42 31 20 20 20 4D 45 44 00 00 10   x~>D0B1   MED~~~
3F 5A 75 3F 79 00 2B 44 30 42 31 20 20 20 4D 45   ?Zu?y~+D0B1   ME
44 00 09 4F 31 5A 75 3F 79 00 10 44 30 42 32 20   D~~O1Zu?y~~D0B2 
20 20 39 39 39 00 00 10 3F 5A 75 3F 79 00 1A 44     999~~~?Zu?y~~D
30 42 31 20 20 20 41 44 56 00 00 58 3F 5A 75 3F   0B1   ADV~~X?Zu?
79 00 5D 44 30 42 31 20 20 20 36 33 33 00 09 50   y~]D0B1   633~~P
3F 5A 75 3F 79 00 64 44 30 42 31 20 20 20 4D 43   ?Zu?y~dD0B1   MC
41 00 00 4E 3F 5A 75 3F 79 00 29 44 30 42 31 20   A~~N?Zu?y~)D0B1 
20 20 49 53 20 00 00 5D 48 5A 75 3F 7A 00 45 44     IS ~~]HZu?z~ED
30 42 31 20 20 20 4B 59 50 00 09 4E 3F 5A 75 3F   0B1   KYP~~N?Zu?
7A 00 13 44 30 42 31 36 39 20 20 20 20 00 00 3D   z~~D0B169    ~~=
3F 5A 75 3F 7A 00 1A 44 30 42 31 20 20 20 30 36   ?Zu?z~~D0B1   06
34 00 00 5F 3F 5A 75 3F 7A 01 3F 44 30 42 31 20   4~~_?Zu?z~?D0B1 
20 20 41 52 58 00 00 10 3F 5A 75 3F 7A 00 1C 44     ARX~~~?Zu?z~~D
30 42 31 37 39 20 4D 45 44 00 00 10 3F 5A 75 3F   0B179 MED~~~?Zu?
7A 00 17 44 30 42 31 20 20 20 41 44 56 00 00 3C   z~~D0B1   ADV~~<
3F 5A 75 3F 7A 00 23 44 30 42 31 20 20 20 30 33   ?Zu?z~#D0B1   03
32 00 00 10 3F 5A 75 3F 7B 00 2C 44 30 42 31 20   2~~~?Zu?{~,D0B1 
20 20 4D 45 44 00 00 4E 48 5A 75 3F 7B 00 4A 44     MED~~NHZu?{~JD
30 42 31 30 31 20 20 20 20 00 00 10 3F 5A 75 3F   0B101    ~~~?Zu?
7B 00 31 44 30 42 31 20 20 20 4D 45 44 00 00 10   {~1D0B1   MED~~~
3F 5A 75 3F 7B 00 26 44 30 42 31 20 20 20 41 44   ?Zu?{~&D0B1   AD
56 00 09 51 2A 5A 75 3F 7B 00 36 44 30 42 31 20   V~~Q*Zu?{~6D0B1 
20 20 4E 56 54 00 09 51 2A 5A 75 3F 7C 00 53 44     NVT~~Q*Zu?|~SD
30 42 31 37 35 20 43 48 58 00 00 10 3F 5A 75 3F   0B175 CHX~~~?Zu?
7C 00 20 44 30 42 31 37 39 20 4D 45 44 00 09 50   |~ D0B179 MED~~P
3F 5A 75 3F 7C 00 1D 44 30 42 31 33 34 20 4D 45   ?Zu?|~~D0B134 ME
44 00 00 10 3F 5A 75 3F 7C 00 06 44 30 42 32 4E   D~~~?Zu?|~~D0B2N
4E 20 4D 45 44 00 00 2D 20 5A 75 3F 7C 00 1B 44   N MED~~- Zu?|~~D
30 42 32 20 20 20 49 4C 44 00 00 30 18 5A 75 3F   0B2   ILD~~0~Zu?
7D 00 16 44 30 42 32 20 20 20 50 41 52 00 00 12   }~~D0B2   PAR~~~
4A 5A 75 3F 7D 00 3F 44 30 42 31 37 51 20 43 4E   JZu?}~?D0B17Q CN
20 00 00 42 72 5A 75 3F 7D 00 3B 44 30 42 31 20    ~~BrZu?}~;D0B1 
20 20 43 49 4D 00 00 10 3F 5A 75 3F 7D 00 1E 44     CIM~~~?Zu?}~~D
30 42 31 20 20 20 4D 45 44 00 09 50 3F 5A 75 3F   0B1   MED~~P?Zu?
7D 00 22 44 30 42 31 37 39 20 20 20 20 00 09 4E   }~"D0B179    ~~N
3F 5A 75 3F 7D 00 14 44 30 42 31 37 39 20 4D 45   ?Zu?}~~D0B179 ME
44 00 00 10 3F 5A 75 3F 7D 00 22 44 30 42 31 20   D~~~?Zu?}~"D0B1 
20 20 4D 45 44 00 00 3A 31 5A 75 3F 7D 00 19 44     MED~~:1Zu?}~~D
30 42 31 20 20 20 52 50 44 00 00 3C 3F 5A 75 3F   0B1   RPD~~<?Zu?
7E 00 0B 44 30 42 32 20 20 20 30 33 32 00 00 06   ~~~D0B2   032~~~
11 5A 75 3F 7E 00 19 44 30 42 31 35 30 20 49 4E   ~Zu?~~~D0B150 IN
4D 00 00 10 3F 5A 75 3F 7E 00 18 44 30 42 31 20   M~~~?Zu?~~~D0B1 
20 20 4D 45 44 00 00 5E 3F 5A 75 3F 7E 00 58 44     MED~~^?Zu?~~XD
30 42 31 38 38 20 4F 48 52 00 00 42 72 5A 75 3F   0B188 OHR~~BrZu?
7E 00 1C 44 30 42 31 37 39 20 43 49 4D 00 09 4F   ~~~D0B179 CIM~~O
3F 5A 75 3F 7E 00 20 44 30 42 31 20 20 20 39 39   ?Zu?~~ D0B1   99
39 00 00 10 3F 5A 75 3F 7E 00 1A 44 30 42 31 20   9~~~?Zu?~~~D0B1 
20 20 4D 45 44 00 00 3C 3F 5A 75 3F 7E 00 2B 44     MED~~<?Zu?~~+D
30 42 31 20 20 20 30 33 32 00 00 13 33 5A 75 3F   0B1   032~~~3Zu?
7F 00 26 44 30 42 31 20 20 20 20 20 20 00 00 2D   ~~&D0B1      ~~-
20 5A 75 3F 7F 00 17 44 30 42 31 20 20 20 50 44    Zu?~~~D0B1   PD
47 00 09 4F 31 5A 75 3F 7F 00 37 44 30 42 31 20   G~~O1Zu?~~7D0B1 
20 20 39 39 39 00 00 4E 3F 5A 75 3F 7F 00 2F 44     999~~N?Zu?~~/D
30 42 31 20 20 20 49 53 20 00 09 4E 3F 5A 75 3F   0B1   IS ~~N?Zu?
7F 00 19 44 30 42 31 37 36 20 20 20 20 00 00 10   ~~~D0B176    ~~~
3F 5A 75 3F 7F 00 1C 44 30 42 31 20 20 20 4D 45   ?Zu?~~~D0B1   ME
44 00 09 4F 3F 5A 75 3F 7F 00 28 44 30 42 31 20   D~~O?Zu?~~(D0B1 
20 20 46 45 50 00 09 50 3F 5A 75 3F 3F 00 19 44     FEP~~P?Zu??~~D
30 42 31 20 20 20 4D 45 44 00 00 10 3F 5A 75 3F   0B1   MED~~~?Zu?
3F 00 1D 44 30 42 31 20 20 20 41 44 56 00 00 58   ?~~D0B1   ADV~~X
3F 5A 75 3F 3F 00 41 44 30 42 31 35 34 20 36 33   ?Zu??~AD0B154 63
33 00 09 4E 3F 5A 75 3F 3F 00 19 44 30 42 31 20   3~~N?Zu??~~D0B1 
20 20 4D 45 44 00 00 42 72 5A 75 3F 3F 00 12 44     MED~~BrZu??~~D
30 42 32 20 20 20 43 49 4D 00 09 51 2A 5A 75 3F   0B2   CIM~~Q*Zu?
3F 00 58 44 30 42 31 20 20 20 4E 56 54 00 00 10   ?~XD0B1   NVT~~~
3F 5A 75 3F 3F 00 31 44 30 42 31 20 20 20 4D 45   ?Zu??~1D0B1   ME
44 00 09 51 1F 5A 75 3F 3F 00 4E 44 30 42 31 20   D~~Q~Zu??~ND0B1 
20 20 41 44 56 00 00 4E 3F 5A 75 3F 3F 00 15 44     ADV~~N?Zu??~~D
30 42 31 36 39 20 43 53 20 00 09 50 3F 5A 75 3F   0B169 CS ~~P?Zu?
3F 00 23 44 30 42 31 20 20 20 34 31 30 00 00 0F   ?~#D0B1   410~~~
12 5A 75 3F 3F 00 20 44 30 42 31 20 20 20 4D 41   ~Zu??~ D0B1   MA
20 00 00 3C 3F 5A 75 3F 3F 00 0F 44 30 42 31 33    ~~<?Zu??~~D0B13
39 20 30 33 32 00 00 06 11 5A 75 3F 3F 00 0D 44   9 032~~~~Zu??~~D
30 42 31 4E 4E 20 49 4E 4D 00 09 50 3F 5A 75 3F   0B1NN INM~~P?Zu?
3F 01 3F 44 30 42 31 20 20 20 48 4D 48 00 09 4E   ?~?D0B1   HMH~~N
3F 5A 75 3F 3F 00 15 44 30 42 31 37 30 20 50 45   ?Zu??~~D0B170 PE
55 00 00 39 3F 5A 75 3F 3F 00 2E 44 30 45 31 20   U~~9?Zu??~.D0E1 
20 20 43 4F 4D 00 00 4E 3F 5A 75 3F 3F 00 2B 44     COM~~N?Zu??~+D
30 42 31 20 20 20 49 53 20 00 00 56 3F 5A 75 3F   0B1   IS ~~V?Zu?
3F 00 6E 44 30 42 32 20 20 20 41 50 54 00 09 50   ?~nD0B2   APT~~P
3F 5A 75 3F 3F 00 25 44 30 42 31 20 20 20 4D 45   ?Zu??~%D0B1   ME
44 00 09 50 3F 5A 75 3F 3F 01 6B 44 30 42 31 20   D~~P?Zu??~kD0B1 
20 20 20 20 20 00 09 51 72 5A 75 3F 3F 00 53 44        ~~QrZu??~SD
30 42 31 20 20 20 41 42 41 00 00 3C 3F 5A 75 3F   0B1   ABA~~<?Zu?
3F 00 17 44 30 42 31 37 39 20 30 33 32 00 09 4E   ?~~D0B179 032~~N
3F 5A 75 3F 3F 00 1B 44 30 42 31 38 38 20 50 45   ?Zu??~~D0B188 PE
55 00 00 58 3F 5A 75 3F 3F 00 7D 44 30 42 31 34   U~~X?Zu??~}D0B14
31 20 36 33 33 00 00 06 11 5A 75 3F 3F 00 1C 44   1 633~~~~Zu??~~D
30 42 31 35 30 20 49 4E 4D 00 09 50 3F 5A 75 3F   0B150 INM~~P?Zu?
3F 00 26 44 30 42 31 31 33 20 4C 4F 59 00 00 10   ?~&D0B113 LOY~~~
3F 5A 75 3F 3F 00 19 44 30 42 31 37 30 20 41 44   ?Zu??~~D0B170 AD
56 00 00 4E 3F 5A 75 3F 3F 00 21 44 30 42 31 20   V~~N?Zu??~!D0B1 
20 20 49 53 20 00 00 4E 3F 5A 75 3F 3F 00 26 44     IS ~~N?Zu??~&D
30 42 31 20 20 20 46 4D 20 00 00 10 3F 5A 75 3F   0B1   FM ~~~?Zu?
3F 00 18 44 30 42 31 20 20 20 41 44 56 00 00 06   ?~~D0B1   ADV~~~
11 5A 75 3F 3F 00 17 44 30 42 31 35 30 20 49 4E   ~Zu??~~D0B150 IN
4D 00 09 4F 31 5A 75 3F 3F 00 3C 44 30 42 31 37   M~~O1Zu??~<D0B17
39 20 39 39 39 00 00 13 33 5A 75 3F 3F 00 11 44   9 999~~~3Zu??~~D
30 42 31 36 39 20 20 20 20 00 00 42 72 5A 75 3F   0B169    ~~BrZu?
3F 00 2E 44 30 42 31 20 20 20 43 49 4D 00 09 50   ?~.D0B1   CIM~~P
3F 5A 75 3F 3F 00 26 44 30 42 31 37 36 20 30 30   ?Zu??~&D0B176 00
36 00 00 3C 3F 5A 75 3F 3F 00 29 44 30 42 31 20   6~~<?Zu??~)D0B1 
20 20 30 33 32 00 00 10 3F 5A 75 3F 3F 00 25 44     032~~~?Zu??~%D
30 42 31 20 20 20 4D 45 44 00 00 42 72 5A 75 3F   0B1   MED~~BrZu?
3F 00 1E 44 30 42 31 20 20 20 43 49 4D 00 00 4B   ?~~D0B1   CIM~~K
1F 5A 75 3F 3F 00 28 44 30 42 32 20 20 20 54 48   ~Zu??~(D0B2   TH
53 00 09 4F 3F 5A 75 3F 3F 00 2D 44 30 42 31 20   S~~O?Zu??~-D0B1 
20 20 46 45 50 00 09 4E 3F 5A 75 3F 3F 00 24 44     FEP~~N?Zu??~$D
30 42 31 20 20 20 4D 45 44 00 00 10 3F 5A 75 3F   0B1   MED~~~?Zu?
3F 00 11 44 30 42 31 20 20 20 4D 45 44 00 00 10   ?~~D0B1   MED~~~
3F 5A 75 3F 3F 00 2A 44 30 42 31 20 20 20 4D 45   ?Zu??~*D0B1   ME
44 00 09 50 3F 5A 75 3F 3F 00 3F 44 30 42 31 20   D~~P?Zu??~?D0B1 
20 20 42 43 42 00 00 30 18 5A 75 3F 3F 00 52 44     BCB~~0~Zu??~RD
30 42 31 37 39 20 50 41 52 00 09 4F 31 5A 75 3F   0B179 PAR~~O1Zu?
3F 00 05 44 30 42 32 38 37 20 39 39 39 00 00 10   ?~~D0B287 999~~~
3F 5A 75 3F 3F 00 15 44 30 42 31 20 20 20 41 44   ?Zu??~~D0B1   AD
56 00 00 47 38 5A 75 3F 3F 00 21 44 30 42 31 20   V~~G8Zu??~!D0B1 
20 20 50 42 4D 00 00 3C 3F 5A 75 3F 3F 00 36 44     PBM~~<?Zu??~6D
30 42 31 20 20 20 30 33 32 00 00 3C 3F 5A 75 3F   0B1   032~~<?Zu?
3F 00 0E 44 30 42 32 20 20 20 30 33 32 00 00 0F   ?~~D0B2   032~~~
12 5A 75 3F 3F 00 27 44 30 42 31 20 20 20 4D 44   ~Zu??~'D0B1   MD
20 00 09 4E 3F 5A 75 3F 3F 00 11 44 30 42 32 20    ~~N?Zu??~~D0B2 
20 20 20 20 20 00 09 51 72 5A 75 3F 3F 00 59 44        ~~QrZu??~YD
30 42 31 20 20 20 41 42 41 00 00 10 3F 5A 75 3F   0B1   ABA~~~?Zu?
3F 00 18 44 30 42 31 20 20 20 41 44 56 00 09 3F   ?~~D0B1   ADV~~?
45 5A 75 3F 3F 01 0F 44 30 42 31 20 20 20 43 52   EZu??~~D0B1   CR
58 00 00 10 3F 5A 75 3F 3F 00 2E 44 30 42 31 37   X~~~?Zu??~.D0B17
39 20 41 44 56 00 00 30 18 5A 75 3F 3F 00 68 44   9 ADV~~0~Zu??~hD
30 42 31 37 39 20 50 41 52 00 09 4F 31 5A 75 3F   0B179 PAR~~O1Zu?
3F 00 16 44 30 42 32 20 20 20 39 39 39 00 00 10   ?~~D0B2   999~~~
3F 5A 75 3F 3F 00 09 44 30 42 32 20 20 20 41 44   ?Zu??~~D0B2   AD
56 00 00 10 3F 5A 75 3F 3F 00 22 44 30 42 31 37   V~~~?Zu??~"D0B17
39 20 4D 45 44 00 09 50 3F 5A 75 3F 3F 00 1D 44   9 MED~~P?Zu??~~D
30 42 32 20 20 20 30 30 36 00 09 50 3F 5A 75 3F   0B2   006~~P?Zu?
3F 00 24 44 30 42 31 20 20 20 4D 45 44 00 00 30   ?~$D0B1   MED~~0
18 5A 75 3F 3F 00 18 44 30 42 32 20 20 20 50 41   ~Zu??~~D0B2   PA
52 00 00 58 3F 5A 75 3F 3F 00 3F 44 30 42 31 20   R~~X?Zu??~?D0B1 
20 20 36 33 33 00 00 4E 3F 5A 75 3F 3F 00 1A 44     633~~N?Zu??~~D
30 42 31 37 30 20 41 43 20 00 00 10 3F 5A 75 3F   0B170 AC ~~~?Zu?
3F 00 18 44 30 42 31 37 35 20 4D 45 44 00 09 4E   ?~~D0B175 MED~~N
3F 5A 75 3F 3F 00 20 44 30 42 31 20 20 20 48 50   ?Zu??~ D0B1   HP
48 00 00 4E 3F 5A 75 3F 3F 00 5E 44 30 42 31 20   H~~N?Zu??~^D0B1 
20 20 49 53 20 00 00 2D 3F 5A 75 3F 3F 00 04 44     IS ~~-?Zu??~~D
30 45 31 20 20 20 32 32 32 00 00 0F 12 5A 75 3F   0E1   222~~~~Zu?
3F 00 0A 44 30 42 32 20 20 20 41 34 20 00 00 10   ?~~D0B2   A4 ~~~
3F 5A 75 3F 3F 00 1F 44 30 42 31 37 39 20 4D 45   ?Zu??~~D0B179 ME
44 00 00 26 09 5A 75 3F 3F 00 3F 44 30 42 31 41   D~~&~Zu??~?D0B1A
46 20 50 30 30 00 00 58 3F 5A 75 3F 3F 00 3F 44   F P00~~X?Zu??~?D
30 42 31 20 20 20 36 33 33 00 00 2D 20 5A 75 3F   0B1   633~~- Zu?
3F 00 35 44 30 42 31 20 20 20 49 4C 44 00 00 10   ?~5D0B1   ILD~~~
3F 5A 75 3F 3F 00 27 44 30 42 31 20 20 20 41 44   ?Zu??~'D0B1   AD
56 00 00 19 3F 5A 75 3F 3F 00 0E 44 30 42 32 20   V~~~?Zu??~~D0B2 
20 20 20 20 20 00 00 10 3F 5A 75 3F 3F 00 1D 44        ~~~?Zu??~~D
30 42 31 37 39 20 41 44 56 00 00 10 3F 5A 75 3F   0B179 ADV~~~?Zu?
3F 00 3B 44 30 42 31 20 20 20 4D 45 44 00 00 0F   ?~;D0B1   MED~~~
12 5A 75 3F 3F 00 09 44 30 42 31 36 39 20 4D 44   ~Zu??~~D0B169 MD
20 00 09 4F 24 5A 75 3F 3F 00 39 44 30 42 31 20    ~~O$Zu??~9D0B1 
20 20 44 52 4D 00 09 4F 31 5A 75 3F 3F 00 06 44     DRM~~O1Zu??~~D
30 42 32 38 37 20 39 39 39 00 09 50 3F 5A 75 3F   0B287 999~~P?Zu?
3F 00 27 44 30 42 31 20 20 20 39 39 39 00 09 4F   ?~'D0B1   999~~O
3F 5A 75 3F 3F 00 21 44 30 42 31 20 20 20 39 39   ?Zu??~!D0B1   99
39 00 00 10 3F 5A 75 3F 3F 00 20 44 30 42 31 20   9~~~?Zu??~ D0B1 
20 20 4D 45 44 00 09 4E 3F 5A 75 3F 3F 00 17 44     MED~~N?Zu??~~D
30 42 31 37 30 20 50 45 55 00 00 3E 31 5A 75 3F   0B170 PEU~~>1Zu?
3F 00 34 44 30 42 31 20 20 20 41 53 50 00 00 10   ?~4D0B1   ASP~~~
3F 5A 75 3F 3F 00 61 44 30 42 31 37 39 20 41 44   ?Zu??~aD0B179 AD
56 00 00 58 3F 5A 75 3F 3F 00 1B 44 30 42 31 34   V~~X?Zu??~~D0B14
31 20 36 33 33 00 00 47 38 5A 75 3F 3F 00 1C 44   1 633~~G8Zu??~~D
30 42 31 20 20 20 50 42 4D 00 09 51 2E 5A 75 3F   0B1   PBM~~Q.Zu?
3F 00 39 44 30 42 31 20 20 20 48 4D 43 00 00 39   ?~9D0B1   HMC~~9
3F 5A 75 3F 3F 00 08 44 30 45 31 4D 36 20 43 4F   ?Zu??~~D0E1M6 CO
4D 00 00 10 3F 5A 75 3F 3F 00 0D 44 30 42 32 20   M~~~?Zu??~~D0B2 
20 20 4D 43 41 00 00 12 3F 5A 75 3F 3F 00 3A 44     MCA~~~?Zu??~:D
30 42 31 20 20 20 42 52 31 00 00 58 3F 5A 75 3F   0B1   BR1~~X?Zu?
3F 00 4D 44 30 42 31 20 20 20 36 33 33 00 00 3C   ?~MD0B1   633~~<
3F 5A 75 3F 0D 00 1E 44 30 42 31 45 55 20 30 33   ?Zu?~~~D0B1EU 03
32 00 00 5E 3F 5A 75 3F 0D 00 04 44 30 42 31 36   2~~^?Zu?~~~D0B16
43 20 4F 48 52 00 00 12 3F 5A 75 3F 0D 00 25 44   C OHR~~~?Zu?~~%D
30 42 31 37 30 20 53 4D 33 00 09 4E 3F 5A 75 3F   0B170 SM3~~N?Zu?
0E 00 28 44 30 42 31 20 20 20 50 45 55 00 00 3C   ~~(D0B1   PEU~~<
3F 5A 75 3F 0E 00 18 44 30 42 31 35 36 39 30 33   ?Zu?~~~D0B156903
32 00 00 3D 3F 5A 75 3F 0E 00 16 44 30 42 31 20   2~~=?Zu?~~~D0B1 
20 20 55 54 50 00 00 06 11 5A 75 3F 0E 00 57 44     UTP~~~~Zu?~~WD
30 42 31 35 30 20 49 4E 4D 00 00 5E 3F 5A 75 3F   0B150 INM~~^?Zu?
0E 00 3F 44 30 42 31 20 20 20 4F 48 52 00 09 4E   ~~?D0B1   OHR~~N
3F 5A 75 3F 0E 00 1D 44 30 42 31 20 20 20 50 45   ?Zu?~~~D0B1   PE
55 00 00 10 3F 5A 75 3F 0E 00 2E 44 30 42 31 37   U~~~?Zu?~~.D0B17
30 20 4D 45 44 00 09 4E 3F 5A 75 3F 0E 00 1B 44   0 MED~~N?Zu?~~~D
30 42 31 20 20 20 43 4F 50 00 00 10 3F 5A 75 3F   0B1   COP~~~?Zu?
0E 00 0C 44 30 42 31 36 43 20 41 44 56 00 09 4F   ~~~D0B16C ADV~~O
31 5A 75 3F 0E 00 25 44 30 42 31 37 39 20 39 39   1Zu?~~%D0B179 99
39 00 09 50 3F 5A 75 3F 0F 00 30 44 30 42 31 38   9~~P?Zu?~~0D0B18
38 20 34 33 34 00 00 10 3F 5A 75 3F 0F 00 20 44   8 434~~~?Zu?~~ D
30 42 31 20 20 20 41 44 56 00 09 50 3F 5A 75 3F   0B1   ADV~~P?Zu?
0F 00 14 44 30 42 32 20 20 20 4D 45 44 00 09 51   ~~~D0B2   MED~~Q
72 5A 75 3F 0F 00 3E 44 30 42 31 20 20 20 41 42   rZu?~~>D0B1   AB
41 00 00 29 53 5A 75 3F 0F 00 33 44 30 42 31 36   A~~)SZu?~~3D0B16
39 20 4F 4B 41 00 00 3D 3F 5A 75 3F 10 00 14 44   9 OKA~~=?Zu?~~~D
30 42 31 37 30 20 4F 48 50 00 00 10 3F 5A 75 3F   0B170 OHP~~~?Zu?
10 00 1F 44 30 42 31 20 20 20 4D 45 44 00 00 39   ~~~D0B1   MED~~9
3F 5A 75 3F 10 00 38 44 30 45 31 4D 36 20 43 4F   ?Zu?~~8D0E1M6 CO
4D 00 00 10 3F 5A 75 3F 10 00 0D 44 30 42 31 34   M~~~?Zu?~~~D0B14
31 20 4D 43 41 00 00 4E 3F 5A 75 3F 10 00 10 44   1 MCA~~N?Zu?~~~D
30 42 32 20 20 20 49 53 20 00 09 4F 31 5A 75 3F   0B2   IS ~~O1Zu?
10 00 18 44 30 42 31 36 39 20 39 39 39 00 09 4F   ~~~D0B169 999~~O
3F 5A 75 3F 11 00 32 44 30 42 31 20 20 20 57 52   ?Zu?~~2D0B1   WR
4B 00 00 47 3F 5A 75 3F 11 00 2A 44 30 42 32 20   K~~G?Zu?~~*D0B2 
20 20 4D 4E 4D 00 09 4E 3F 5A 75 3F 11 00 1A 44     MNM~~N?Zu?~~~D
30 42 31 20 20 20 4D 45 44 00 09 4F 3F 5A 75 3F   0B1   MED~~O?Zu?
12 00 08 44 30 42 32 20 20 20 39 39 39 00 09 4F   ~~~D0B2   999~~O
31 5A 75 3F 12 00 2D 44 30 42 31 20 20 20 39 39   1Zu?~~-D0B1   99
39 00 00 10 3F 5A 75 3F 12 00 0D 44 30 42 32 20   9~~~?Zu?~~~D0B2 
20 20 41 44 56 00 00 4A 3F 5A 75 3F 12 00 25 44     ADV~~J?Zu?~~%D
30 42 32 20 20 20 43 4E 52 00 00 4B 50 5A 75 3F   0B2   CNR~~KPZu?
12 00 3F 44 30 42 31 20 20 20 54 48 53 00 00 06   ~~?D0B1   THS~~~
11 5A 75 3F 12 00 49 44 30 42 31 37 30 20 49 4E   ~Zu?~~ID0B170 IN
4D 00 00 42 3F 5A 75 3F 12 00 25 44 30 42 31 36   M~~B?Zu?~~%D0B16
35 20 41 53 50 00 09 50 3F 5A 75 3F 13 00 22 44   5 ASP~~P?Zu?~~"D
30 42 31 34 59 20 4D 45 44 00 00 39 3F 5A 75 3F   0B14Y MED~~9?Zu?
13 00 2C 44 30 45 31 20 20 20 43 4F 4D 00 00 10   ~~,D0E1   COM~~~
32 5A 75 3F 13 00 3F 44 30 42 31 20 20 20 20 20   2Zu?~~?D0B1     
20 00 09 50 5F 5A 75 3F 13 00 2C 44 30 42 32 20    ~~P_Zu?~~,D0B2 
20 20 4E 48 43 00 00 12 3F 5A 75 3F 13 00 23 44     NHC~~~?Zu?~~#D
30 42 31 41 46 20 59 42 53 00 00 10 3F 5A 75 3F   0B1AF YBS~~~?Zu?
14 00 2E 44 30 42 31 20 20 20 4D 45 44 00 09 4F   ~~.D0B1   MED~~O
31 5A 75 3F 14 00 13 44 30 42 31 36 35 20 39 39   1Zu?~~~D0B165 99
39 00 09 50 3F 5A 75 3F 14 00 1D 44 30 42 31 37   9~~P?Zu?~~~D0B17
30 20 34 32 30 00 00 10 3F 5A 75 3F 14 00 17 44   0 420~~~?Zu?~~~D
30 42 31 37 30 20 4D 45 44 00 00 3C 3F 5A 75 3F   0B170 MED~~<?Zu?
14 00 13 44 30 42 31 37 39 20 30 33 32 00 00 3C   ~~~D0B179 032~~<
3F 5A 75 3F 14 00 3F 44 30 42 31 35 36 39 30 33   ?Zu?~~?D0B156903
32 00 00 4B 50 5A 75 3F 15 00 3F 44 30 42 31 20   2~~KPZu?~~?D0B1 
20 20 54 48 53 00 00 06 11 5A 75 3F 15 00 0E 44     THS~~~~Zu?~~~D
30 42 32 20 20 20 43 56 52 00 00 10 3F 5A 75 3F   0B2   CVR~~~?Zu?
15 00 1A 44 30 42 31 37 39 20 4D 45 44 00 09 4F   ~~~D0B179 MED~~O
3F 5A 75 3F 15 00 16 44 30 42 31 37 39 20 46 45   ?Zu?~~~D0B179 FE
50 00 00 10 3F 5A 75 3F 15 00 2E 44 30 42 31 20   P~~~?Zu?~~.D0B1 
20 20 4D 45 44 00 00 10 3F 5A 75 3F 16 00 16 44     MED~~~?Zu?~~~D
30 42 31 20 20 20 41 44 56 00 09 50 3F 5A 75 3F   0B1   ADV~~P?Zu?
16 00 28 44 30 42 31 20 20 20 34 33 34 00 00 4E   ~~(D0B1   434~~N
3F 5A 75 3F 16 00 0F 44 30 42 31 30 37 20 57 47   ?Zu?~~~D0B107 WG
20 00 09 4F 31 5A 75 3F 16 00 34 44 30 42 31 37    ~~O1Zu?~~4D0B17
39 20 39 39 39 00 00 10 3F 5A 75 3F 16 00 15 44   9 999~~~?Zu?~~~D
30 42 31 20 20 20 4D 45 44 00 00 50 3F 5A 75 3F   0B1   MED~~P?Zu?
16 00 26 44 30 42 31 20 20 20 54 48 53 00 09 50   ~~&D0B1   THS~~P
3F 5A 75 3F 16 00 4D 44 30 42 31 20 20 20 41 48   ?Zu?~~MD0B1   AH
50 00 00 3C 3F 5A 75 3F 16 00 15 44 30 42 31 33   P~~<?Zu?~~~D0B13
39 20 30 33 32 00 09 4F 31 5A 75 3F 16 00 29 44   9 032~~O1Zu?~~)D
30 42 31 20 20 20 39 39 39 00 00 10 3F 5A 75 3F   0B1   999~~~?Zu?
17 00 1F 44 30 42 31 37 39 20 4D 45 44 00 00 2E   ~~~D0B179 MED~~.
73 5A 75 3F 17 00 0D 44 30 42 32 20 20 20 41 56   sZu?~~~D0B2   AV
49 00 09 4F 31 5A 75 3F 17 00 3B 44 30 42 31 20   I~~O1Zu?~~;D0B1 
20 20 39 39 39 00 00 3C 3F 5A 75 3F 17 00 23 44     999~~<?Zu?~~#D
30 42 31 20 20 20 30 33 32 00 09 50 3F 5A 75 3F   0B1   032~~P?Zu?
17 00 21 44 30 42 31 20 20 20 34 39 30 00 09 4F   ~~!D0B1   490~~O
3F 5A 75 3F 17 00 1A 44 30 42 31 20 20 20 39 39   ?Zu?~~~D0B1   99
39 00 06 1A 3F 5A 75 3F 17 00 17 44 30 42 31 37   9~~~?Zu?~~~D0B17
30 20 30 31 30 00 09 50 3F 5A 75 3F 18 00 26 44   0 010~~P?Zu?~~&D
30 42 31 37 36 20 30 30 36 00 00 4B 50 5A 75 3F   0B176 006~~KPZu?
18 00 3F 44 30 42 31 20 20 20 54 48 53 00 09 4E   ~~?D0B1   THS~~N
3F 5A 75 3F 18 00 1D 44 30 42 31 37 30 20 49 52   ?Zu?~~~D0B170 IR
58 00 00 58 3F 5A 75 3F 18 00 74 44 30 42 31 20   X~~X?Zu?~~tD0B1 
20 20 36 33 33 00 00 33 3F 5A 75 3F 18 00 08 44     633~~3?Zu?~~~D
30 42 31 20 20 20 50 50 52 00 00 10 3F 5A 75 3F   0B1   PPR~~~?Zu?
18 00 18 44 30 42 31 20 20 20 4D 45 44 00 00 10   ~~~D0B1   MED~~~
3F 5A 75 3F 18 00 25 44 30 42 31 37 39 20 41 44   ?Zu?~~%D0B179 AD
56 00 09 50 3F 5A 75 3F 18 00 22 44 30 42 31 20   V~~P?Zu?~~"D0B1 
20 20 4D 45 44 00 00 2D 3F 5A 75 3F 19 00 01 44     MED~~-?Zu?~~~D
30 45 31 35 32 20 32 32 32 00 00 42 72 5A 75 3F   0E152 222~~BrZu?
19 00 22 44 30 42 31 20 20 20 43 49 4D 00 00 4A   ~~"D0B1   CIM~~J
3F 5A 75 3F 19 00 1F 44 30 42 31 35 30 20 43 4E   ?Zu?~~~D0B150 CN
52 00 09 4F 31 5A 75 3F 19 00 06 44 30 42 32 20   R~~O1Zu?~~~D0B2 
20 20 39 39 39 00 00 50 3F 5A 75 3F 19 00 2C 44     999~~P?Zu?~~,D
30 42 31 35 31 20 54 48 53 00 09 4F 31 5A 75 3F   0B151 THS~~O1Zu?
19 00 2A 44 30 42 31 20 20 20 39 39 39 00 00 3C   ~~*D0B1   999~~<
3F 5A 75 3F 19 00 1F 44 30 42 31 20 20 20 30 33   ?Zu?~~~D0B1   03
32 00 00 3C 3F 5A 75 3F 1A 00 40 44 30 42 31 20   2~~<?Zu?~~@D0B1 
20 20 30 33 32 00 00 2D 3F 5A 75 3F 1A 00 08 44     032~~-?Zu?~~~D
30 45 31 35 32 20 32 32 32 00 00 10 3F 5A 75 3F   0E152 222~~~?Zu?
1A 00 25 44 30 42 31 20 20 20 4D 45 44 00 00 10   ~~%D0B1   MED~~~
3F 5A 75 3F 1B 00 1D 44 30 42 31 20 20 20 4D 45   ?Zu?~~~D0B1   ME
44 00 06 1A 3F 5A 75 3F 1B 00 15 44 30 42 31 20   D~~~?Zu?~~~D0B1 
20 20 30 30 32 00 00 10 3F 5A 75 3F 1B 00 21 44     002~~~?Zu?~~!D
30 42 31 20 20 20 4D 45 44 00 00 3C 3F 5A 75 3F   0B1   MED~~<?Zu?
1C 00 20 44 30 42 31 20 20 20 30 33 32 00 09 51   ~~ D0B1   032~~Q
72 5A 75 3F 1C 00 48 44 30 42 31 20 20 20 41 42   rZu?~~HD0B1   AB
41 00 00 4E 3F 5A 75 3F 1C 00 0D 44 30 42 31 20   A~~N?Zu?~~~D0B1 
20 20 57 47 20 00 09 50 3F 5A 75 3F 1C 00 1B 44     WG ~~P?Zu?~~~D
30 42 31 37 33 20 30 30 36 00 09 4F 31 5A 75 3F   0B173 006~~O1Zu?
1C 00 29 44 30 42 31 37 30 20 39 39 39 00 00 10   ~~)D0B170 999~~~
3F 5A 75 3F 1C 00 1D 44 30 42 31 20 20 20 4D 45   ?Zu?~~~D0B1   ME
44 00 00 39 3F 5A 75 3F 1D 00 1F 44 30 45 31 4D   D~~9?Zu?~~~D0E1M
36 20 43 4F 4D 00 00 2E 73 5A 75 3F 1D 00 1A 44   6 COM~~.sZu?~~~D
30 42 31 20 20 20 20 20 20 00 09 29 6C 5A 75 3F   0B1      ~~)lZu?
1D 00 1E 44 30 42 31 20 20 20 30 36 32 00 00 42   ~~~D0B1   062~~B
3F 5A 75 3F 1E 00 55 44 30 42 31 20 20 20 41 53   ?Zu?~~UD0B1   AS
50 00 09 4F 3F 5A 75 3F 1E 00 1B 44 30 42 31 20   P~~O?Zu?~~~D0B1 
20 20 37 37 37 00 00 10 3F 5A 75 3F 1E 00 25 44     777~~~?Zu?~~%D
30 42 31 20 20 20 4D 45 44 00 00 10 3F 5A 75 3F   0B1   MED~~~?Zu?
1E 00 1E 44 30 42 31 20 20 20 4D 45 44 00 00 10   ~~~D0B1   MED~~~
3F 5A 75 3F 1E 00 3E 44 30 42 31 20 20 20 4D 45   ?Zu?~~>D0B1   ME
44 00 00 4E 3F 5A 75 3F 1F 00 2C 44 30 42 31 20   D~~N?Zu?~~,D0B1 
20 20 49 53 20 00 00 3C 3F 5A 75 3F 1F 00 27 44     IS ~~<?Zu?~~'D
30 42 31 20 20 20 30 33 32 00 00 5E 3F 5A 75 3F   0B1   032~~^?Zu?
1F 00 48 44 30 42 31 20 20 20 4F 48 52 00 00 2D   ~~HD0B1   OHR~~-
3F 5A 75 3F 1F 00 04 44 30 45 31 20 20 20 32 32   ?Zu?~~~D0E1   22
32 00 00 10 3F 5A 75 3F 1F 00 0D 44 30 42 32 20   2~~~?Zu?~~~D0B2 
20 20 4D 43 41 00 00 10 3F 5A 75 3F 1F 00 0D 44     MCA~~~?Zu?~~~D
30 42 31 36 39 20 4D 45 44 00 00 12 3F 5A 75 3F   0B169 MED~~~?Zu?
1F 00 64 44 30 42 31 20 20 20 53 50 32 00 00 10   ~~dD0B1   SP2~~~
3F 5A 75 3F 1F 00 22 44 30 42 31 20 20 20 4D 45   ?Zu?~~"D0B1   ME
44 00 09 4F 31 5A 75 3F 20 00 22 44 30 42 31 20   D~~O1Zu? ~"D0B1 
20 20 39 39 39 00 00 10 3F 5A 75 3F 20 00 2A 44     999~~~?Zu? ~*D
30 42 31 38 38 20 41 44 56 00 09 4F 31 5A 75 3F   0B188 ADV~~O1Zu?
20 00 2E 44 30 42 31 37 39 20 39 39 39 00 00 54    ~.D0B179 999~~T
3F 5A 75 3F 20 00 14 44 30 42 31 20 20 20 20 20   ?Zu? ~~D0B1     
20 00 00 12 3F 5A 75 3F 20 00 47 44 30 42 31 20    ~~~?Zu? ~GD0B1 
20 20 41 52 31 00 00 47 38 5A 75 3F 21 00 29 44     AR1~~G8Zu?!~)D
30 42 31 36 35 20 50 42 4D 00 09 51 72 5A 75 3F   0B165 PBM~~QrZu?
21 00 3A 44 30 42 31 20 20 20 41 42 41 00 00 3C   !~:D0B1   ABA~~<
3F 5A 75 3F 21 00 1C 44 30 42 32 20 20 20 30 33   ?Zu?!~~D0B2   03
32 00 00 0F 12 5A 75 3F 21 00 20 44 30 42 31 20   2~~~~Zu?!~ D0B1 
20 20 41 34 20 00 09 51 72 5A 75 3F 21 00 5B 44     A4 ~~QrZu?!~[D
30 42 31 20 20 20 41 42 41 00 00 0F 12 5A 75 3F   0B1   ABA~~~~Zu?
21 00 0C 44 30 42 31 4D 52 20 4D 41 20 00 00 10   !~~D0B1MR MA ~~~
3F 5A 75 3F 21 00 24 44 30 42 31 20 20 20 4D 45   ?Zu?!~$D0B1   ME
44 00 00 2D 09 5A 75 3F 22 00 05 44 30 42 31 35   D~~-~Zu?"~~D0B15
35 37 50 30 32 00 00 4E 3F 5A 75 3F 22 00 1C 44   57P02~~N?Zu?"~~D
30 42 31 20 20 20 49 53 20 00 00 4B 50 5A 75 3F   0B1   IS ~~KPZu?
22 03 3D 44 30 42 31 20 20 20 54 48 53 00 00 4C   "~=D0B1   THS~~L
3F 5A 75 3F 22 00 1C 44 30 42 32 20 20 20 30 31   ?Zu?"~~D0B2   01
39 00 09 4E 3F 5A 75 3F 23 00 3E 44 30 42 31 37   9~~N?Zu?#~>D0B17
36 20 49 52 58 00 00 10 3F 5A 75 3F 23 00 0F 44   6 IRX~~~?Zu?#~~D
30 42 31 36 39 20 41 44 56 00 00 4E 3F 5A 75 3F   0B169 ADV~~N?Zu?
23 00 1D 44 30 42 31 37 30 20 49 53 20 00 00 10   #~~D0B170 IS ~~~
3F 5A 75 3F 23 00 0A 44 30 42 32 20 20 20 4D 45   ?Zu?#~~D0B2   ME
44 00 00 10 3F 5A 75 3F 24 00 0F 44 30 42 32 20   D~~~?Zu?$~~D0B2 
20 20 41 44 56 00 00 10 3F 5A 75 3F 24 00 21 44     ADV~~~?Zu?$~!D
30 42 31 20 20 20 41 44 56 00 09 4F 31 5A 75 3F   0B1   ADV~~O1Zu?
24 00 11 44 30 42 32 20 20 20 39 39 39 00 00 10   $~~D0B2   999~~~
3F 5A 75 3F 24 00 38 44 30 42 31 20 20 20 4D 45   ?Zu?$~8D0B1   ME
44 00 00 30 18 5A 75 3F 24 00 4A 44 30 42 31 38   D~~0~Zu?$~JD0B18
38 20 50 41 52 00 00 3C 3F 5A 75 3F 24 00 25 44   8 PAR~~<?Zu?$~%D
30 42 31 20 20 20 30 33 32 00 00 10 3F 5A 75 3F   0B1   032~~~?Zu?
25 00 13 44 30 42 31 20 20 20 41 44 56 00 00 5D   %~~D0B1   ADV~~]
48 5A 75 3F 25 00 3C 44 30 42 31 20 20 20 4B 59   HZu?%~<D0B1   KY
50 00 00 10 3F 5A 75 3F 25 00 09 44 30 42 32 20   P~~~?Zu?%~~D0B2 
20 20 4D 43 41 00 00 4B 50 5A 75 3F 25 00 3F 44     MCA~~KPZu?%~?D
30 42 31 20 20 20 54 48 53 00 09 4F 31 5A 75 3F   0B1   THS~~O1Zu?
25 00 0E 44 30 42 32 20 20 20 39 39 39 00 09 4F   %~~D0B2   999~~O
31 5A 75 3F 26 00 26 44 30 42 31 20 20 20 39 39   1Zu?&~&D0B1   99
39 00 09 4F 31 5A 75 3F 26 00 0A 44 30 42 32 20   9~~O1Zu?&~~D0B2 
20 20 39 39 39 00 00 39 3F 5A 75 3F 26 00 6B 44     999~~9?Zu?&~kD
30 45 31 4D 36 20 43 4F 4D 00 09 4E 3F 5A 75 3F   0E1M6 COM~~N?Zu?
26 00 27 44 30 42 31 20 20 20 20 20 20 00 00 24   &~'D0B1      ~~$
31 5A 75 3F 26 00 29 44 30 42 32 20 20 20 41 47   1Zu?&~)D0B2   AG
20 00 09 50 3F 5A 75 3F 27 00 4B 44 30 42 31 20    ~~P?Zu?'~KD0B1 
20 20 43 53 50 00 09 4F 31 5A 75 3F 27 00 1C 44     CSP~~O1Zu?'~~D
30 42 31 37 30 20 39 39 39 00 00 42 72 5A 75 3F   0B170 999~~BrZu?
27 00 23 44 30 42 31 20 20 20 43 49 4D 00 00 47   '~#D0B1   CIM~~G
38 5A 75 3F 27 00 27 44 30 42 31 20 20 20 50 42   8Zu?'~'D0B1   PB
4D 00 00 49 3F 5A 75 3F 27 00 42 44 30 42 31 20   M~~I?Zu?'~BD0B1 
20 20 45 4D 50 00 09 2D 3F 5A 75 3F 27 00 27 44     EMP~~-?Zu?'~'D
30 42 31 20 20 20 20 20 20 00 00 3C 3F 5A 75 3F   0B1      ~~<?Zu?
27 00 25 44 30 42 31 20 20 20 30 33 32 00 00 42   '~%D0B1   032~~B
72 5A 75 3F 27 00 25 44 30 42 31 20 20 20 43 49   rZu?'~%D0B1   CI
4D 00 00 34 3F 5A 75 3F 27 00 43 44 30 42 31 20   M~~4?Zu?'~CD0B1 
20 20 54 58 53 00 00 12 3F 5A 75 3F 28 00 07 44     TXS~~~?Zu?(~~D
30 42 32 20 20 20 59 47 4B 00 00 41 3F 5A 75 3F   0B2   YGK~~A?Zu?
28 00 10 44 30 42 31 33 39 20 50 44 50 00 00 10   (~~D0B139 PDP~~~
3F 5A 75 3F 28 00 21 44 30 42 31 20 20 20 4D 45   ?Zu?(~!D0B1   ME
44 00 00 3C 3F 5A 75 3F 28 00 1D 44 30 42 31 20   D~~<?Zu?(~~D0B1 
20 20 30 33 32 00 00 10 3F 5A 75 3F 28 00 1C 44     032~~~?Zu?(~~D
30 42 31 37 39 20 4D 45 44 00 00 10 3F 5A 75 3F   0B179 MED~~~?Zu?
28 00 25 44 30 42 31 37 39 20 4D 45 44 00 00 54   (~%D0B179 MED~~T
3F 5A 75 3F 28 00 23 44 30 42 31 20 20 20 44 41   ?Zu?(~#D0B1   DA
54 00 00 2D 20 5A 75 3F 29 00 2C 44 30 42 31 20   T~~- Zu?)~,D0B1 
20 20 48 43 43 00 00 4C 3F 5A 75 3F 29 00 30 44     HCC~~L?Zu?)~0D
30 42 31 37 30 20 30 36 32 00 00 3C 3F 5A 75 3F   0B170 062~~<?Zu?
29 00 3A 44 30 42 31 35 36 39 30 35 34 00 00 0F   )~:D0B1569054~~~
12 5A 75 3F 29 00 48 44 30 42 31 37 30 20 44 4F   ~Zu?)~HD0B170 DO
44 00 00 10 3F 5A 75 3F 29 00 16 44 30 42 31 20   D~~~?Zu?)~~D0B1 
20 20 4D 45 44 00 00 10 3F 5A 75 3F 29 00 20 44     MED~~~?Zu?)~ D
30 42 31 20 20 20 4D 45 44 00 00 42 72 5A 75 3F   0B1   MED~~BrZu?
2A 00 31 44 30 42 31 20 20 20 43 49 4D 00 00 2D   *~1D0B1   CIM~~-
20 5A 75 3F 2A 00 22 44 30 42 31 20 20 20 49 4C    Zu?*~"D0B1   IL
43 00 09 4F 31 5A 75 3F 2A 00 1B 44 30 42 31 20   C~~O1Zu?*~~D0B1 
20 20 39 39 39 00 00 10 3F 5A 75 3F 2A 00 1F 44     999~~~?Zu?*~~D
30 42 31 20 20 20 4D 45 44 00 00 39 3F 5A 75 3F   0B1   MED~~9?Zu?
2A 00 5E 44 30 45 31 20 20 20 43 4F 4D 00 00 39   *~^D0E1   COM~~9
3F 5A 75 3F 2A 00 47 44 30 45 31 20 20 20 43 4F   ?Zu?*~GD0E1   CO
4D 00 00 4B 50 5A 75 3F 2A 01 1B 44 30 42 31 20   M~~KPZu?*~~D0B1 
20 20 54 48 53 00 09 4F 31 5A 75 3F 2A 00 2D 44     THS~~O1Zu?*~-D
30 42 31 20 20 20 39 39 39 00 00 26 09 5A 75 3F   0B1   999~~&~Zu?
2B 00 45 44 30 42 31 38 38 20 50 30 30 00 00 10   +~ED0B188 P00~~~
3F 5A 75 3F 2B 00 40 44 30 42 31 20 20 20 4D 45   ?Zu?+~@D0B1   ME
44 00 09 51 72 5A 75 3F 2B 00 4A 44 30 42 31 20   D~~QrZu?+~JD0B1 
20 20 41 42 41 00 09 4F 3F 5A 75 3F 2B 00 23 44     ABA~~O?Zu?+~#D
30 42 31 37 35 20 39 39 39 00 00 3D 3F 5A 75 3F   0B175 999~~=?Zu?
2B 00 1B 44 30 42 31 41 46 20 4F 48 50 00 00 10   +~~D0B1AF OHP~~~
3F 5A 75 3F 2B 00 2C 44 30 42 31 37 39 20 4D 43   ?Zu?+~,D0B179 MC
41 00 09 50 3F 5A 75 3F 2B 00 20 44 30 42 31 38   A~~P?Zu?+~ D0B18
38 20 39 39 39 00 00 10 3F 5A 75 3F 2B 00 12 44   8 999~~~?Zu?+~~D
30 42 32 20 20 20 41 44 56 00 00 32 3F 5A 75 3F   0B2   ADV~~2?Zu?
2C 00 05 44 30 42 32 20 20 20 49 50 43 00 00 10   ,~~D0B2   IPC~~~
3F 5A 75 3F 2C 00 31 44 30 42 31 20 20 20 4D 45   ?Zu?,~1D0B1   ME
44 00 09 4F 3F 5A 75 3F 2C 00 3F 44 30 42 31 20   D~~O?Zu?,~?D0B1 
20 20 50 48 58 00 00 10 3F 5A 75 3F 2C 00 1C 44     PHX~~~?Zu?,~~D
30 42 31 37 30 20 4D 45 44 00 0C 35 08 5A 75 3F   0B170 MED~~5~Zu?
2C 00 14 44 30 42 31 20 20 20 49 48 43 00 09 4F   ,~~D0B1   IHC~~O
31 5A 75 3F 2C 00 1E 44 30 42 31 20 20 20 39 39   1Zu?,~~D0B1   99
39 00 00 3C 3F 5A 75 3F 2D 00 3F 44 30 42 31 20   9~~<?Zu?-~?D0B1 
20 20 41 53 50 00 00 10 3F 5A 75 3F 2D 00 0E 44     ASP~~~?Zu?-~~D
30 42 32 20 20 20 4D 45 44 00 00 4E 3F 5A 75 3F   0B2   MED~~N?Zu?
2D 00 2F 44 30 42 31 20 20 20 57 47 20 00 00 10   -~/D0B1   WG ~~~
3F 5A 75 3F 2D 00 1E 44 30 42 31 20 20 20 4D 45   ?Zu?-~~D0B1   ME
44 00 09 4F 31 5A 75 3F 2D 00 13 44 30 42 32 20   D~~O1Zu?-~~D0B2 
20 20 39 39 39 00 00 45 3F 5A 75 3F 2E 00 0D 44     999~~E?Zu?.~~D
30 42 31 37 30 20 56 54 50 00 09 51 72 5A 75 3F   0B170 VTP~~QrZu?
2E 00 1F 44 30 42 32 20 20 20 41 42 41 00 09 51   .~~D0B2   ABA~~Q
72 5A 75 3F 2E 00 2A 44 30 42 32 20 20 20 41 42   rZu?.~*D0B2   AB
41 00 00 10 3F 5A 75 3F 2F 00 27 44 30 42 31 38   A~~~?Zu?/~'D0B18
38 20 4D 45 44 00 09 2C 3F 5A 75 3F 30 00 3F 44   8 MED~~,?Zu?0~?D
30 42 31 20 20 20 4F 48 43 00 09 4F 31 5A 75 3F   0B1   OHC~~O1Zu?
30 00 40 44 30 42 31 37 39 20 39 39 39 00 00 3C   0~@D0B179 999~~<
3F 5A 75 3F 30 00 1B 44 30 42 31 20 20 20 30 33   ?Zu?0~~D0B1   03
32 00 00 2D 3F 5A 75 3F 30 00 09 44 30 45 31 20   2~~-?Zu?0~~D0E1 
20 20 32 32 32 00 09 50 3F 5A 75 3F 30 00 21 44     222~~P?Zu?0~!D
30 42 31 20 20 20 34 38 30 00 00 4B 50 5A 75 3F   0B1   480~~KPZu?
30 00 3F 44 30 42 31 20 20 20 54 48 53 00 09 50   0~?D0B1   THS~~P
3F 5A 75 3F 30 00 1F 44 30 42 31 20 20 20 34 34   ?Zu?0~~D0B1   44
34 00 09 51 2A 5A 75 3F 30 00 42 44 30 42 31 20   4~~Q*Zu?0~BD0B1 
20 20 4D 43 44 00 00 10 3F 5A 75 3F 31 00 33 44     MCD~~~?Zu?1~3D
30 42 31 20 20 20 4D 45 44 00 09 4F 31 5A 75 3F   0B1   MED~~O1Zu?
31 00 31 44 30 42 31 20 20 20 39 39 39 00 00 4B   1~1D0B1   999~~K
50 5A 75 3F 31 00 3F 44 30 42 32 20 20 20 54 48   PZu?1~?D0B2   TH
53 00 00 3C 3F 5A 75 3F 31 00 67 44 30 42 31 20   S~~<?Zu?1~gD0B1 
20 20 30 33 32 00 00 3C 3F 5A 75 3F 31 00 25 44     032~~<?Zu?1~%D
30 42 31 20 20 20 30 33 32 00 09 50 3F 5A 75 3F   0B1   032~~P?Zu?
31 00 24 44 30 42 31 20 20 20 34 32 30 00 00 4B   1~$D0B1   420~~K
1F 5A 75 3F 31 00 3A 44 30 42 31 20 20 20 54 48   ~Zu?1~:D0B1   TH
53 00 00 2D 20 5A 75 3F 31 00 27 44 30 42 31 20   S~~- Zu?1~'D0B1 
20 20 50 44 50 00 00 4C 3F 5A 75 3F 32 00 65 44     PDP~~L?Zu?2~eD
30 42 31 41 43 20 30 31 39 00 00 39 3F 5A 75 3F   0B1AC 019~~9?Zu?
32 00 23 44 30 45 31 4D 36 20 43 4F 4D 00 00 60   2~#D0E1M6 COM~~`
3F 5A 75 3F 32 00 49 44 30 42 31 20 20 20 47 52   ?Zu?2~ID0B1   GR
4E 00 00 3C 3F 5A 75 3F 32 00 37 44 30 42 31 20   N~~<?Zu?2~7D0B1 
20 20 30 33 32 00 00 3E 21 5A 75 3F 32 00 2D 44     032~~>!Zu?2~-D
30 42 32 20 20 20 20 20 20 00 09 4F 31 5A 75 3F   0B2      ~~O1Zu?
32 00 2E 44 30 42 31 20 20 20 39 39 39 00 09 4F   2~.D0B1   999~~O
31 5A 75 3F 32 00 44 44 30 42 31 20 20 20 39 39   1Zu?2~DD0B1   99
39 00 09 4E 3F 5A 75 3F 33 00 19 44 30 42 32 20   9~~N?Zu?3~~D0B2 
20 20 20 20 20 00 09 4E 3F 5A 75 3F 33 00 11 44        ~~N?Zu?3~~D
30 42 32 20 20 20 49 52 58 00 00 5E 3F 5A 75 3F   0B2   IRX~~^?Zu?
33 00 32 44 30 42 31 34 31 20 4F 48 52 00 00 10   3~2D0B141 OHR~~~
3F 5A 75 3F 33 00 21 44 30 42 31 37 58 20 41 44   ?Zu?3~!D0B17X AD
56 00 09 51 21 5A 75 3F 33 00 20 44 30 42 31 37   V~~Q!Zu?3~ D0B17
38 20 4D 44 4C 00 00 10 3F 5A 75 3F 33 00 28 44   8 MDL~~~?Zu?3~(D
30 42 31 37 30 20 4D 45 44 00 09 50 3F 5A 75 3F   0B170 MED~~P?Zu?
33 00 20 44 30 42 31 37 30 20 4D 45 44 00 09 4F   3~ D0B170 MED~~O
3F 5A 75 3F 33 00 03 44 30 42 31 35 32 20 4F 50   ?Zu?3~~D0B152 OP
30 00 00 58 3F 5A 75 3F 33 00 3F 44 30 42 31 34   0~~X?Zu?3~?D0B14
31 20 36 33 33 00 00 34 62 5A 75 3F 33 00 01 44   1 633~~4bZu?3~~D
30 42 31 20 20 20 20 20 20 00 00 26 09 5A 75 3F   0B1      ~~&~Zu?
33 00 0F 44 30 42 31 35 45 20 50 30 30 00 00 5D   3~~D0B15E P00~~]
48 5A 75 3F 33 00 43 44 30 42 31 20 20 20 4B 59   HZu?3~CD0B1   KY
50 00 00 3C 3F 5A 75 3F 34 00 11 44 30 42 31 33   P~~<?Zu?4~~D0B13
39 20 30 33 32 00 00 30 18 5A 75 3F 34 00 15 44   9 032~~0~Zu?4~~D
30 42 32 20 20 20 50 41 52 00 00 42 72 5A 75 3F   0B2   PAR~~BrZu?
34 00 22 44 30 42 31 37 39 20 43 49 4D 00 00 10   4~"D0B179 CIM~~~
3F 5A 75 3F 34 00 0F 44 30 42 31 30 35 20 41 44   ?Zu?4~~D0B105 AD
56 00 00 3C 3F 5A 75 3F 35 00 37 44 30 42 31 20   V~~<?Zu?5~7D0B1 
20 20 30 33 32 00 00 42 72 5A 75 3F 35 00 2F 44     032~~BrZu?5~/D
30 42 31 20 20 20 43 49 4D 00 09 51 72 5A 75 3F   0B1   CIM~~QrZu?
35 00 31 44 30 42 31 20 20 20 41 42 41 00 00 4E   5~1D0B1   ABA~~N
3F 5A 75 3F 35 00 0A 44 30 42 32 20 20 20 49 53   ?Zu?5~~D0B2   IS
20 00 00 10 3F 5A 75 3F 35 00 1F 44 30 42 31 37    ~~~?Zu?5~~D0B17
30 20 4D 45 44 00 00 4E 3F 5A 75 3F 36 00 1C 44   0 MED~~N?Zu?6~~D
30 42 31 20 20 20 49 53 20 00 00 5F 3F 5A 75 3F   0B1   IS ~~_?Zu?
36 00 3F 44 30 42 31 35 33 35 41 52 58 00 09 51   6~?D0B1535ARX~~Q
72 5A 75 3F 36 00 58 44 30 42 31 37 39 20 41 42   rZu?6~XD0B179 AB
41 00 09 4F 24 5A 75 3F 36 00 5B 44 30 42 31 37   A~~O$Zu?6~[D0B17
30 20 50 43 53 00 00 4E 3F 5A 75 3F 36 00 1C 44   0 PCS~~N?Zu?6~~D
30 42 31 30 34 20 43 53 20 00 09 4E 3F 5A 75 3F   0B104 CS ~~N?Zu?
36 00 21 44 30 42 31 20 20 20 50 45 55 00 00 4B   6~!D0B1   PEU~~K
50 5A 75 3F 37 01 44 44 30 42 31 20 20 20 54 48   PZu?7~DD0B1   TH
53 00 00 2D 3F 5A 75 3F 37 00 72 44 30 45 31 35   S~~-?Zu?7~rD0E15
32 20 32 32 32 00 00 10 3F 5A 75 3F 37 00 17 44   2 222~~~?Zu?7~~D
30 42 31 20 20 20 4D 43 41 00 00 10 3F 5A 75 3F   0B1   MCA~~~?Zu?
38 00 13 44 30 42 31 38 38 39 41 44 56 00 00 5D   8~~D0B1889ADV~~]
48 5A 75 3F 38 00 42 44 30 42 31 37 58 20 4B 59   HZu?8~BD0B17X KY
50 00 09 4E 3F 5A 75 3F 38 00 25 44 30 42 31 20   P~~N?Zu?8~%D0B1 
20 20 20 20 20 00 00 0F 12 5A 75 3F 38 00 11 44        ~~~~Zu?8~~D
30 42 31 20 20 20 4D 41 20 00 09 4F 3F 5A 75 3F   0B1   MA ~~O?Zu?
38 00 17 44 30 42 31 20 20 20 39 39 39 00 00 10   8~~D0B1   999~~~
3F 5A 75 3F 39 00 1A 44 30 42 31 20 20 20 4D 45   ?Zu?9~~D0B1   ME
44 00 00 58 3F 5A 75 3F 39 00 70 44 30 42 31 20   D~~X?Zu?9~pD0B1 
20 20 36 33 33 00 00 3C 3F 5A 75 3F 39 00 1E 44     633~~<?Zu?9~~D
30 42 31 20 20 20 30 33 32 00 00 0F 3F 5A 75 3F   0B1   032~~~?Zu?
39 00 20 44 30 42 31 37 30 20 50 30 32 00 00 4B   9~ D0B170 P02~~K
50 5A 75 3F 3A 01 01 44 30 42 31 20 20 20 54 48   PZu?:~~D0B1   TH
53 00 09 4F 3F 5A 75 3F 3A 00 5D 44 30 42 31 20   S~~O?Zu?:~]D0B1 
20 20 4D 43 53 00 00 10 3F 5A 75 3F 3A 00 24 44     MCS~~~?Zu?:~$D
30 42 31 39 32 32 4D 43 41 00 00 4E 3F 5A 75 3F   0B1922MCA~~N?Zu?
3A 00 18 44 30 42 31 20 20 20 4E 43 20 00 00 10   :~~D0B1   NC ~~~
3F 5A 75 3F 3A 00 18 44 30 42 31 4D 52 20 41 44   ?Zu?:~~D0B1MR AD
56 00 09 4F 3F 5A 75 3F 3B 00 1F 44 30 42 31 20   V~~O?Zu?;~~D0B1 
20 20 46 45 50 00 00 06 11 5A 75 3F 3B 00 1B 44     FEP~~~~Zu?;~~D
30 42 31 20 20 20 47 41 4D 00 00 12 3F 5A 75 3F   0B1   GAM~~~?Zu?
3B 00 35 44 30 42 31 20 20 20 56 47 35 00 00 13   ;~5D0B1   VG5~~~
33 5A 75 3F 3C 00 2D 44 30 42 31 20 20 20 20 20   3Zu?<~-D0B1     
20 00 00 3C 3F 5A 75 3F 3C 00 45 44 30 42 31 20    ~~<?Zu?<~ED0B1 
20 20 41 53 50 00 00 0F 12 5A 75 3F 3C 00 1A 44     ASP~~~~Zu?<~~D
30 42 31 37 39 20 4D 44 20 00 00 4E 3F 5A 75 3F   0B179 MD ~~N?Zu?
3D 00 1B 44 30 42 31 20 20 20 49 53 20 00 00 26   =~~D0B1   IS ~~&
09 5A 75 3F 3D 00 5C 44 30 42 31 20 20 20 50 30   ~Zu?=~\D0B1   P0
30 00 00 10 3F 5A 75 3F 3D 00 27 44 30 42 31 20   0~~~?Zu?=~'D0B1 
20 20 4D 43 41 00 00 0F 12 5A 75 3F 3E 00 22 44     MCA~~~~Zu?>~"D
30 42 31 20 20 20 4D 44 20 00 00 10 3F 5A 75 3F   0B1   MD ~~~?Zu?
3E 00 3F 44 30 42 31 20 20 20 41 44 56 00 00 0E   >~?D0B1   ADV~~~
01 5A 75 3F 3E 00 72 44 30 42 31 20 20 20 41 53   ~Zu?>~rD0B1   AS
50 00 00 47 38 5A 75 3F 3E 00 2B 44 30 42 31 37   P~~G8Zu?>~+D0B17
30 20 50 42 4D 00 0C 35 04 5A 75 3F 3F 00 54 44   0 PBM~~5~Zu??~TD
30 42 31 20 20 20 30 30 38 00 00 10 3F 5A 75 3F   0B1   008~~~?Zu?
3F 00 50 44 30 42 31 20 20 20 4D 45 44 00 09 4F   ?~PD0B1   MED~~O
31 5A 75 3F 3F 00 1C 44 30 42 31 37 30 20 39 39   1Zu??~~D0B170 99
39 00 00 10 3F 5A 75 3F 3F 00 1E 44 30 42 31 38   9~~~?Zu??~~D0B18
38 20 4D 45 44 00 09 4F 31 5A 75 3F 3F 00 35 44   8 MED~~O1Zu??~5D
30 42 31 20 20 20 39 39 39 00 00 10 3F 5A 75 3F   0B1   999~~~?Zu?
40 00 15 44 30 42 31 20 20 20 41 44 56 00 00 3C   @~~D0B1   ADV~~<
3F 5A 75 3F 40 00 18 44 30 42 31 36 35 20 41 53   ?Zu?@~~D0B165 AS
50 00 00 12 3F 5A 75 3F 40 01 0E 44 30 42 31 20   P~~~?Zu?@~~D0B1 
20 20 55 53 4D 00 09 4F 31 5A 75 3F 40 00 3F 44     USM~~O1Zu?@~?D
30 42 31 37 39 20 39 39 39 00 09 51 2A 5A 75 3F   0B179 999~~Q*Zu?
40 00 39 44 30 42 31 37 30 20 4E 56 54 00 00 3C   @~9D0B170 NVT~~<
3F 5A 75 3F 40 00 46 44 30 42 31 20 20 20 41 53   ?Zu?@~FD0B1   AS
50 00 00 3C 3F 5A 75 3F 40 00 3F 44 30 42 31 20   P~~<?Zu?@~?D0B1 
20 20 41 53 50 00 09 50 3F 5A 75 3F 41 00 1A 44     ASP~~P?Zu?A~~D
30 42 31 38 38 20 34 36 34 00 00 10 3F 5A 75 3F   0B188 464~~~?Zu?
41 00 23 44 30 42 31 20 20 20 41 44 56 00 00 10   A~#D0B1   ADV~~~
3F 5A 75 3F 41 00 1B 44 30 42 31 20 20 20 4D 45   ?Zu?A~~D0B1   ME
44 00 09 51 2A 5A 75 3F 41 00 44 44 30 42 31 37   D~~Q*Zu?A~DD0B17
58 20 45 47 57 00 09 4F 31 5A 75 3F 41 00 23 44   X EGW~~O1Zu?A~#D
30 42 31 20 20 20 39 39 39 00 00 17 3B 5A 75 3F   0B1   999~~~;Zu?
42 00 2A 44 30 42 31 20 20 20 43 4C 41 00 00 12   B~*D0B1   CLA~~~
3F 5A 75 3F 42 00 1C 44 30 42 31 45 56 20 4A 4D   ?Zu?B~~D0B1EV JM
03                                                ~