
02 31 35 30 36 37 30 31 36 34 35 44 31 30 30 00   ~1506701645D100~
00 31 30 54 50 30 30 30 30 5A 58 30 39 45 43 4C   ~10TP0000ZX09ECL
4D 1E 48 56 33 00 00 00 7D 01 3F 07 3F 00 02 00   M~HV3~~~}~?~?~~~
02 00 0D 00 22 00 35 00 34 00 00 00 23 55 3F 3F   ~~~~"~5~4~~~#U??
08 00 05 00 0A 00 00 1E 48 00 0C 35 08 5A 75 3F   ~~~~~~~~H~~5~Zu?
2C 00 18 44 30 42 31 20 20 20 20 20 20 00 09 51   ,~~D0B1      ~~Q
1F 5A 75 3F 2C 00 26 44 30 42 31 37 30 20 4D 45   ~Zu?,~&D0B170 ME
44 00 09 50 3F 5A 75 3F 2C 00 11 44 30 42 32 20   D~~P?Zu?,~~D0B2 
20 20 4D 45 44 00 09 4F 3F 5A 75 3F 2C 00 22 44     MED~~O?Zu?,~"D
30 42 31 20 20 20 46 45 50 00 09 4F 3F 5A 75 3F   0B1   FEP~~O?Zu?
2C 00 2F 44 30 42 31 20 20 20 46 45 50 00 00 10   ,~/D0B1   FEP~~~
3F 5A 75 3F 2D 00 14 44 30 42 32 20 20 20 4D 45   ?Zu?-~~D0B2   ME
44 00 09 51 72 5A 75 3F 2D 00 3B 44 30 42 31 20   D~~QrZu?-~;D0B1 
20 20 41 42 41 00 09 51 1F 5A 75 3F 2D 00 21 44     ABA~~Q~Zu?-~!D
30 42 31 20 20 20 41 44 56 00 00 10 3F 5A 75 3F   0B1   ADV~~~?Zu?
2D 00 15 44 30 42 31 20 20 20 41 44 56 00 00 10   -~~D0B1   ADV~~~
3F 5A 75 3F 2D 00 28 44 30 42 31 20 20 20 4D 45   ?Zu?-~(D0B1   ME
44 00 00 10 3F 5A 75 3F 2D 00 0F 44 30 42 31 20   D~~~?Zu?-~~D0B1 
20 20 41 44 56 00 09 4F 31 5A 75 3F 2D 00 13 44     ADV~~O1Zu?-~~D
30 42 32 20 20 20 39 39 39 00 09 4F 31 5A 75 3F   0B2   999~~O1Zu?
2D 00 0D 44 30 42 32 20 20 20 39 39 39 00 09 50   -~~D0B2   999~~P
3F 5A 75 3F 2D 00 1D 44 30 42 31 38 38 20 39 39   ?Zu?-~~D0B188 99
39 00 00 10 3F 5A 75 3F 2E 00 0D 44 30 42 31 37   9~~~?Zu?.~~D0B17
37 20 41 44 56 00 00 3C 3F 5A 75 3F 2E 00 19 44   7 ADV~~<?Zu?.~~D
30 42 31 20 20 20 30 33 32 00 09 51 72 5A 75 3F   0B1   032~~QrZu?
2E 00 1B 44 30 42 32 20 20 20 41 42 41 00 00 0F   .~~D0B2   ABA~~~
3F 5A 75 3F 2E 00 3F 44 30 42 31 20 20 20 34 33   ?Zu?.~?D0B1   43
2D 00 09 4F 3F 5A 75 3F 2E 00 1C 44 30 42 31 20   -~~O?Zu?.~~D0B1 
20 20 39 39 39 00 00 42 72 5A 75 3F 2E 00 12 44     999~~BrZu?.~~D
30 42 32 20 20 20 30 32 31 00 00 10 3F 5A 75 3F   0B2   021~~~?Zu?
2F 00 18 44 30 42 31 38 38 20 4D 45 44 00 00 4E   /~~D0B188 MED~~N
3F 5A 75 3F 2F 00 20 44 30 42 31 37 36 20 41 43   ?Zu?/~ D0B176 AC
20 00 00 2D 20 5A 75 3F 2F 00 35 44 30 42 31 20    ~~- Zu?/~5D0B1 
20 20 49 4C 44 00 00 43 7A 5A 75 3F 2F 00 2D 44     ILD~~CzZu?/~-D
30 42 31 20 20 20 50 44 4D 00 09 29 6C 5A 75 3F   0B1   PDM~~)lZu?
30 00 15 44 30 42 31 20 20 20 30 36 32 00 09 4F   0~~D0B1   062~~O
3F 5A 75 3F 30 00 15 44 30 42 31 20 20 20 4F 50   ?Zu?0~~D0B1   OP
30 00 00 56 3F 5A 75 3F 30 00 3F 44 30 42 31 20   0~~V?Zu?0~?D0B1 
20 20 50 53 54 00 00 0F 3F 5A 75 3F 30 00 3F 44     PST~~~?Zu?0~?D
30 42 31 20 20 20 34 33 2D 00 00 10 3F 5A 75 3F   0B1   43-~~~?Zu?
30 00 13 44 30 42 31 37 35 20 41 44 56 00 00 3C   0~~D0B175 ADV~~<
3F 5A 75 3F 30 00 49 44 30 42 31 20 20 20 41 53   ?Zu?0~ID0B1   AS
50 00 00 4E 3F 5A 75 3F 30 00 28 44 30 42 31 20   P~~N?Zu?0~(D0B1 
20 20 41 43 20 00 00 10 3F 5A 75 3F 30 00 2C 44     AC ~~~?Zu?0~,D
30 42 31 20 20 20 4D 45 44 00 09 50 3F 5A 75 3F   0B1   MED~~P?Zu?
30 00 22 44 30 42 31 20 20 20 4D 45 44 00 00 3C   0~"D0B1   MED~~<
3F 5A 75 3F 30 00 46 44 30 42 31 20 20 20 41 53   ?Zu?0~FD0B1   AS
50 00 00 10 3F 5A 75 3F 31 00 20 44 30 42 31 20   P~~~?Zu?1~ D0B1 
20 20 41 44 56 00 00 47 38 5A 75 3F 31 00 27 44     ADV~~G8Zu?1~'D
30 42 31 37 39 20 50 42 4D 00 09 4E 3F 5A 75 3F   0B179 PBM~~N?Zu?
31 00 2C 44 30 42 31 20 20 20 49 52 58 00 00 3C   1~,D0B1   IRX~~<
3F 5A 75 3F 31 00 11 44 30 42 31 32 32 20 30 33   ?Zu?1~~D0B122 03
32 00 00 3C 3F 5A 75 3F 31 00 2A 44 30 42 31 20   2~~<?Zu?1~*D0B1 
20 20 30 33 32 00 00 0F 3F 5A 75 3F 31 00 2F 44     032~~~?Zu?1~/D
30 42 32 20 20 20 34 33 2D 00 00 49 31 5A 75 3F   0B2   43-~~I1Zu?
32 00 61 44 30 42 31 20 20 20 4E 45 58 00 00 39   2~aD0B1   NEX~~9
3F 5A 75 3F 32 00 26 44 30 45 31 20 20 20 43 4F   ?Zu?2~&D0E1   CO
4D 00 09 51 72 5A 75 3F 32 00 33 44 30 42 31 20   M~~QrZu?2~3D0B1 
20 20 41 42 41 00 00 59 20 5A 75 3F 32 01 3F 44     ABA~~Y Zu?2~?D
30 42 31 37 30 20 20 20 20 00 00 39 3F 5A 75 3F   0B170    ~~9?Zu?
32 00 4E 44 30 45 31 20 20 20 43 4F 4D 00 09 50   2~ND0E1   COM~~P
3F 5A 75 3F 33 00 02 44 30 42 31 32 32 20 30 30   ?Zu?3~~D0B122 00
36 00 09 51 2E 5A 75 3F 33 00 2B 44 30 42 31 20   6~~Q.Zu?3~+D0B1 
20 20 48 4D 43 00 00 58 3F 5A 75 3F 33 00 44 44     HMC~~X?Zu?3~DD
30 42 31 38 38 20 36 33 33 00 00 32 21 5A 75 3F   0B188 633~~2!Zu?
33 00 27 44 30 42 31 39 34 33 46 4C 42 00 09 4E   3~'D0B1943FLB~~N
3F 5A 75 3F 33 00 20 44 30 42 31 37 30 20 20 20   ?Zu?3~ D0B170   
20 00 09 51 1F 5A 75 3F 34 00 1F 44 30 42 31 20    ~~Q~Zu?4~~D0B1 
20 20 41 44 56 00 00 49 3F 5A 75 3F 34 00 3F 44     ADV~~I?Zu?4~?D
30 42 31 20 20 20 33 46 20 00 00 4E 3F 5A 75 3F   0B1   3F ~~N?Zu?
34 00 07 44 30 42 31 45 37 20 46 4D 20 00 00 39   4~~D0B1E7 FM ~~9
3F 5A 75 3F 34 00 0F 44 30 45 31 4D 36 20 43 4F   ?Zu?4~~D0E1M6 CO
4D 00 09 50 3F 5A 75 3F 34 00 59 44 30 42 31 20   M~~P?Zu?4~YD0B1 
20 20 45 4D 4E 00 09 4E 3F 5A 75 3F 34 00 1C 44     EMN~~N?Zu?4~~D
30 42 31 20 20 20 50 45 55 00 09 4F 31 5A 75 3F   0B1   PEU~~O1Zu?
35 00 17 44 30 42 31 20 20 20 39 39 39 00 00 4E   5~~D0B1   999~~N
3F 5A 75 3F 35 00 17 44 30 42 31 45 42 20 49 53   ?Zu?5~~D0B1EB IS
20 00 00 39 3F 5A 75 3F 35 00 69 44 30 45 31 20    ~~9?Zu?5~iD0E1 
20 20 43 4F 4D 00 00 12 3F 5A 75 3F 35 00 1E 44     COM~~~?Zu?5~~D
30 42 31 31 33 20 51 59 31 00 09 4E 3F 5A 75 3F   0B113 QY1~~N?Zu?
35 00 0F 44 30 42 32 20 20 20 20 20 20 00 00 2D   5~~D0B2      ~~-
20 5A 75 3F 36 00 1A 44 30 42 31 39 34 33 53 41    Zu?6~~D0B1943SA
4C 00 00 3C 3F 5A 75 3F 36 00 1C 44 30 42 31 35   L~~<?Zu?6~~D0B15
34 20 30 33 32 00 09 4F 31 5A 75 3F 36 00 46 44   4 032~~O1Zu?6~FD
30 42 31 20 20 20 39 39 39 00 00 39 3F 5A 75 3F   0B1   999~~9?Zu?
36 00 39 44 30 45 31 20 20 20 43 4F 4D 00 09 50   6~9D0E1   COM~~P
3F 5A 75 3F 36 00 17 44 30 42 32 20 20 20 30 30   ?Zu?6~~D0B2   00
36 00 00 61 38 5A 75 3F 36 00 23 44 30 42 31 20   6~~a8Zu?6~#D0B1 
20 20 36 38 33 00 00 10 3F 5A 75 3F 36 00 20 44     683~~~?Zu?6~ D
30 42 31 20 20 20 41 44 56 00 09 4F 31 5A 75 3F   0B1   ADV~~O1Zu?
37 00 1A 44 30 42 31 20 20 20 39 39 39 00 00 5D   7~~D0B1   999~~]
48 5A 75 3F 37 00 51 44 30 42 31 20 20 20 4B 59   HZu?7~QD0B1   KY
50 00 00 10 3F 5A 75 3F 37 00 16 44 30 42 31 20   P~~~?Zu?7~~D0B1 
20 20 41 44 56 00 09 51 1F 5A 75 3F 37 00 17 44     ADV~~Q~Zu?7~~D
30 42 31 37 30 20 41 44 56 00 00 4B 50 5A 75 3F   0B170 ADV~~KPZu?
37 01 77 44 30 42 31 20 20 20 54 48 53 00 09 4F   7~wD0B1   THS~~O
31 5A 75 3F 37 00 21 44 30 42 31 20 20 20 39 39   1Zu?7~!D0B1   99
39 00 00 2B 3F 5A 75 3F 37 00 3F 44 30 42 31 20   9~~+?Zu?7~?D0B1 
20 20 4E 57 43 00 00 2D 3F 5A 75 3F 38 00 40 44     NWC~~-?Zu?8~@D
30 45 31 20 20 20 32 32 32 00 00 3C 3F 5A 75 3F   0E1   222~~<?Zu?
38 00 3F 44 30 42 31 20 20 20 30 33 32 00 09 51   8~?D0B1   032~~Q
72 5A 75 3F 38 00 1B 44 30 42 32 38 37 20 41 42   rZu?8~~D0B287 AB
41 00 09 4F 24 5A 75 3F 38 00 5E 44 30 42 31 34   A~~O$Zu?8~^D0B14
34 20 50 52 4F 00 09 4F 31 5A 75 3F 38 00 2A 44   4 PRO~~O1Zu?8~*D
30 42 31 20 20 20 39 39 39 00 00 06 11 5A 75 3F   0B1   999~~~~Zu?
38 00 0B 44 30 42 32 20 20 20 47 41 4D 00 00 0F   8~~D0B2   GAM~~~
12 5A 75 3F 39 00 15 44 30 42 31 20 20 20 41 34   ~Zu?9~~D0B1   A4
20 00 00 10 3F 5A 75 3F 39 00 1F 44 30 42 31 20    ~~~?Zu?9~~D0B1 
20 20 41 44 56 00 09 4F 31 5A 75 3F 3A 00 2C 44     ADV~~O1Zu?:~,D
30 42 31 20 20 20 39 39 39 00 09 50 3F 5A 75 3F   0B1   999~~P?Zu?
3A 00 56 44 30 42 31 20 20 20 31 39 30 00 00 43   :~VD0B1   190~~C
7A 5A 75 3F 3B 00 35 44 30 42 32 20 20 20 50 44   zZu?;~5D0B2   PD
4D 00 00 10 3F 5A 75 3F 3B 00 27 44 30 42 31 20   M~~~?Zu?;~'D0B1 
20 20 41 44 56 00 00 4E 3F 5A 75 3F 3B 00 13 44     ADV~~N?Zu?;~~D
30 42 32 20 20 20 49 53 20 00 00 10 32 5A 75 3F   0B2   IS ~~~2Zu?
3B 00 3F 44 30 42 31 20 20 20 20 20 20 00 09 4F   ;~?D0B1      ~~O
31 5A 75 3F 3B 00 13 44 30 42 32 20 20 20 39 39   1Zu?;~~D0B2   99
39 00 00 3C 3F 5A 75 3F 3B 00 57 44 30 42 31 20   9~~<?Zu?;~WD0B1 
20 20 30 33 32 00 00 12 3F 5A 75 3F 3B 00 4B 44     032~~~?Zu?;~KD
30 42 31 20 20 20 53 52 38 00 00 10 3F 5A 75 3F   0B1   SR8~~~?Zu?
3B 00 26 44 30 42 31 38 38 20 4D 45 44 00 00 10   ;~&D0B188 MED~~~
3F 5A 75 3F 3B 00 1A 44 30 42 31 20 20 20 41 44   ?Zu?;~~D0B1   AD
56 00 09 51 2A 5A 75 3F 3C 00 2E 44 30 42 31 37   V~~Q*Zu?<~.D0B17
39 20 4D 43 44 00 00 12 3F 5A 75 3F 3C 00 3F 44   9 MCD~~~?Zu?<~?D
30 42 31 37 39 20 55 53 46 00 00 62 3F 5A 75 3F   0B179 USF~~b?Zu?
3C 00 3F 44 30 42 31 36 35 20 44 52 4D 00 00 4C   <~?D0B165 DRM~~L
3F 5A 75 3F 3C 00 5C 44 30 42 31 20 20 20 30 36   ?Zu?<~\D0B1   06
32 00 09 4E 3F 5A 75 3F 3C 00 11 44 30 42 31 20   2~~N?Zu?<~~D0B1 
20 20 49 52 58 00 09 4F 3F 5A 75 3F 3C 00 0E 44     IRX~~O?Zu?<~~D
30 42 31 20 20 20 4F 50 30 00 00 3E 10 5A 75 3F   0B1   OP0~~>~Zu?
3C 00 14 44 30 42 31 20 20 20 55 4B 59 00 09 4E   <~~D0B1   UKY~~N
3F 5A 75 3F 3C 00 0C 44 30 42 31 45 39 20 43 52   ?Zu?<~~D0B1E9 CR
4B 00 00 10 3F 5A 75 3F 3D 00 1A 44 30 42 31 20   K~~~?Zu?=~~D0B1 
20 20 41 44 56 00 00 10 3F 5A 75 3F 3D 00 11 44     ADV~~~?Zu?=~~D
30 42 32 20 20 20 4D 45 44 00 00 39 3F 5A 75 3F   0B2   MED~~9?Zu?
3E 00 31 44 30 45 31 20 20 20 43 4F 4D 00 00 3C   >~1D0E1   COM~~<
3F 5A 75 3F 3E 00 25 44 30 42 31 20 20 20 30 33   ?Zu?>~%D0B1   03
32 00 00 3E 10 5A 75 3F 3E 00 12 44 30 42 31 20   2~~>~Zu?>~~D0B1 
20 20 4D 49 44 00 09 4E 3F 5A 75 3F 3E 00 1C 44     MID~~N?Zu?>~~D
30 42 31 20 20 20 4D 45 44 00 00 2D 3F 5A 75 3F   0B1   MED~~-?Zu?
3E 00 09 44 30 45 31 20 20 20 32 32 32 00 00 10   >~~D0E1   222~~~
3F 5A 75 3F 3F 00 14 44 30 42 32 20 20 20 4D 45   ?Zu??~~D0B2   ME
44 00 09 4F 31 5A 75 3F 3F 00 1F 44 30 42 31 20   D~~O1Zu??~~D0B1 
20 20 39 39 39 00 00 47 38 5A 75 3F 3F 00 16 44     999~~G8Zu??~~D
30 42 31 35 32 20 50 42 4D 00 09 4F 31 5A 75 3F   0B152 PBM~~O1Zu?
3F 00 24 44 30 42 31 20 20 20 39 39 39 00 09 4F   ?~$D0B1   999~~O
31 5A 75 3F 3F 00 4C 44 30 42 31 20 20 20 39 39   1Zu??~LD0B1   99
39 00 00 26 09 5A 75 3F 40 00 0A 44 30 42 32 20   9~~&~Zu?@~~D0B2 
20 20 50 30 30 00 00 42 72 5A 75 3F 40 00 2B 44     P00~~BrZu?@~+D
30 42 31 20 20 20 43 49 4D 00 09 4E 3F 5A 75 3F   0B1   CIM~~N?Zu?
40 00 1F 44 30 42 31 20 20 20 20 20 20 00 09 4F   @~~D0B1      ~~O
31 5A 75 3F 40 00 1B 44 30 42 31 37 39 20 39 39   1Zu?@~~D0B179 99
39 00 00 10 3F 5A 75 3F 40 00 12 44 30 42 32 20   9~~~?Zu?@~~D0B2 
20 20 4D 45 44 00 00 3C 3F 5A 75 3F 40 00 36 44     MED~~<?Zu?@~6D
30 42 31 20 20 20 41 53 50 00 09 51 2A 5A 75 3F   0B1   ASP~~Q*Zu?
40 00 41 44 30 42 31 20 20 20 4E 56 54 00 09 4F   @~AD0B1   NVT~~O
31 5A 75 3F 40 00 28 44 30 42 31 20 20 20 39 39   1Zu?@~(D0B1   99
39 00 00 10 3F 5A 75 3F 41 00 12 44 30 42 31 37   9~~~?Zu?A~~D0B17
30 20 41 44 56 00 00 10 3F 5A 75 3F 41 00 0F 44   0 ADV~~~?Zu?A~~D
30 42 31 36 39 20 41 44 56 00 00 10 3F 5A 75 3F   0B169 ADV~~~?Zu?
41 00 32 44 30 42 31 37 30 20 4D 45 44 00 09 4F   A~2D0B170 MED~~O
31 5A 75 3F 41 00 29 44 30 42 31 37 30 20 39 39   1Zu?A~)D0B170 99
39 00 00 10 3F 5A 75 3F 41 00 1A 44 30 42 31 37   9~~~?Zu?A~~D0B17
36 20 41 44 56 00 00 3C 3F 5A 75 3F 41 00 1B 44   6 ADV~~<?Zu?A~~D
30 42 32 20 20 20 30 33 32 00 00 10 3F 5A 75 3F   0B2   032~~~?Zu?
42 00 26 44 30 42 31 20 20 20 4D 45 44 00 09 4E   B~&D0B1   MED~~N
3F 5A 75 3F 42 00 19 44 30 42 31 20 20 20 48 42   ?Zu?B~~D0B1   HB
42 00 09 50 3F 5A 75 3F 42 00 33 44 30 42 31 20   B~~P?Zu?B~3D0B1 
20 20 34 33 34 00 00 10 3F 5A 75 3F 42 00 08 44     434~~~?Zu?B~~D
30 42 32 20 20 20 4D 45 44 00 09 4F 3F 5A 75 3F   0B2   MED~~O?Zu?
42 00 1F 44 30 42 31 20 20 20 39 39 39 00 00 58   B~~D0B1   999~~X
3F 5A 75 3F 42 00 57 44 30 42 31 38 38 20 36 33   ?Zu?B~WD0B188 63
33 00 09 4F 31 5A 75 3F 42 00 19 44 30 42 32 20   3~~O1Zu?B~~D0B2 
20 20 39 39 39 00 00 39 3F 5A 75 3F 42 00 26 44     999~~9?Zu?B~&D
30 45 31 20 20 20 43 4F 4D 00 09 4F 31 5A 75 3F   0E1   COM~~O1Zu?
43 00 34 44 30 42 31 37 30 20 39 39 39 00 00 3C   C~4D0B170 999~~<
3F 5A 75 3F 43 00 3F 44 30 42 31 20 20 20 30 33   ?Zu?C~?D0B1   03
32 00 09 4E 3F 5A 75 3F 43 00 0F 44 30 42 31 36   2~~N?Zu?C~~D0B16
39 20 50 45 55 00 00 4B 50 5A 75 3F 44 01 03 44   9 PEU~~KPZu?D~~D
30 42 31 20 20 20 54 48 53 00 00 10 3F 5A 75 3F   0B1   THS~~~?Zu?
44 00 27 44 30 42 31 20 20 20 4D 45 44 00 00 2F   D~'D0B1   MED~~/
28 5A 75 3F 44 00 01 44 30 42 31 20 20 20 4D 49   (Zu?D~~D0B1   MI
48 00 09 4F 31 5A 75 3F 44 00 22 44 30 42 31 20   H~~O1Zu?D~"D0B1 
20 20 39 39 39 00 00 58 3F 5A 75 3F 45 00 3F 44     999~~X?Zu?E~?D
30 42 31 20 20 20 36 33 33 00 09 4F 31 5A 75 3F   0B1   633~~O1Zu?
45 00 3F 44 30 42 31 37 39 20 39 39 39 00 00 10   E~?D0B179 999~~~
3F 5A 75 3F 45 00 1C 44 30 42 31 20 20 20 4D 43   ?Zu?E~~D0B1   MC
41 00 09 4F 24 5A 75 3F 45 00 70 44 30 42 31 37   A~~O$Zu?E~pD0B17
30 20 50 43 53 00 00 10 3F 5A 75 3F 45 00 1B 44   0 PCS~~~?Zu?E~~D
30 42 31 37 30 20 4D 45 44 00 00 39 3F 5A 75 3F   0B170 MED~~9?Zu?
46 00 15 44 30 45 31 20 20 20 43 4F 4D 00 00 0F   F~~D0E1   COM~~~
12 5A 75 3F 46 00 0D 44 30 42 32 20 20 20 41 34   ~Zu?F~~D0B2   A4
20 00 00 10 3F 5A 75 3F 47 00 1D 44 30 42 31 38    ~~~?Zu?G~~D0B18
31 20 4D 45 44 00 09 51 2A 5A 75 3F 47 00 39 44   1 MED~~Q*Zu?G~9D
30 42 31 20 20 20 4E 56 54 00 00 10 3F 5A 75 3F   0B1   NVT~~~?Zu?
47 00 0E 44 30 42 32 20 20 20 4D 45 44 00 00 3C   G~~D0B2   MED~~<
3F 5A 75 3F 48 00 3F 44 30 42 31 35 36 39 30 33   ?Zu?H~?D0B156903
32 00 00 10 3F 5A 75 3F 48 00 1A 44 30 42 31 20   2~~~?Zu?H~~D0B1 
20 20 41 44 56 00 00 3C 3F 5A 75 3F 48 00 32 44     ADV~~<?Zu?H~2D
30 42 31 20 20 20 30 33 32 00 09 4E 3F 5A 75 3F   0B1   032~~N?Zu?
48 00 20 44 30 42 31 20 20 20 50 45 55 00 00 4E   H~ D0B1   PEU~~N
3F 5A 75 3F 48 00 2F 44 30 42 31 20 20 20 49 53   ?Zu?H~/D0B1   IS
20 00 09 4E 3F 5A 75 3F 49 00 16 44 30 42 31 37    ~~N?Zu?I~~D0B17
39 20 4D 45 44 00 00 2D 20 5A 75 3F 49 00 0D 44   9 MED~~- Zu?I~~D
30 42 32 20 20 20 50 44 47 00 00 10 3F 5A 75 3F   0B2   PDG~~~?Zu?
49 00 2E 44 30 42 31 20 20 20 41 44 56 00 00 10   I~.D0B1   ADV~~~
3F 5A 75 3F 49 00 2C 44 30 42 31 20 20 20 4D 45   ?Zu?I~,D0B1   ME
44 00 09 4E 3F 5A 75 3F 49 00 14 44 30 42 31 37   D~~N?Zu?I~~D0B17
39 20 4D 45 44 00 00 13 33 5A 75 3F 49 00 26 44   9 MED~~~3Zu?I~&D
30 42 31 20 20 20 20 20 20 00 09 4E 3F 5A 75 3F   0B1      ~~N?Zu?
49 00 15 44 30 42 31 20 20 20 50 45 55 00 00 4E   I~~D0B1   PEU~~N
3F 5A 75 3F 4B 00 1F 44 30 42 31 20 20 20 49 53   ?Zu?K~~D0B1   IS
20 00 00 4C 3F 5A 75 3F 4B 00 3C 44 30 42 31 37    ~~L?Zu?K~<D0B17
30 20 50 52 58 00 00 10 3F 5A 75 3F 4B 00 22 44   0 PRX~~~?Zu?K~"D
30 42 31 20 20 20 4D 45 44 00 00 10 3F 5A 75 3F   0B1   MED~~~?Zu?
4B 00 2C 44 30 42 31 20 20 20 4D 45 44 00 00 10   K~,D0B1   MED~~~
3F 5A 75 3F 4B 00 1F 44 30 42 31 36 39 20 4D 45   ?Zu?K~~D0B169 ME
44 00 00 3C 3F 5A 75 3F 4C 00 2A 44 30 42 31 20   D~~<?Zu?L~*D0B1 
20 20 30 33 32 00 09 50 3F 5A 75 3F 4C 00 3F 44     032~~P?Zu?L~?D
30 42 31 20 20 20 34 34 35 00 00 12 3F 5A 75 3F   0B1   445~~~?Zu?
4C 00 43 44 30 42 31 31 33 20 59 59 4A 00 09 4F   L~CD0B113 YYJ~~O
31 5A 75 3F 4C 00 11 44 30 42 31 4E 4E 20 39 39   1Zu?L~~D0B1NN 99
39 00 00 58 3F 5A 75 3F 4C 00 41 44 30 42 31 20   9~~X?Zu?L~AD0B1 
20 20 36 33 33 00 09 2C 3F 5A 75 3F 4C 00 4E 44     633~~,?Zu?L~ND
30 42 32 20 20 20 4F 48 43 00 09 4F 3F 5A 75 3F   0B2   OHC~~O?Zu?
4D 00 0E 44 30 42 31 30 36 20 39 39 39 00 00 25   M~~D0B106 999~~%
53 5A 75 3F 4D 00 3F 44 30 42 31 37 39 20 4D 41   SZu?M~?D0B179 MA
53 00 00 10 3F 5A 75 3F 4D 00 1D 44 30 42 31 20   S~~~?Zu?M~~D0B1 
20 20 41 44 56 00 00 0F 12 5A 75 3F 4D 00 15 44     ADV~~~~Zu?M~~D
30 42 31 37 30 20 41 34 20 00 00 58 3F 5A 75 3F   0B170 A4 ~~X?Zu?
4D 00 7D 44 30 42 31 20 20 20 36 33 33 00 09 4E   M~}D0B1   633~~N
3F 5A 75 3F 4D 00 31 44 30 42 31 31 33 20 20 20   ?Zu?M~1D0B113   
20 00 09 4F 31 5A 75 3F 4D 00 12 44 30 42 31 36    ~~O1Zu?M~~D0B16
39 20 39 39 39 00 00 10 3F 5A 75 3F 4D 00 15 44   9 999~~~?Zu?M~~D
30 42 31 38 38 39 41 44 56 00 00 3C 3F 5A 75 3F   0B1889ADV~~<?Zu?
4D 00 01 44 30 42 31 31 39 20 30 33 32 00 00 10   M~~D0B119 032~~~
3F 5A 75 3F 4D 00 1A 44 30 42 31 37 39 20 4D 45   ?Zu?M~~D0B179 ME
44 00 00 45 3F 5A 75 3F 4E 00 0E 44 30 42 31 34   D~~E?Zu?N~~D0B14
31 20 56 54 50 00 00 10 3F 5A 75 3F 4E 00 1E 44   1 VTP~~~?Zu?N~~D
30 42 31 33 34 20 4D 45 44 00 09 50 3F 5A 75 3F   0B134 MED~~P?Zu?
4E 00 1D 44 30 42 32 20 20 20 34 31 30 00 00 3C   N~~D0B2   410~~<
3F 5A 75 3F 4F 00 29 44 30 42 31 20 20 20 30 33   ?Zu?O~)D0B1   03
32 00 00 12 3F 5A 75 3F 4F 00 1D 44 30 42 31 38   2~~~?Zu?O~~D0B18
38 20 4D 59 31 00 00 10 3F 5A 75 3F 4F 00 25 44   8 MY1~~~?Zu?O~%D
30 42 31 20 20 20 41 44 56 00 09 4E 3F 5A 75 3F   0B1   ADV~~N?Zu?
50 00 11 44 30 42 32 20 20 20 4D 45 44 00 09 4E   P~~D0B2   MED~~N
3F 5A 75 3F 50 00 20 44 30 42 31 37 39 20 50 45   ?Zu?P~ D0B179 PE
55 00 00 0F 12 5A 75 3F 51 00 29 44 30 42 31 20   U~~~~Zu?Q~)D0B1 
20 20 4D 41 20 00 09 4F 3F 5A 75 3F 51 00 11 44     MA ~~O?Zu?Q~~D
30 42 31 37 30 20 4F 50 30 00 00 58 3F 5A 75 3F   0B170 OP0~~X?Zu?
51 00 58 44 30 42 31 37 36 20 36 33 33 00 09 29   Q~XD0B176 633~~)
6C 5A 75 3F 52 00 17 44 30 42 32 20 20 20 30 37   lZu?R~~D0B2   07
36 00 00 10 3F 5A 75 3F 52 00 26 44 30 42 31 20   6~~~?Zu?R~&D0B1 
20 20 4D 45 44 00 00 4E 3F 5A 75 3F 52 00 20 44     MED~~N?Zu?R~ D
30 42 31 37 30 20 49 53 20 00 00 10 3F 5A 75 3F   0B170 IS ~~~?Zu?
52 00 1E 44 30 42 31 20 20 20 4D 45 44 00 00 4B   R~~D0B1   MED~~K
1F 5A 75 3F 53 00 3F 44 30 42 31 20 20 20 54 48   ~Zu?S~?D0B1   TH
53 00 09 50 3F 5A 75 3F 53 00 0C 44 30 42 32 20   S~~P?Zu?S~~D0B2 
20 20 34 38 30 00 09 4E 3F 5A 75 3F 53 00 1A 44     480~~N?Zu?S~~D
30 42 32 20 20 20 4D 45 44 00 09 4F 24 5A 75 3F   0B2   MED~~O$Zu?
54 00 54 44 30 42 31 36 35 20 44 52 4D 00 00 10   T~TD0B165 DRM~~~
3F 5A 75 3F 54 00 0F 44 30 42 31 4E 4E 20 4D 45   ?Zu?T~~D0B1NN ME
44 00 09 50 3F 5A 75 3F 55 00 0F 44 30 42 32 20   D~~P?Zu?U~~D0B2 
20 20 4D 45 44 00 00 10 3F 5A 75 3F 55 00 27 44     MED~~~?Zu?U~'D
30 42 31 20 20 20 4D 45 44 00 00 15 01 5A 75 3F   0B1   MED~~~~Zu?
55 00 3F 44 30 42 31 20 20 20 31 30 30 00 00 5D   U~?D0B1   100~~]
48 5A 75 3F 55 00 18 44 30 42 32 20 20 20 4B 59   HZu?U~~D0B2   KY
50 00 09 4E 3F 5A 75 3F 55 00 0F 44 30 42 31 30   P~~N?Zu?U~~D0B10
36 20 4D 45 44 00 00 3C 49 5A 75 3F 55 00 3F 44   6 MED~~<IZu?U~?D
30 42 31 20 20 20 53 53 4E 00 09 4F 31 5A 75 3F   0B1   SSN~~O1Zu?
56 00 36 44 30 42 31 20 20 20 39 39 39 00 00 0E   V~6D0B1   999~~~
01 5A 75 3F 56 00 17 44 30 42 32 20 20 20 41 53   ~Zu?V~~D0B2   AS
50 00 00 4E 3F 5A 75 3F 56 00 16 44 30 42 31 37   P~~N?Zu?V~~D0B17
35 20 46 4D 20 00 09 50 3F 5A 75 3F 56 00 63 44   5 FM ~~P?Zu?V~cD
30 42 32 20 20 20 43 54 50 00 09 51 72 5A 75 3F   0B2   CTP~~QrZu?
56 00 24 44 30 42 32 20 20 20 41 42 41 00 09 4E   V~$D0B2   ABA~~N
3F 5A 75 3F 56 00 27 44 30 42 31 20 20 20 43 54   ?Zu?V~'D0B1   CT
52 00 09 4F 3F 5A 75 3F 57 00 08 44 30 42 31 35   R~~O?Zu?W~~D0B15
32 20 4F 50 30 00 09 50 3F 5A 75 3F 57 00 24 44   2 OP0~~P?Zu?W~$D
30 42 31 20 20 20 53 55 50 00 00 0E 01 5A 75 3F   0B1   SUP~~~~Zu?
57 00 31 44 30 42 31 37 58 20 41 53 50 00 00 10   W~1D0B17X ASP~~~
3F 5A 75 3F 58 00 39 44 30 42 31 20 20 20 4D 45   ?Zu?X~9D0B1   ME
44 00 00 10 3F 5A 75 3F 58 00 10 44 30 42 32 20   D~~~?Zu?X~~D0B2 
20 20 41 44 56 00 09 4E 3F 5A 75 3F 59 00 44 44     ADV~~N?Zu?Y~DD
30 42 31 35 32 20 20 20 20 00 09 51 2A 5A 75 3F   0B152    ~~Q*Zu?
59 00 2B 44 30 42 32 20 20 20 4E 56 54 00 00 2D   Y~+D0B2   NVT~~-
3F 5A 75 3F 59 00 01 44 30 45 31 35 32 20 32 32   ?Zu?Y~~D0E152 22
32 00 00 25 53 5A 75 3F 59 00 3F 44 30 42 31 20   2~~%SZu?Y~?D0B1 
20 20 4D 41 53 00 00 30 39 5A 75 3F 59 00 0C 44     MAS~~09Zu?Y~~D
30 42 31 38 47 20 50 30 32 00 00 10 3F 5A 75 3F   0B18G P02~~~?Zu?
59 00 13 44 30 42 31 20 20 20 4D 45 44 00 00 10   Y~~D0B1   MED~~~
3F 5A 75 3F 59 00 22 44 30 42 31 37 39 20 4D 43   ?Zu?Y~"D0B179 MC
41 00 09 4E 3F 5A 75 3F 59 00 22 44 30 42 31 20   A~~N?Zu?Y~"D0B1 
20 20 49 52 58 00 00 12 3F 5A 75 3F 5A 00 1A 44     IRX~~~?Zu?Z~~D
30 42 31 20 20 20 44 4B 31 00 00 12 3F 5A 75 3F   0B1   DK1~~~?Zu?
5A 00 22 44 30 42 31 20 20 20 59 44 43 00 09 4F   Z~"D0B1   YDC~~O
3F 5A 75 3F 5A 00 33 44 30 42 31 20 20 20 46 45   ?Zu?Z~3D0B1   FE
50 00 00 2D 3F 5A 75 3F 5A 00 01 44 30 45 31 35   P~~-?Zu?Z~~D0E15
32 20 32 32 32 00 09 51 08 5A 75 3F 5B 00 54 44   2 222~~Q~Zu?[~TD
30 42 31 20 20 20 52 58 4E 00 00 32 21 5A 75 3F   0B1   RXN~~2!Zu?
5B 00 49 44 30 42 31 37 30 20 46 4C 42 00 09 50   [~ID0B170 FLB~~P
3F 5A 75 3F 5B 00 1D 44 30 42 31 38 43 20 50 41   ?Zu?[~~D0B18C PA
41 00 00 3C 3F 5A 75 3F 5B 00 38 44 30 42 31 20   A~~<?Zu?[~8D0B1 
20 20 30 33 32 00 00 0E 01 5A 75 3F 5C 00 37 44     032~~~~Zu?\~7D
30 42 31 37 58 20 41 53 50 00 00 58 3F 5A 75 3F   0B17X ASP~~X?Zu?
5C 00 36 44 30 42 31 20 20 20 33 39 33 00 00 30   \~6D0B1   393~~0
18 5A 75 3F 5C 00 7B 44 30 42 31 20 20 20 50 41   ~Zu?\~{D0B1   PA
52 00 00 10 3F 5A 75 3F 5C 00 11 44 30 42 31 37   R~~~?Zu?\~~D0B17
39 20 41 44 56 00 00 10 3F 5A 75 3F 5C 00 11 44   9 ADV~~~?Zu?\~~D
30 42 32 20 20 20 4D 43 41 00 00 10 3F 5A 75 3F   0B2   MCA~~~?Zu?
5C 00 22 44 30 42 31 37 39 20 4D 45 44 00 09 4F   \~"D0B179 MED~~O
31 5A 75 3F 5D 00 20 44 30 42 31 20 20 20 39 39   1Zu?]~ D0B1   99
39 00 00 10 3F 5A 75 3F 5D 00 22 44 30 42 31 20   9~~~?Zu?]~"D0B1 
20 20 4D 45 44 00 00 10 3F 5A 75 3F 5D 00 1E 44     MED~~~?Zu?]~~D
30 42 31 20 20 20 41 44 56 00 00 10 3F 5A 75 3F   0B1   ADV~~~?Zu?
5D 00 1B 44 30 42 31 20 20 20 4D 45 44 00 09 50   ]~~D0B1   MED~~P
3F 5A 75 3F 5D 00 20 44 30 42 31 20 20 20 4D 45   ?Zu?]~ D0B1   ME
44 00 00 12 3F 5A 75 3F 5D 00 49 44 30 42 32 20   D~~~?Zu?]~ID0B2 
20 20 55 53 4D 00 00 39 3F 5A 75 3F 5E 00 22 44     USM~~9?Zu?^~"D
30 45 31 20 20 20 43 4F 4D 00 00 0E 01 5A 75 3F   0E1   COM~~~~Zu?
5E 00 13 44 30 42 32 20 20 20 41 53 50 00 00 10   ^~~D0B2   ASP~~~
3F 5A 75 3F 5E 00 20 44 30 42 31 20 20 20 4D 45   ?Zu?^~ D0B1   ME
44 00 09 51 2A 5A 75 3F 5E 00 39 44 30 42 31 20   D~~Q*Zu?^~9D0B1 
20 20 4E 56 54 00 09 50 3F 5A 75 3F 5E 00 22 44     NVT~~P?Zu?^~"D
30 42 31 37 39 20 4D 45 44 00 00 30 18 5A 75 3F   0B179 MED~~0~Zu?
5F 00 67 44 30 42 31 20 20 20 50 41 52 00 09 50   _~gD0B1   PAR~~P
3F 5A 75 3F 5F 00 34 44 30 42 31 20 20 20 20 20   ?Zu?_~4D0B1     
20 00 09 50 3F 5A 75 3F 5F 01 3B 44 30 42 31 20    ~~P?Zu?_~;D0B1 
20 20 43 54 50 00 09 51 72 5A 75 3F 5F 00 5E 44     CTP~~QrZu?_~^D
30 42 31 20 20 20 41 42 41 00 00 10 3F 5A 75 3F   0B1   ABA~~~?Zu?
5F 00 20 44 30 42 31 20 20 20 41 44 56 00 00 10   _~ D0B1   ADV~~~
3F 5A 75 3F 5F 00 09 44 30 42 31 30 39 20 41 44   ?Zu?_~~D0B109 AD
56 00 00 39 3F 5A 75 3F 60 00 2E 44 30 45 31 20   V~~9?Zu?`~.D0E1 
20 20 43 4F 4D 00 00 4C 3F 5A 75 3F 60 00 56 44     COM~~L?Zu?`~VD
30 42 31 20 20 20 50 52 58 00 09 4F 31 5A 75 3F   0B1   PRX~~O1Zu?
60 00 31 44 30 42 31 37 39 20 39 39 39 00 00 4B   `~1D0B179 999~~K
1F 5A 75 3F 60 00 28 44 30 42 32 20 20 20 54 48   ~Zu?`~(D0B2   TH
53 00 00 10 3F 5A 75 3F 60 00 19 44 30 42 31 37   S~~~?Zu?`~~D0B17
36 20 41 44 56 00 09 4F 3F 5A 75 3F 60 00 1A 44   6 ADV~~O?Zu?`~~D
30 42 31 20 20 20 39 39 39 00 00 10 3F 5A 75 3F   0B1   999~~~?Zu?
60 00 2C 44 30 42 31 20 20 20 4D 45 44 00 00 12   `~,D0B1   MED~~~
3F 5A 75 3F 60 00 1D 44 30 42 31 20 20 20 52 43   ?Zu?`~~D0B1   RC
34 00 00 10 3F 5A 75 3F 60 00 08 44 30 42 32 20   4~~~?Zu?`~~D0B2 
20 20 4D 45 44 00 00 10 3F 5A 75 3F 60 00 15 44     MED~~~?Zu?`~~D
30 42 31 20 20 20 41 44 56 00 09 29 6C 5A 75 3F   0B1   ADV~~)lZu?
60 00 15 44 30 42 31 20 20 20 30 36 32 00 00 58   `~~D0B1   062~~X
3F 5A 75 3F 61 00 3F 44 30 42 31 20 20 20 36 33   ?Zu?a~?D0B1   63
33 00 00 10 3F 5A 75 3F 61 00 1D 44 30 42 31 20   3~~~?Zu?a~~D0B1 
20 20 4D 45 44 00 09 4F 31 5A 75 3F 61 00 1E 44     MED~~O1Zu?a~~D
30 42 31 20 20 20 39 39 39 00 00 2D 20 5A 75 3F   0B1   999~~- Zu?
62 00 3C 44 30 42 31 20 20 20 49 4C 43 00 09 4F   b~<D0B1   ILC~~O
31 5A 75 3F 62 00 02 44 30 42 31 38 35 20 39 39   1Zu?b~~D0B185 99
39 00 00 54 3F 5A 75 3F 62 00 16 44 30 42 31 20   9~~T?Zu?b~~D0B1 
20 20 44 41 54 00 09 50 3F 5A 75 3F 62 00 25 44     DAT~~P?Zu?b~%D
30 42 31 20 20 20 4D 48 43 00 00 29 53 5A 75 3F   0B1   MHC~~)SZu?
62 00 6B 44 30 42 31 20 20 20 4F 4B 41 00 09 4F   b~kD0B1   OKA~~O
31 5A 75 3F 63 00 20 44 30 42 31 20 20 20 39 39   1Zu?c~ D0B1   99
39 00 00 30 18 5A 75 3F 63 00 55 44 30 42 31 20   9~~0~Zu?c~UD0B1 
20 20 50 41 52 00 09 4F 3F 5A 75 3F 63 00 36 44     PAR~~O?Zu?c~6D
30 42 31 37 36 20 39 39 39 00 00 10 3F 5A 75 3F   0B176 999~~~?Zu?
63 00 33 44 30 42 31 20 20 20 4D 45 44 00 09 4F   c~3D0B1   MED~~O
74 5A 75 3F 63 00 41 44 30 42 31 20 20 20 44 52   tZu?c~AD0B1   DR
57 00 09 4F 31 5A 75 3F 63 00 1E 44 30 42 31 20   W~~O1Zu?c~~D0B1 
20 20 39 39 39 00 09 4F 31 5A 75 3F 63 00 25 44     999~~O1Zu?c~%D
30 42 31 20 20 20 39 39 39 00 00 42 72 5A 75 3F   0B1   999~~BrZu?
63 00 1B 44 30 42 31 20 20 20 30 35 31 00 09 51   c~~D0B1   051~~Q
2A 5A 75 3F 64 00 53 44 30 42 31 20 20 20 4E 56   *Zu?d~SD0B1   NV
54 00 00 58 3F 5A 75 3F 64 00 0B 44 30 42 32 20   T~~X?Zu?d~~D0B2 
20 20 36 33 33 00 09 4F 3F 5A 75 3F 64 00 0E 44     633~~O?Zu?d~~D
30 42 31 36 35 20 48 50 4D 00 00 17 3B 5A 75 3F   0B165 HPM~~~;Zu?
64 00 25 44 30 42 31 20 20 20 43 4C 41 00 09 4F   d~%D0B1   CLA~~O
24 5A 75 3F 64 00 3F 44 30 42 31 20 20 20 43 4C   $Zu?d~?D0B1   CL
41 00 00 10 3F 5A 75 3F 65 00 1C 44 30 42 31 20   A~~~?Zu?e~~D0B1 
20 20 4D 45 44 00 00 26 4B 5A 75 3F 65 00 46 44     MED~~&KZu?e~FD
30 42 31 37 39 20 33 31 36 00 00 06 11 5A 75 3F   0B179 316~~~~Zu?
65 00 18 44 30 42 31 35 30 20 49 4E 4D 00 00 4E   e~~D0B150 INM~~N
3F 5A 75 3F 65 00 1E 44 30 42 31 20 20 20 49 53   ?Zu?e~~D0B1   IS
20 00 00 51 3F 5A 75 3F 65 00 3F 44 30 42 31 20    ~~Q?Zu?e~?D0B1 
20 20 30 37 39 00 09 4F 31 5A 75 3F 65 00 28 44     079~~O1Zu?e~(D
30 42 31 20 20 20 39 39 39 00 00 4C 3F 5A 75 3F   0B1   999~~L?Zu?
66 00 3F 44 30 42 31 20 20 20 30 36 30 00 00 4B   f~?D0B1   060~~K
3F 5A 75 3F 66 00 1C 44 30 42 31 35 32 20 30 37   ?Zu?f~~D0B152 07
37 00 00 2E 73 5A 75 3F 66 00 1E 44 30 42 31 20   7~~.sZu?f~~D0B1 
20 20 20 20 20 00 00 58 3F 5A 75 3F 66 00 5C 44        ~~X?Zu?f~\D
30 42 31 20 20 20 36 33 33 00 00 3C 3F 5A 75 3F   0B1   633~~<?Zu?
66 00 14 44 30 42 31 37 39 20 30 33 32 00 00 3C   f~~D0B179 032~~<
3F 5A 75 3F 66 00 4B 44 30 42 31 4D 52 20 41 53   ?Zu?f~KD0B1MR AS
50 00 09 4E 3F 5A 75 3F 66 00 12 44 30 42 31 37   P~~N?Zu?f~~D0B17
36 20 49 52 58 00 00 0F 12 5A 75 3F 67 00 18 44   6 IRX~~~~Zu?g~~D
30 42 31 20 20 20 4D 41 20 00 00 4E 3F 5A 75 3F   0B1   MA ~~N?Zu?
67 00 49 44 30 42 31 20 20 20 49 53 20 00 00 10   g~ID0B1   IS ~~~
3F 5A 75 3F 67 00 10 44 30 42 32 20 20 20 4D 45   ?Zu?g~~D0B2   ME
44 00 09 4F 31 5A 75 3F 67 00 0D 44 30 42 32 20   D~~O1Zu?g~~D0B2 
20 20 39 39 39 00 09 4E 3F 5A 75 3F 67 00 18 44     999~~N?Zu?g~~D
30 42 31 20 20 20 4D 45 44 00 00 4E 3F 5A 75 3F   0B1   MED~~N?Zu?
67 00 2C 44 30 42 31 20 20 20 46 4D 20 00 00 32   g~,D0B1   FM ~~2
21 5A 75 3F 68 00 23 44 30 42 31 37 30 20 46 4C   !Zu?h~#D0B170 FL
42 00 00 0F 12 5A 75 3F 68 00 1C 44 30 42 31 20   B~~~~Zu?h~~D0B1 
20 20 4D 41 20 00 00 2D 20 5A 75 3F 68 00 2C 44     MA ~~- Zu?h~,D
30 42 31 39 34 33 49 4C 43 00 00 10 3F 5A 75 3F   0B1943ILC~~~?Zu?
68 00 2B 44 30 42 31 20 20 20 4D 45 44 00 00 4B   h~+D0B1   MED~~K
50 5A 75 3F 68 00 3F 44 30 42 31 20 20 20 54 48   PZu?h~?D0B1   TH
53 00 09 50 3F 5A 75 3F 68 00 20 44 30 42 31 20   S~~P?Zu?h~ D0B1 
20 20 4D 45 44 00 00 0F 3F 5A 75 3F 69 00 28 44     MED~~~?Zu?i~(D
30 42 31 20 20 20 34 33 2D 00 00 58 3F 5A 75 3F   0B1   43-~~X?Zu?
69 00 38 44 30 42 31 20 20 20 36 33 33 00 09 4F   i~8D0B1   633~~O
3F 5A 75 3F 69 00 16 44 30 42 32 20 20 20 37 37   ?Zu?i~~D0B2   77
37 00 09 50 3F 5A 75 3F 69 00 26 44 30 42 31 38   7~~P?Zu?i~&D0B18
31 20 4D 45 44 00 00 3C 3F 5A 75 3F 69 00 2C 44   1 MED~~<?Zu?i~,D
30 42 31 35 36 39 30 33 32 00 00 44 29 5A 75 3F   0B1569032~~D)Zu?
69 00 6A 44 30 42 31 20 20 20 36 37 39 00 00 0F   i~jD0B1   679~~~
12 5A 75 3F 6A 00 18 44 30 42 32 20 20 20 41 34   ~Zu?j~~D0B2   A4
20 00 00 10 3F 5A 75 3F 6A 00 14 44 30 42 32 20    ~~~?Zu?j~~D0B2 
20 20 4D 45 44 00 00 5D 48 5A 75 3F 6A 00 02 44     MED~~]HZu?j~~D
30 42 31 31 39 20 4B 59 50 00 00 3A 31 5A 75 3F   0B119 KYP~~:1Zu?
6A 00 2C 44 30 42 31 20 20 20 52 50 44 00 00 10   j~,D0B1   RPD~~~
3F 5A 75 3F 6A 00 28 44 30 42 31 20 20 20 4D 45   ?Zu?j~(D0B1   ME
44 00 00 30 18 5A 75 3F 6A 00 62 44 30 42 31 20   D~~0~Zu?j~bD0B1 
20 20 50 41 52 00 00 10 3F 5A 75 3F 6A 00 24 44     PAR~~~?Zu?j~$D
30 42 31 37 39 20 4D 45 44 00 09 4F 31 5A 75 3F   0B179 MED~~O1Zu?
6A 00 34 44 30 42 31 20 20 20 39 39 39 00 00 10   j~4D0B1   999~~~
3F 5A 75 3F 6A 00 19 44 30 42 31 20 20 20 4D 45   ?Zu?j~~D0B1   ME
44 00 09 4E 3F 5A 75 3F 6B 00 1E 44 30 42 31 20   D~~N?Zu?k~~D0B1 
20 20 49 52 58 00 09 50 3F 5A 75 3F 6B 00 1F 44     IRX~~P?Zu?k~~D
30 42 31 37 36 20 30 30 36 00 00 5E 3F 5A 75 3F   0B176 006~~^?Zu?
6B 00 49 44 30 42 31 20 20 20 4F 48 52 00 00 30   k~ID0B1   OHR~~0
18 5A 75 3F 6B 00 5A 44 30 42 31 20 20 20 50 41   ~Zu?k~ZD0B1   PA
52 00 09 4E 3F 5A 75 3F 6B 00 1D 44 30 42 31 20   R~~N?Zu?k~~D0B1 
20 20 43 54 52 00 00 10 3F 5A 75 3F 6B 00 2B 44     CTR~~~?Zu?k~+D
30 42 31 58 4B 20 49 4D 4D 00 00 39 3F 5A 75 3F   0B1XK IMM~~9?Zu?
6C 00 66 44 30 45 31 20 20 20 43 4F 4D 00 00 0E   l~fD0E1   COM~~~
01 5A 75 3F 6C 00 59 44 30 42 31 20 20 20 33 38   ~Zu?l~YD0B1   38
30 00 00 10 3F 5A 75 3F 6D 00 25 44 30 42 31 20   0~~~?Zu?m~%D0B1 
20 20 4D 45 44 00 00 10 3F 5A 75 3F 6D 00 13 44     MED~~~?Zu?m~~D
30 42 31 20 20 20 41 44 56 00 00 10 3F 5A 75 3F   0B1   ADV~~~?Zu?
6D 00 36 44 30 42 31 20 20 20 4D 45 44 00 00 10   m~6D0B1   MED~~~
3F 5A 75 3F 6D 00 2A 44 30 42 31 38 38 20 4D 45   ?Zu?m~*D0B188 ME
44 00 00 4E 3F 5A 75 3F 6E 00 21 44 30 42 31 20   D~~N?Zu?n~!D0B1 
20 20 49 4E 20 00 00 10 3F 5A 75 3F 6E 00 1B 44     IN ~~~?Zu?n~~D
30 42 31 37 39 20 4D 45 44 00 00 10 3F 5A 75 3F   0B179 MED~~~?Zu?
6E 00 24 44 30 42 31 20 20 20 4D 45 44 00 00 10   n~$D0B1   MED~~~
3F 5A 75 3F 6E 00 4F 44 30 42 31 20 20 20 4D 43   ?Zu?n~OD0B1   MC
41 00 09 4F 31 5A 75 3F 6E 00 14 44 30 42 32 20   A~~O1Zu?n~~D0B2 
20 20 39 39 39 00 00 3D 3F 5A 75 3F 6F 00 26 44     999~~=?Zu?o~&D
30 42 31 37 58 20 30 36 34 00 00 10 3F 5A 75 3F   0B17X 064~~~?Zu?
6F 00 16 44 30 42 31 20 20 20 4D 45 44 00 00 4E   o~~D0B1   MED~~N
3F 5A 75 3F 6F 00 22 44 30 42 31 20 20 20 43 53   ?Zu?o~"D0B1   CS
20 00 00 10 3F 5A 75 3F 6F 00 0F 44 30 42 32 20    ~~~?Zu?o~~D0B2 
20 20 41 44 56 00 09 50 3F 5A 75 3F 6F 00 13 44     ADV~~P?Zu?o~~D
30 42 31 37 30 20 30 30 36 00 09 4F 31 5A 75 3F   0B170 006~~O1Zu?
6F 00 20 44 30 42 31 20 20 20 39 39 39 00 09 51   o~ D0B1   999~~Q
2E 5A 75 3F 6F 00 38 44 30 42 31 20 20 20 48 4D   .Zu?o~8D0B1   HM
43 00 00 10 3F 5A 75 3F 70 00 21 44 30 42 31 20   C~~~?Zu?p~!D0B1 
20 20 4D 45 44 00 00 10 3F 5A 75 3F 70 00 1B 44     MED~~~?Zu?p~~D
30 42 31 37 39 20 4D 45 44 00 06 1A 3F 5A 75 3F   0B179 MED~~~?Zu?
70 00 1B 44 30 42 31 38 39 31 30 30 32 00 00 10   p~~D0B1891002~~~
3F 5A 75 3F 70 00 1D 44 30 42 31 38 38 20 4D 45   ?Zu?p~~D0B188 ME
44 00 00 58 3F 5A 75 3F 70 00 4E 44 30 42 32 20   D~~X?Zu?p~ND0B2 
20 20 36 33 33 00 00 10 3F 5A 75 3F 71 00 15 44     633~~~?Zu?q~~D
30 42 31 20 20 20 4D 45 44 00 00 3C 3F 5A 75 3F   0B1   MED~~<?Zu?
71 00 20 44 30 42 31 20 20 20 30 33 32 00 00 0F   q~ D0B1   032~~~
12 5A 75 3F 71 00 5C 44 30 42 31 20 20 20 41 34   ~Zu?q~\D0B1   A4
20 00 09 4F 31 5A 75 3F 71 00 26 44 30 42 31 20    ~~O1Zu?q~&D0B1 
20 20 39 39 39 00 00 4C 3F 5A 75 3F 71 00 50 44     999~~L?Zu?q~PD
30 42 31 33 34 20 50 52 58 00 09 4E 3F 5A 75 3F   0B134 PRX~~N?Zu?
71 00 19 44 30 42 31 37 35 20 20 20 20 00 09 50   q~~D0B175    ~~P
3F 5A 75 3F 71 00 28 44 30 42 31 37 39 20 4D 45   ?Zu?q~(D0B179 ME
44 00 09 4F 31 5A 75 3F 71 00 1B 44 30 42 31 37   D~~O1Zu?q~~D0B17
39 20 39 39 39 00 09 51 08 5A 75 3F 72 00 69 44   9 999~~Q~Zu?r~iD
30 42 31 20 20 20 52 58 4E 00 09 4E 3F 5A 75 3F   0B1   RXN~~N?Zu?
72 00 12 44 30 42 31 4D 52 20 50 45 55 00 00 0F   r~~D0B1MR PEU~~~
12 5A 75 3F 72 00 1D 44 30 42 31 20 20 20 41 34   ~Zu?r~~D0B1   A4
20 00 00 58 3F 5A 75 3F 72 00 5B 44 30 42 31 38    ~~X?Zu?r~[D0B18
38 20 36 33 33 00 00 4B 50 5A 75 3F 72 00 3F 44   8 633~~KPZu?r~?D
30 42 31 20 20 20 54 48 53 00 09 50 3F 5A 75 3F   0B1   THS~~P?Zu?
72 00 2B 44 30 42 31 20 20 20 43 53 50 00 00 3C   r~+D0B1   CSP~~<
3F 5A 75 3F 73 00 4D 44 30 42 31 20 20 20 30 33   ?Zu?s~MD0B1   03
32 00 00 3C 3F 5A 75 3F 73 00 1B 44 30 42 32 20   2~~<?Zu?s~~D0B2 
20 20 30 33 32 00 00 47 38 5A 75 3F 73 00 20 44     032~~G8Zu?s~ D
30 42 31 37 30 20 50 42 4D 00 09 4F 24 5A 75 3F   0B170 PBM~~O$Zu?
73 00 51 44 30 42 31 37 35 20 44 52 4D 00 09 4F   s~QD0B175 DRM~~O
3F 5A 75 3F 73 00 0A 44 30 42 32 20 20 20 30 32   ?Zu?s~~D0B2   02
33 00 09 4F 4F 5A 75 3F 73 00 11 44 30 42 32 20   3~~OOZu?s~~D0B2 
20 20 30 31 39 00 00 10 3F 5A 75 3F 73 00 21 44     019~~~?Zu?s~!D
30 42 31 20 20 20 41 44 56 00 09 4E 3F 5A 75 3F   0B1   ADV~~N?Zu?
73 00 33 44 30 42 31 20 20 20 4D 45 44 00 09 50   s~3D0B1   MED~~P
3F 5A 75 3F 74 00 1B 44 30 42 31 4D 56 20 4C 4F   ?Zu?t~~D0B1MV LO
59 00 00 3C 3F 5A 75 3F 74 00 17 44 30 42 31 37   Y~~<?Zu?t~~D0B17
39 20 30 33 32 00 00 10 3F 5A 75 3F 74 00 16 44   9 032~~~?Zu?t~~D
30 42 31 32 31 20 4D 45 44 00 00 1E 3F 5A 75 3F   0B121 MED~~~?Zu?
74 00 3F 44 30 42 31 20 20 20 55 4E 48 00 00 26   t~?D0B1   UNH~~&
09 5A 75 3F 74 00 34 44 30 42 31 34 31 20 50 30   ~Zu?t~4D0B141 P0
30 00 00 2D 20 5A 75 3F 75 00 3E 44 30 42 31 20   0~~- Zu?u~>D0B1 
20 20 49 4C 44 00 09 4F 3F 5A 75 3F 75 00 31 44     ILD~~O?Zu?u~1D
30 42 31 20 20 20 39 39 39 00 09 4F 31 5A 75 3F   0B1   999~~O1Zu?
75 00 09 44 30 42 32 20 20 20 39 39 39 00 00 06   u~~D0B2   999~~~
11 5A 75 3F 75 00 17 44 30 42 31 20 20 20 47 41   ~Zu?u~~D0B1   GA
4D 00 00 58 3F 5A 75 3F 75 00 79 44 30 42 31 20   M~~X?Zu?u~yD0B1 
20 20 36 33 33 00 00 10 3F 5A 75 3F 75 00 17 44     633~~~?Zu?u~~D
30 42 32 20 20 20 4D 45 44 00 09 4E 3F 5A 75 3F   0B2   MED~~N?Zu?
75 00 1C 44 30 42 31 37 39 20 20 20 20 00 00 10   u~~D0B179    ~~~
3F 5A 75 3F 76 00 1A 44 30 42 31 37 39 20 4D 45   ?Zu?v~~D0B179 ME
44 00 00 3C 3F 5A 75 3F 76 00 33 44 30 42 31 20   D~~<?Zu?v~3D0B1 
20 20 30 33 32 00 09 4E 3F 5A 75 3F 76 00 1B 44     032~~N?Zu?v~~D
30 42 31 36 31 33 4D 45 44 00 00 58 3F 5A 75 3F   0B1613MED~~X?Zu?
76 00 3F 44 30 42 31 38 38 20 36 33 33 00 00 0E   v~?D0B188 633~~~
01 5A 75 3F 76 00 56 44 30 42 31 20 20 20 41 53   ~Zu?v~VD0B1   AS
50 00 09 4E 3F 5A 75 3F 76 00 17 44 30 42 31 37   P~~N?Zu?v~~D0B17
39 20 4D 45 44 00 00 4E 3F 5A 75 3F 76 00 27 44   9 MED~~N?Zu?v~'D
30 42 31 20 20 20 49 53 20 00 09 4F 31 5A 75 3F   0B1   IS ~~O1Zu?
76 00 30 44 30 42 31 37 30 20 39 39 39 00 00 10   v~0D0B170 999~~~
3F 5A 75 3F 77 00 41 44 30 42 31 37 30 20 4D 45   ?Zu?w~AD0B170 ME
44 00 00 2F 28 5A 75 3F 77 00 01 44 30 42 31 20   D~~/(Zu?w~~D0B1 
20 20 4D 49 48 00 00 4E 3F 5A 75 3F 77 00 1A 44     MIH~~N?Zu?w~~D
30 42 31 20 20 20 57 4B 20 00 00 4E 3F 5A 75 3F   0B1   WK ~~N?Zu?
77 00 2A 44 30 42 31 20 20 20 49 53 20 00 09 4E   w~*D0B1   IS ~~N
3F 5A 75 3F 78 00 19 44 30 42 31 20 20 20 49 52   ?Zu?x~~D0B1   IR
58 00 00 10 3F 5A 75 3F 78 00 21 44 30 42 31 20   X~~~?Zu?x~!D0B1 
20 20 4D 45 44 00 00 58 3F 5A 75 3F 78 00 75 44     MED~~X?Zu?x~uD
30 42 31 20 20 20 36 33 33 00 00 10 3F 5A 75 3F   0B1   633~~~?Zu?
78 00 33 44 30 42 31 20 20 20 4D 45 44 00 00 3C   x~3D0B1   MED~~<
3F 5A 75 3F 78 00 32 44 30 42 31 20 20 20 41 53   ?Zu?x~2D0B1   AS
50 00 09 4E 3F 5A 75 3F 78 00 1A 44 30 42 31 37   P~~N?Zu?x~~D0B17
39 20 4D 45 44 00 09 50 3F 5A 75 3F 78 00 1D 44   9 MED~~P?Zu?x~~D
30 42 31 37 39 20 20 20 20 00 00 10 3F 5A 75 3F   0B179    ~~~?Zu?
78 00 1A 44 30 42 31 20 20 20 4D 43 41 00 09 4E   x~~D0B1   MCA~~N
3F 5A 75 3F 78 00 20 44 30 42 31 20 20 20 44 41   ?Zu?x~ D0B1   DA
54 00 09 4E 3F 5A 75 3F 79 00 23 44 30 42 31 37   T~~N?Zu?y~#D0B17
35 20 48 42 42 00 00 30 18 5A 75 3F 79 00 66 44   5 HBB~~0~Zu?y~fD
30 42 31 20 20 20 50 41 52 00 09 4F 31 5A 75 3F   0B1   PAR~~O1Zu?
79 00 60 44 30 42 31 20 20 20 39 39 39 00 09 4E   y~`D0B1   999~~N
3F 5A 75 3F 79 00 1E 44 30 42 31 20 20 20 20 20   ?Zu?y~~D0B1     
20 00 00 10 3F 5A 75 3F 79 00 1C 44 30 42 31 37    ~~~?Zu?y~~D0B17
36 20 4D 45 44 00 00 10 3F 5A 75 3F 79 00 1B 44   6 MED~~~?Zu?y~~D
30 42 31 20 20 20 37 37 39 00 09 4F 31 5A 75 3F   0B1   779~~O1Zu?
7A 00 64 44 30 42 31 20 20 20 39 39 39 00 00 5E   z~dD0B1   999~~^
3F 5A 75 3F 7B 00 49 44 30 42 31 20 20 20 4F 48   ?Zu?{~ID0B1   OH
52 00 00 10 3F 5A 75 3F 7B 00 1E 44 30 42 31 20   R~~~?Zu?{~~D0B1 
20 20 4D 45 44 00 00 10 3F 5A 75 3F 7B 00 26 44     MED~~~?Zu?{~&D
30 42 31 20 20 20 4D 45 44 00 00 10 3F 5A 75 3F   0B1   MED~~~?Zu?
7B 00 28 44 30 42 31 38 38 20 4D 45 44 00 00 10   {~(D0B188 MED~~~
3F 5A 75 3F 7B 00 38 44 30 42 31 20 20 20 4D 45   ?Zu?{~8D0B1   ME
44 00 09 50 3F 5A 75 3F 7B 00 70 44 30 42 31 20   D~~P?Zu?{~pD0B1 
20 20 57 49 58 00 00 30 18 5A 75 3F 7B 01 29 44     WIX~~0~Zu?{~)D
30 42 31 20 20 20 50 41 52 00 00 10 3F 5A 75 3F   0B1   PAR~~~?Zu?
7B 00 17 44 30 42 31 36 39 20 37 37 39 00 00 41   {~~D0B169 779~~A
3F 5A 75 3F 7B 00 22 44 30 42 31 20 20 20 48 4D   ?Zu?{~"D0B1   HM
4F 00 00 3C 3F 5A 75 3F 7B 00 3F 44 30 42 31 20   O~~<?Zu?{~?D0B1 
20 20 30 33 32 00 00 10 3F 5A 75 3F 7B 00 14 44     032~~~?Zu?{~~D
30 42 31 20 20 20 4D 45 44 00 00 0F 12 5A 75 3F   0B1   MED~~~~Zu?
7B 00 29 44 30 42 31 20 20 20 4D 41 20 00 00 4E   {~)D0B1   MA ~~N
3F 5A 75 3F 7C 00 18 44 30 42 31 37 39 20 41 43   ?Zu?|~~D0B179 AC
20 00 00 4B 1F 5A 75 3F 7C 00 3F 44 30 42 31 20    ~~K~Zu?|~?D0B1 
20 20 54 48 53 00 00 10 3F 5A 75 3F 7C 00 1B 44     THS~~~?Zu?|~~D
30 42 32 20 20 20 4D 45 44 00 00 39 3F 5A 75 3F   0B2   MED~~9?Zu?
7C 00 32 44 30 45 31 20 20 20 43 4F 4D 00 00 26   |~2D0E1   COM~~&
09 5A 75 3F 7D 00 4F 44 30 42 31 20 20 20 50 30   ~Zu?}~OD0B1   P0
30 00 00 12 3F 5A 75 3F 7D 00 12 44 30 42 31 38   0~~~?Zu?}~~D0B18
35 20 55 53 4D 00 00 10 3F 5A 75 3F 7D 00 11 44   5 USM~~~?Zu?}~~D
30 42 31 37 36 20 41 44 56 00 09 4F 31 5A 75 3F   0B176 ADV~~O1Zu?
7D 00 23 44 30 42 31 20 20 20 39 39 39 00 00 2E   }~#D0B1   999~~.
73 5A 75 3F 3F 00 13 44 30 42 31 20 20 20 48 54   sZu??~~D0B1   HT
57 00 00 10 3F 5A 75 3F 3F 00 31 44 30 42 31 20   W~~~?Zu??~1D0B1 
20 20 4D 45 44 00 09 4F 31 5A 75 3F 3F 00 34 44     MED~~O1Zu??~4D
30 42 31 37 39 20 39 39 39 00 00 39 3F 5A 75 3F   0B179 999~~9?Zu?
3F 00 36 44 30 42 31 38 35 20 43 4F 4D 00 00 45   ?~6D0B185 COM~~E
52 5A 75 3F 3F 00 3F 44 30 42 31 20 20 20 20 20   RZu??~?D0B1     
20 00 00 10 3F 5A 75 3F 3F 00 52 44 30 42 31 20    ~~~?Zu??~RD0B1 
20 20 41 44 56 00 00 10 3F 5A 75 3F 3F 00 17 44     ADV~~~?Zu??~~D
30 42 31 20 20 20 41 44 56 00 09 4E 3F 5A 75 3F   0B1   ADV~~N?Zu?
3F 00 2A 44 30 42 31 37 30 20 49 52 58 00 00 10   ?~*D0B170 IRX~~~
3F 5A 75 3F 3F 00 15 44 30 42 31 20 20 20 4D 43   ?Zu??~~D0B1   MC
41 00 00 0E 01 5A 75 3F 3F 00 76 44 30 42 31 20   A~~~~Zu??~vD0B1 
20 20 41 53 50 00 00 3C 3F 5A 75 3F 3F 00 39 44     ASP~~<?Zu??~9D
30 42 31 20 20 20 30 33 32 00 00 2E 73 5A 75 3F   0B1   032~~.sZu?
3F 00 1D 44 30 42 31 20 20 20 20 20 20 00 09 4E   ?~~D0B1      ~~N
3F 5A 75 3F 3F 00 29 44 30 42 31 38 52 20 4D 45   ?Zu??~)D0B18R ME
44 00 09 4E 3F 5A 75 3F 3F 00 2E 44 30 42 31 37   D~~N?Zu??~.D0B17
30 20 43 54 52 00 00 2D 3F 5A 75 3F 3F 00 09 44   0 CTR~~-?Zu??~~D
30 45 31 35 32 20 32 32 32 00 00 3C 3F 5A 75 3F   0E152 222~~<?Zu?
3F 00 4A 44 30 42 31 20 20 20 41 53 50 00 09 4F   ?~JD0B1   ASP~~O
3F 5A 75 3F 3F 00 27 44 30 42 32 20 20 20 39 39   ?Zu??~'D0B2   99
39 00 00 10 3F 5A 75 3F 3F 00 1D 44 30 42 31 20   9~~~?Zu??~~D0B1 
20 20 4D 43 41 00 00 10 3F 5A 75 3F 3F 00 1D 44     MCA~~~?Zu??~~D
30 42 31 20 20 20 4D 43 41 00 09 50 3F 5A 75 3F   0B1   MCA~~P?Zu?
3F 00 1E 44 30 42 31 20 20 20 4D 45 44 00 09 4E   ?~~D0B1   MED~~N
3F 5A 75 3F 3F 00 29 44 30 42 31 20 20 20 4D 45   ?Zu??~)D0B1   ME
44 00 00 10 3F 5A 75 3F 3F 00 25 44 30 42 31 38   D~~~?Zu??~%D0B18
38 20 4D 45 44 00 09 4F 31 5A 75 3F 3F 00 1C 44   8 MED~~O1Zu??~~D
30 42 31 20 20 20 39 39 39 00 00 10 3F 5A 75 3F   0B1   999~~~?Zu?
3F 00 20 44 30 42 31 20 20 20 41 44 56 00 09 4E   ?~ D0B1   ADV~~N
3F 5A 75 3F 3F 00 23 44 30 42 31 20 20 20 49 52   ?Zu??~#D0B1   IR
58 00 00 10 3F 5A 75 3F 3F 00 28 44 30 42 31 38   X~~~?Zu??~(D0B18
38 20 41 44 56 00 09 4F 24 5A 75 3F 3F 00 3F 44   8 ADV~~O$Zu??~?D
30 42 31 20 20 20 50 43 53 00 00 12 3F 5A 75 3F   0B1   PCS~~~?Zu?
3F 00 1D 44 30 42 31 41 46 20 53 52 38 00 00 4B   ?~~D0B1AF SR8~~K
1F 5A 75 3F 3F 00 21 44 30 42 32 20 20 20 54 48   ~Zu??~!D0B2   TH
53 00 00 3C 3F 5A 75 3F 3F 00 21 44 30 42 31 20   S~~<?Zu??~!D0B1 
20 20 30 33 32 00 09 50 3F 5A 75 3F 3F 00 0C 44     032~~P?Zu??~~D
30 42 32 20 20 20 34 32 30 00 00 56 06 5A 75 3F   0B2   420~~V~Zu?
3F 00 67 44 30 42 32 20 20 20 49 43 53 00 00 10   ?~gD0B2   ICS~~~
3F 5A 75 3F 3F 00 15 44 30 42 31 37 39 20 4D 45   ?Zu??~~D0B179 ME
44 00 00 4E 3F 5A 75 3F 3F 00 29 44 30 42 31 37   D~~N?Zu??~)D0B17
30 20 49 53 20 00 00 4B 1F 5A 75 3F 3F 00 2F 44   0 IS ~~K~Zu??~/D
30 42 31 20 20 20 54 48 53 00 00 10 3F 5A 75 3F   0B1   THS~~~?Zu?
3F 00 31 44 30 42 31 37 35 20 41 44 56 00 06 1A   ?~1D0B175 ADV~~~
3F 5A 75 3F 3F 00 2A 44 30 42 31 20 20 20 30 30   ?Zu??~*D0B1   00
32 00 00 4E 3F 5A 75 3F 3F 00 2E 44 30 42 31 20   2~~N?Zu??~.D0B1 
20 20 49 53 20 00 00 10 3F 5A 75 3F 3F 00 15 44     IS ~~~?Zu??~~D
30 42 31 37 39 20 4D 45 44 00 00 10 3F 5A 75 3F   0B179 MED~~~?Zu?
3F 00 29 44 30 42 31 37 30 20 4D 45 44 00 00 37   ?~)D0B170 MED~~7
7B 5A 75 3F 3F 00 3F 44 30 42 31 32 35 20 4F 52   {Zu??~?D0B125 OR
44 00 00 10 3F 5A 75 3F 3F 00 0D 44 30 42 31 36   D~~~?Zu??~~D0B16
39 20 4D 45 44 00 00 58 3F 5A 75 3F 3F 00 3F 44   9 MED~~X?Zu??~?D
30 42 31 20 20 20 36 33 33 00 09 4F 3F 5A 75 3F   0B1   633~~O?Zu?
3F 00 1A 44 30 42 31 20 20 20 46 45 50 00 00 10   ?~~D0B1   FEP~~~
3F 5A 75 3F 3F 00 1F 44 30 42 31 20 20 20 4D 45   ?Zu??~~D0B1   ME
44 00 00 10 3F 5A 75 3F 3F 00 2F 44 30 42 31 37   D~~~?Zu??~/D0B17
30 20 4D 45 44 00 00 58 3F 5A 75 3F 3F 00 3F 44   0 MED~~X?Zu??~?D
30 42 31 20 20 20 36 33 33 00 00 10 3F 5A 75 3F   0B1   633~~~?Zu?
3F 00 17 44 30 42 31 20 20 20 4D 45 44 00 00 42   ?~~D0B1   MED~~B
72 5A 75 3F 3F 00 1A 44 30 42 31 20 20 20 43 49   rZu??~~D0B1   CI
4D 00 00 10 3F 5A 75 3F 3F 00 0A 44 30 42 32 20   M~~~?Zu??~~D0B2 
20 20 41 44 56 00 00 3C 3F 5A 75 3F 3F 00 3B 44     ADV~~<?Zu??~;D
30 42 31 20 20 20 30 33 32 00 09 51 2A 5A 75 3F   0B1   032~~Q*Zu?
3F 00 3F 44 30 42 31 20 20 20 4E 56 54 00 00 10   ?~?D0B1   NVT~~~
3F 5A 75 3F 3F 00 2B 44 30 42 31 20 20 20 4D 45   ?Zu??~+D0B1   ME
44 00 00 13 33 5A 75 3F 3F 00 22 44 30 42 31 20   D~~~3Zu??~"D0B1 
20 20 20 20 20 00 09 4E 3F 5A 75 3F 3F 00 18 44        ~~N?Zu??~~D
30 42 31 37 39 20 4D 45 44 00 00 4E 3F 5A 75 3F   0B179 MED~~N?Zu?
3F 00 20 44 30 42 31 37 30 20 49 53 20 00 00 10   ?~ D0B170 IS ~~~
3F 5A 75 3F 3F 00 24 44 30 42 31 20 20 20 4D 45   ?Zu??~$D0B1   ME
44 00 00 06 11 5A 75 3F 3F 00 5E 44 30 42 31 37   D~~~~Zu??~^D0B17
31 20 49 4E 4D 00 00 12 3F 5A 75 3F 3F 00 44 44   1 INM~~~?Zu??~DD
30 42 31 38 35 20 53 52 34 00 00 2D 3F 5A 75 3F   0B185 SR4~~-?Zu?
3F 00 03 44 30 45 31 35 32 20 32 32 32 00 09 4E   ?~~D0E152 222~~N
3F 5A 75 3F 3F 00 17 44 30 42 32 20 20 20 4D 45   ?Zu??~~D0B2   ME
44 00 09 4F 31 5A 75 3F 3F 00 23 44 30 42 31 20   D~~O1Zu??~#D0B1 
20 20 39 39 39 00 09 50 3F 5A 75 3F 00 00 4B 44     999~~P?Zu?~~KD
30 42 31 41 35 20 43 53 50 00 00 19 3F 5A 75 3F   0B1A5 CSP~~~?Zu?
00 00 06 44 30 42 31 20 20 20 20 20 20 00 09 50   ~~~D0B1      ~~P
3F 5A 75 3F 00 00 12 44 30 42 31 20 20 20 4D 45   ?Zu?~~~D0B1   ME
44 00 09 4E 3F 5A 75 3F 00 00 25 44 30 42 31 20   D~~N?Zu?~~%D0B1 
20 20 4D 45 44 00 00 10 3F 5A 75 3F 00 00 13 44     MED~~~?Zu?~~~D
30 42 31 36 39 20 4D 45 44 00 00 10 3F 5A 75 3F   0B169 MED~~~?Zu?
01 00 27 44 30 42 31 36 39 20 4D 45 44 00 09 51   ~~'D0B169 MED~~Q
3F 5A 75 3F 01 00 3A 44 30 42 31 20 20 20 20 20   ?Zu?~~:D0B1     
20 00 09 4E 3F 5A 75 3F 01 00 30 44 30 42 31 37    ~~N?Zu?~~0D0B17
30 20 43 54 52 00 00 10 3F 5A 75 3F 02 00 21 44   0 CTR~~~?Zu?~~!D
30 42 31 37 35 20 37 37 39 00 00 2D 3F 5A 75 3F   0B175 779~~-?Zu?
02 00 07 44 30 45 31 35 32 20 32 32 32 00 00 58   ~~~D0E152 222~~X
3F 5A 75 3F 02 00 4F 44 30 42 31 20 20 20 36 33   ?Zu?~~OD0B1   63
33 00 09 4E 3F 5A 75 3F 02 00 0E 44 30 42 31 47   3~~N?Zu?~~~D0B1G
39 20 4D 45 44 00 00 06 11 5A 75 3F 02 00 31 44   9 MED~~~~Zu?~~1D
30 42 31 38 38 20 49 4E 4D 00 09 51 08 5A 75 3F   0B188 INM~~Q~Zu?
02 00 4F 44 30 42 31 20 20 20 4E 52 58 00 09 50   ~~OD0B1   NRX~~P
3F 5A 75 3F 03 00 52 44 30 42 31 20 20 20 50 41   ?Zu?~~RD0B1   PA
41 00 09 4E 3F 5A 75 3F 03 00 1D 44 30 42 31 20   A~~N?Zu?~~~D0B1 
20 20 4D 45 44 00 00 4B 50 5A 75 3F 03 00 3F 44     MED~~KPZu?~~?D
30 42 31 20 20 20 54 48 53 00 00 4A 51 5A 75 3F   0B1   THS~~JQZu?
03 00 3F 44 30 42 31 20 20 20 38 30 30 00 00 10   ~~?D0B1   800~~~
3F 5A 75 3F 03 00 1A 44 30 42 31 37 30 20 4D 45   ?Zu?~~~D0B170 ME
44 00 00 3C 3F 5A 75 3F 03 00 20 44 30 42 31 20   D~~<?Zu?~~ D0B1 
20 20 30 33 32 00 09 4F 3F 5A 75 3F 03 00 2A 44     032~~O?Zu?~~*D
30 42 31 37 35 20 46 45 50 00 09 50 5F 5A 75 3F   0B175 FEP~~P_Zu?
03 00 20 44 30 42 32 20 20 20 4E 48 43 00 09 4F   ~~ D0B2   NHC~~O
31 5A 75 3F 04 00 1E 44 30 42 31 20 20 20 39 39   1Zu?~~~D0B1   99
39 00 00 58 3F 5A 75 3F 04 00 3F 44 30 42 31 20   9~~X?Zu?~~?D0B1 
20 20 36 33 33 00 00 10 3F 5A 75 3F 04 00 1F 44     633~~~?Zu?~~~D
30 42 31 20 20 20 4D 45 44 00 00 0F 12 5A 75 3F   0B1   MED~~~~Zu?
04 00 20 44 30 42 31 20 20 20 4D 44 20 00 00 58   ~~ D0B1   MD ~~X
3F 5A 75 3F 05 00 4A 44 30 42 31 20 20 20 36 33   ?Zu?~~JD0B1   63
33 00 00 4B 50 5A 75 3F 05 00 3F 44 30 42 31 20   3~~KPZu?~~?D0B1 
20 20 54 48 53 00 09 4F 31 5A 75 3F 05 00 22 44     THS~~O1Zu?~~"D
30 42 31 20 20 20 39 39 39 00 00 10 3F 5A 75 3F   0B1   999~~~?Zu?
05 00 1D 44 30 42 31 20 20 20 4D 45 44 00 00 37   ~~~D0B1   MED~~7
7B 5A 75 3F 05 01 72 44 30 42 31 36 34 37 4F 52   {Zu?~~rD0B1647OR
44 00 00 10 3F 5A 75 3F 05 00 2D 44 30 42 31 20   D~~~?Zu?~~-D0B1 
20 20 41 44 56 00 00 3C 3F 5A 75 3F 05 00 49 44     ADV~~<?Zu?~~ID
30 42 31 20 20 20 30 33 32 00 09 50 3F 5A 75 3F   0B1   032~~P?Zu?
05 00 2D 44 30 42 31 38 38 20 34 33 34 00 00 4C   ~~-D0B188 434~~L
3F 5A 75 3F 06 00 40 44 30 42 31 37 38 20 30 36   ?Zu?~~@D0B178 06
32 00 09 50 3F 5A 75 3F 06 00 19 44 30 42 31 31   2~~P?Zu?~~~D0B11
33 20 4C 4F 59 00 00 30 18 5A 75 3F 06 00 4C 44   3 LOY~~0~Zu?~~LD
30 42 31 20 20 20 50 41 52 00 09 51 2A 5A 75 3F   0B1   PAR~~Q*Zu?
06 00 4C 44 30 42 31 20 20 20 4E 56 54 00 00 10   ~~LD0B1   NVT~~~
3F 5A 75 3F 06 00 23 44 30 42 31 20 20 20 4D 45   ?Zu?~~#D0B1   ME
44 00 00 10 3F 5A 75 3F 06 00 1A 44 30 42 31 20   D~~~?Zu?~~~D0B1 
20 20 37 37 39 00 00 10 3F 5A 75 3F 06 00 31 44     779~~~?Zu?~~1D
30 42 31 20 20 20 41 44 56 00 00 3C 3F 5A 75 3F   0B1   ADV~~<?Zu?
06 00 35 44 30 42 31 20 20 20 30 33 32 00 00 3D   ~~5D0B1   032~~=
3F 5A 75 3F 06 00 0C 44 30 42 31 34 31 20 4F 48   ?Zu?~~~D0B141 OH
50 00 00 10 3F 5A 75 3F 07 00 12 44 30 42 31 20   P~~~?Zu?~~~D0B1 
20 20 41 44 56 00 00 30 18 5A 75 3F 07 00 0E 44     ADV~~0~Zu?~~~D
30 42 31 36 35 20 50 41 52 00 00 10 3F 5A 75 3F   0B165 PAR~~~?Zu?
07 00 0F 44 30 42 32 20 20 20 41 44 56 00 00 06   ~~~D0B2   ADV~~~
11 5A 75 3F 07 00 67 44 30 42 31 37 30 20 49 4E   ~Zu?~~gD0B170 IN
4D 00 00 0E 01 5A 75 3F 07 00 3F 44 30 42 31 37   M~~~~Zu?~~?D0B17
30 20 41 53 50 00 00 10 3F 5A 75 3F 07 00 22 44   0 ASP~~~?Zu?~~"D
30 42 31 38 38 20 4D 45 44 00 00 10 3F 5A 75 3F   0B188 MED~~~?Zu?
07 00 2A 44 30 42 31 20 20 20 4D 45 44 00 09 4E   ~~*D0B1   MED~~N
3F 5A 75 3F 08 00 23 44 30 42 31 20 20 20 49 52   ?Zu?~~#D0B1   IR
58 00 00 4B 50 5A 75 3F 08 01 0C 44 30 42 31 20   X~~KPZu?~~~D0B1 
20 20 54 48 53 00 00 10 3F 5A 75 3F 08 00 1D 44     THS~~~?Zu?~~~D
30 42 31 38 38 20 4D 45 44 00 00 25 53 5A 75 3F   0B188 MED~~%SZu?
08 00 3F 44 30 42 31 20 20 20 4D 41 53 00 09 4F   ~~?D0B1   MAS~~O
31 5A 75 3F 08 00 28 44 30 42 31 20 20 20 39 39   1Zu?~~(D0B1   99
39 00 00 4B 1F 5A 75 3F 08 00 2D 44 30 42 32 20   9~~K~Zu?~~-D0B2 
20 20 54 48 53 00 00 3C 3F 5A 75 3F 09 00 18 44     THS~~<?Zu?~~~D
30 42 31 20 20 20 30 33 32 00 09 4F 31 5A 75 3F   0B1   032~~O1Zu?
09 00 07 44 30 42 31 38 38 20 39 39 39 00 00 4B   ~~~D0B188 999~~K
50 5A 75 3F 09 00 3F 44 30 42 31 20 20 20 54 48   PZu?~~?D0B1   TH
53 00 09 4F 31 5A 75 3F 0A 00 1B 44 30 42 32 20   S~~O1Zu?~~~D0B2 
20 20 39 39 39 00 00 3C 3F 5A 75 3F 0A 00 5D 44     999~~<?Zu?~~]D
30 42 31 20 20 20 30 33 32 00 00 2D 3F 5A 75 3F   0B1   032~~-?Zu?
0A 00 04 44 30 45 31 35 32 20 32 32 32 00 00 3C   ~~~D0E152 222~~<
3F 5A 75 3F 0A 00 19 44 30 42 31 35 36 39 30 35   ?Zu?~~~D0B156905
34 00 09 50 3F 5A 75 3F 0A 00 1D 44 30 42 31 20   4~~P?Zu?~~~D0B1 
20 20 30 30 36 00 00 30 18 5A 75 3F 0A 00 3F 44     006~~0~Zu?~~?D
30 42 31 20 20 20 50 41 52 00 00 10 3F 5A 75 3F   0B1   PAR~~~?Zu?
0B 00 11 44 30 42 31 20 20 20 41 44 56 00 00 42   ~~~D0B1   ADV~~B
72 5A 75 3F 0B 00 18 44 30 42 32 20 20 20 43 49   rZu?~~~D0B2   CI
4D 00 09 50 5F 5A 75 3F 0B 00 40 44 30 42 32 20   M~~P_Zu?~~@D0B2 
20 20 4E 48 43 00 00 26 09 5A 75 3F 0B 00 37 44     NHC~~&~Zu?~~7D
30 42 31 34 31 20 50 30 30 00 00 0F 12 5A 75 3F   0B141 P00~~~~Zu?
0C 00 22 44 30 42 31 20 20 20 4D 41 20 00 00 06   ~~"D0B1   MA ~~~
11 5A 75 3F 0C 00 2A 44 30 42 31 38 38 20 49 4E   ~Zu?~~*D0B188 IN
4D 00 00 3C 3F 5A 75 3F 0C 00 2B 44 30 42 31 20   M~~<?Zu?~~+D0B1 
20 20 30 33 32 00 00 3C 3F 5A 75 3F 0C 00 25 44     032~~<?Zu?~~%D
30 42 31 20 20 20 30 33 32 00 00 10 3F 5A 75 3F   0B1   032~~~?Zu?
0C 00 07 44 30 42 32 20 20 20 41 44 56 00 00 06   ~~~D0B2   ADV~~~
11 5A 75 3F 0D 00 18 44 30 42 31 35 30 20 49 4E   ~Zu?~~~D0B150 IN
4D 00 09 51 72 5A 75 3F 0D 00 38 44 30 42 31 37   M~~QrZu?~~8D0B17
35 20 41 42 41 00 00 32 21 5A 75 3F 0D 00 1F 44   5 ABA~~2!Zu?~~~D
30 42 31 36 35 20 46 4C 42 00 00 32 21 5A 75 3F   0B165 FLB~~2!Zu?
0D 00 3C 44 30 42 31 20 20 20 46 4C 42 00 00 39   ~~<D0B1   FLB~~9
3F 5A 75 3F 0D 00 66 44 30 45 31 20 20 20 43 4F   ?Zu?~~fD0E1   CO
4D 00 00 4B 1F 5A 75 3F 0D 00 21 44 30 42 32 20   M~~K~Zu?~~!D0B2 
20 20 54 48 53 00 00 12 3F 5A 75 3F 0E 00 48 44     THS~~~?Zu?~~HD
30 42 31 36 35 20 52 46 32 00 00 10 3F 5A 75 3F   0B165 RF2~~~?Zu?
0E 00 0B 44 30 42 32 20 20 20 41 44 56 00 00 4B   ~~~D0B2   ADV~~K
1F 5A 75 3F 0E 00 20 44 30 42 32 20 20 20 54 48   ~Zu?~~ D0B2   TH
53 00 00 3C 3F 5A 75 3F 0E 00 49 44 30 42 31 20   S~~<?Zu?~~ID0B1 
20 20 41 53 50 00 00 10 3F 5A 75 3F 0F 00 1B 44     ASP~~~?Zu?~~~D
30 42 31 20 20 20 4D 45 44 00 09 51 3F 5A 75 3F   0B1   MED~~Q?Zu?
0F 00 12 44 30 42 31 20 20 20 20 20 20 00 00 10   ~~~D0B1      ~~~
3F 5A 75 3F 0F 00 19 44 30 42 31 20 20 20 4D 43   ?Zu?~~~D0B1   MC
41 00 00 30 18 5A 75 3F 0F 00 55 44 30 42 31 20   A~~0~Zu?~~UD0B1 
20 20 50 41 52 00 09 4F 31 5A 75 3F 0F 00 30 44     PAR~~O1Zu?~~0D
30 42 31 20 20 20 39 39 39 00 00 10 3F 5A 75 3F   0B1   999~~~?Zu?
0F 00 10 44 30 42 31 38 39 30 41 44 56 00 00 0F   ~~~D0B1890ADV~~~
12 5A 75 3F 0F 00 13 44 30 42 31 4D 52 20 4D 41   ~Zu?~~~D0B1MR MA
20 00 00 32 21 5A 75 3F 10 00 4E 44 30 42 31 37    ~~2!Zu?~~ND0B17
30 20 46 4C 42 00 00 4E 3F 5A 75 3F 10 00 21 44   0 FLB~~N?Zu?~~!D
30 42 31 20 20 20 41 43 20 00 09 4F 31 5A 75 3F   0B1   AC ~~O1Zu?
10 00 4B 44 30 42 31 37 30 20 39 39 39 00 00 0F   ~~KD0B170 999~~~
12 5A 75 3F 10 00 3A 44 30 42 31 20 20 20 41 34   ~Zu?~~:D0B1   A4
20 00 06 1A 3F 5A 75 3F 10 00 1E 44 30 42 31 37    ~~~?Zu?~~~D0B17
39 20 30 30 32 00 09 51 1F 5A 75 3F 11 00 14 44   9 002~~Q~Zu?~~~D
30 42 31 20 20 20 41 44 56 00 00 06 11 5A 75 3F   0B1   ADV~~~~Zu?
11 00 26 44 30 42 31 35 30 20 49 4E 4D 00 09 4E   ~~&D0B150 INM~~N
3F 5A 75 3F 11 00 20 44 30 42 31 20 20 20 49 52   ?Zu?~~ D0B1   IR
58 00 00 4B 1F 5A 75 3F 11 00 3F 44 30 42 31 20   X~~K~Zu?~~?D0B1 
20 20 54 48 53 00 00 0F 3F 5A 75 3F 11 00 40 44     THS~~~?Zu?~~@D
30 42 31 37 35 20 34 33 2D 00 09 50 3F 5A 75 3F   0B175 43-~~P?Zu?
12 00 25 44 30 42 31 20 20 20 53 55 50 00 00 32   ~~%D0B1   SUP~~2
21 5A 75 3F 12 00 37 44 30 42 31 37 30 20 46 4C   !Zu?~~7D0B170 FL
42 00 00 3C 3F 5A 75 3F 12 00 42 44 30 42 31 20   B~~<?Zu?~~BD0B1 
20 20 30 33 32 00 00 12 3F 5A 75 3F 12 00 28 44     032~~~?Zu?~~(D
30 42 31 20 20 20 59 47 42 00 09 50 3F 5A 75 3F   0B1   YGB~~P?Zu?
13 00 21 44 30 42 31 20 20 20 4C 4F 59 00 00 10   ~~!D0B1   LOY~~~
3F 5A 75 3F 13 00 16 44 30 42 31 20 20 20 4D 45   ?Zu?~~~D0B1   ME
44 00 09 4F 31 5A 75 3F 13 00 0D 44 30 42 32 20   D~~O1Zu?~~~D0B2 
20 20 39 39 39 00 09 50 3F 5A 75 3F 13 00 2A 44     999~~P?Zu?~~*D
30 42 31 20 20 20 4D 45 44 00 00 10 3F 5A 75 3F   0B1   MED~~~?Zu?
13 00 35 44 30 42 31 20 20 20 4D 45 44 00 00 10   ~~5D0B1   MED~~~
3F 5A 75 3F 13 00 13 44 30 42 31 37 36 20 41 44   ?Zu?~~~D0B176 AD
56 00 00 39 3F 5A 75 3F 13 00 32 44 30 45 31 20   V~~9?Zu?~~2D0E1 
20 20 43 4F 4D 00 00 39 3F 5A 75 3F 13 00 32 44     COM~~9?Zu?~~2D
30 45 31 4D 36 20 43 4F 4D 00 00 4E 3F 5A 75 3F   0E1M6 COM~~N?Zu?
14 00 21 44 30 42 31 37 39 20 49 53 20 00 00 10   ~~!D0B179 IS ~~~
3F 5A 75 3F 14 00 2F 44 30 42 31 20 20 20 4D 45   ?Zu?~~/D0B1   ME
44 00 00 2E 73 5A 75 3F 14 00 0F 44 30 42 31 37   D~~.sZu?~~~D0B17
36 20 48 54 57 00 00 55 3F 5A 75 3F 14 00 37 44   6 HTW~~U?Zu?~~7D
30 42 31 20 20 20 20 20 20 00 00 10 3F 5A 75 3F   0B1      ~~~?Zu?
14 00 1E 44 30 42 31 20 20 20 4D 45 44 00 00 5E   ~~~D0B1   MED~~^
3F 5A 75 3F 14 00 6A 44 30 42 31 20 20 20 4F 48   ?Zu?~~jD0B1   OH
52 00 00 5D 48 5A 75 3F 15 00 13 44 30 42 32 20   R~~]HZu?~~~D0B2 
20 20 4B 59 50 00 00 10 3F 5A 75 3F 15 00 2D 44     KYP~~~?Zu?~~-D
30 42 31 37 35 20 41 44 56 00 09 51 1F 5A 75 3F   0B175 ADV~~Q~Zu?
15 00 1B 44 30 42 31 37 36 20 41 44 56 00 00 10   ~~~D0B176 ADV~~~
3F 5A 75 3F 15 00 14 44 30 42 31 37 39 20 4D 45   ?Zu?~~~D0B179 ME
44 00 00 26 09 5A 75 3F 15 00 79 44 30 42 31 36   D~~&~Zu?~~yD0B16
45 20 50 30 30 00 09 4F 3F 5A 75 3F 16 00 27 44   E P00~~O?Zu?~~'D
30 42 32 20 20 20 39 39 39 00 00 40 73 5A 75 3F   0B2   999~~@sZu?
16 00 3C 44 30 42 31 31 33 20 48 5A 52 00 00 2D   ~~<D0B113 HZR~~-
20 5A 75 3F 16 00 41 44 30 42 31 20 20 20 42 43    Zu?~~AD0B1   BC
54 00 00 49 3F 5A 75 3F 16 00 2D 44 30 42 31 37   T~~I?Zu?~~-D0B17
35 20 50 33 30 00 09 50 3F 5A 75 3F 17 01 07 44   5 P30~~P?Zu?~~~D
30 42 31 20 20 20 48 4D 48 00 09 4F 31 5A 75 3F   0B1   HMH~~O1Zu?
17 00 0D 44 30 42 32 20 20 20 39 39 39 00 00 10   ~~~D0B2   999~~~
3F 5A 75 3F 17 00 1D 44 30 42 31 37 39 20 4D 45   ?Zu?~~~D0B179 ME
44 00 00 30 49 5A 75 3F 17 00 05 44 30 45 31 35   D~~0IZu?~~~D0E15
32 20 32 32 32 00 00 5E 3F 5A 75 3F 17 00 4E 44   2 222~~^?Zu?~~ND
30 42 31 20 20 20 4F 48 52 00 09 29 6C 5A 75 3F   0B1   OHR~~)lZu?
17 00 17 44 30 42 31 20 20 20 30 36 32 00 00 4E   ~~~D0B1   062~~N
3F 5A 75 3F 18 00 21 44 30 42 31 20 20 20 49 53   ?Zu?~~!D0B1   IS
20 00 00 3C 3F 5A 75 3F 18 00 13 44 30 42 32 20    ~~<?Zu?~~~D0B2 
20 20 41 53 50 00 00 34 62 5A 75 3F 18 00 01 44     ASP~~4bZu?~~~D
30 42 31 20 20 20 20 20 20 00 00 10 3F 5A 75 3F   0B1      ~~~?Zu?
19 00 34 44 30 42 31 20 20 20 4D 45 44 00 00 12   ~~4D0B1   MED~~~
4A 5A 75 3F 19 00 3F 44 30 42 31 20 20 20 43 4E   JZu?~~?D0B1   CN
20 00 00 3D 3F 5A 75 3F 19 00 18 44 30 42 31 20    ~~=?Zu?~~~D0B1 
20 20 4F 48 50 00 00 10 3F 5A 75 3F 19 00 12 44     OHP~~~?Zu?~~~D
30 42 31 20 20 20 41 44 56 00 00 4B 50 5A 75 3F   0B1   ADV~~KPZu?
19 00 3F 44 30 42 31 20 20 20 54 48 53 00 09 51   ~~?D0B1   THS~~Q
72 5A 75 3F 19 00 3A 44 30 42 31 20 20 20 41 42   rZu?~~:D0B1   AB
41 00 00 10 32 5A 75 3F 19 00 3F 44 30 42 32 20   A~~~2Zu?~~?D0B2 
20 20 20 20 20 00 00 26 09 5A 75 3F 1A 00 02 44        ~~&~Zu?~~~D
30 42 31 30 39 20 50 30 30 00 00 10 3F 5A 75 3F   0B109 P00~~~?Zu?
1A 00 2B 44 30 42 31 20 20 20 4D 45 44 00 00 4C   ~~+D0B1   MED~~L
3F 5A 75 3F 1A 00 3B 44 30 42 31 37 38 20 30 36   ?Zu?~~;D0B178 06
32 00 00 10 3F 5A 75 3F 1A 00 19 44 30 42 31 20   2~~~?Zu?~~~D0B1 
20 20 4D 45 44 00 09 29 6C 5A 75 3F 1A 00 11 44     MED~~)lZu?~~~D
30 42 31 20 20 20 30 36 32 00 00 06 11 5A 75 3F   0B1   062~~~~Zu?
1B 00 15 44 30 42 32 20 20 20 49 4E 4D 00 09 51   ~~~D0B2   INM~~Q
72 5A 75 3F 1B 00 31 44 30 42 32 20 20 20 41 42   rZu?~~1D0B2   AB
41 00 09 50 3F 5A 75 3F 1B 00 21 44 30 42 31 38   A~~P?Zu?~~!D0B18
38 20 4D 45 44 00 00 39 3F 5A 75 3F 1B 00 5B 44   8 MED~~9?Zu?~~[D
30 45 31 20 20 20 43 4F 4D 00 00 37 7B 5A 75 3F   0E1   COM~~7{Zu?
1B 00 3F 44 30 42 31 20 20 20 4F 52 44 00 09 4F   ~~?D0B1   ORD~~O
31 5A 75 3F 1C 00 34 44 30 42 31 20 20 20 39 39   1Zu?~~4D0B1   99
39 00 00 39 3F 5A 75 3F 1C 00 34 44 30 45 31 20   9~~9?Zu?~~4D0E1 
20 20 43 4F 4D 00 09 4F 31 5A 75 3F 1C 00 22 44     COM~~O1Zu?~~"D
30 42 31 20 20 20 39 39 39 00 00 10 3F 5A 75 3F   0B1   999~~~?Zu?
1C 00 19 44 30 42 31 20 20 20 4D 45 44 00 00 2D   ~~~D0B1   MED~~-
20 5A 75 3F 1C 00 26 44 30 42 31 20 20 20 4D 41    Zu?~~&D0B1   MA
50 00 00 10 3F 5A 75 3F 1C 00 29 44 30 42 31 20   P~~~?Zu?~~)D0B1 
20 20 4D 45 44 00 00 10 32 5A 75 3F 1C 00 3F 44     MED~~~2Zu?~~?D
30 42 31 20 20 20 20 20 20 00 09 4F 3F 5A 75 3F   0B1      ~~O?Zu?
1D 00 18 44 30 42 31 20 20 20 39 39 39 00 00 10   ~~~D0B1   999~~~
3F 5A 75 3F 1D 00 1D 44 30 42 31 37 39 20 4D 45   ?Zu?~~~D0B179 ME
44 00 00 10 3F 5A 75 3F 1D 00 1E 44 30 42 31 38   D~~~?Zu?~~~D0B18
38 20 4D 45 44 00 09 51 1F 5A 75 3F 1D 00 14 44   8 MED~~Q~Zu?~~~D
30 42 31 37 39 20 41 44 56 00 00 10 3F 5A 75 3F   0B179 ADV~~~?Zu?
1E 00 1E 44 30 42 31 20 20 20 4D 45 44 00 09 4E   ~~~D0B1   MED~~N
3F 5A 75 3F 1E 00 3D 44 30 42 31 20 20 20 50 44   ?Zu?~~=D0B1   PD
4D 00 09 4F 31 5A 75 3F 1E 00 3E 44 30 42 31 37   M~~O1Zu?~~>D0B17
39 20 39 39 39 00 00 10 3F 5A 75 3F 1E 00 0E 44   9 999~~~?Zu?~~~D
30 42 31 37 39 20 41 44 56 00 00 4B 50 5A 75 3F   0B179 ADV~~KPZu?
1F 00 3F 44 30 42 32 20 20 20 54 48 53 00 00 10   ~~?D0B2   THS~~~
3F 5A 75 3F 1F 00 1F 44 30 42 31 20 20 20 4D 45   ?Zu?~~~D0B1   ME
44 00 09 4E 3F 5A 75 3F 1F 00 3A 44 30 42 31 37   D~~N?Zu?~~:D0B17
35 20 43 4F 42 00 00 12 3F 5A 75 3F 1F 00 16 44   5 COB~~~?Zu?~~~D
30 42 31 41 46 20 59 42 53 00 09 4E 3F 5A 75 3F   0B1AF YBS~~N?Zu?
1F 00 1E 44 30 42 31 20 20 20 4D 45 44 00 00 10   ~~~D0B1   MED~~~
3F 5A 75 3F 1F 00 3A 44 30 42 31 20 20 20 4D 45   ?Zu?~~:D0B1   ME
44 00 09 4E 3F 5A 75 3F 20 00 2B 44 30 42 31 20   D~~N?Zu? ~+D0B1 
20 20 4D 45 44 00 00 26 3F 5A 75 3F 20 00 19 44     MED~~&?Zu? ~~D
30 42 32 20 20 20 41 45 30 00 06 1A 3F 5A 75 3F   0B2   AE0~~~?Zu?
20 00 24 44 30 42 31 38 38 20 30 30 32 00 09 4F    ~$D0B188 002~~O
31 5A 75 3F 20 00 2C 44 30 42 31 37 39 20 39 39   1Zu? ~,D0B179 99
39 00 00 0E 01 5A 75 3F 21 00 5C 44 30 42 31 20   9~~~~Zu?!~\D0B1 
20 20 41 53 50 00 00 23 52 5A 75 3F 21 00 01 44     ASP~~#RZu?!~~D
30 42 31 20 20 20 20 20 20 00 00 4B 50 5A 75 3F   0B1      ~~KPZu?
21 00 3F 44 30 42 32 20 20 20 54 48 53 00 09 4F   !~?D0B2   THS~~O
31 5A 75 3F 21 00 18 44 30 42 31 20 20 20 39 39   1Zu?!~~D0B1   99
39 00 00 12 3F 5A 75 3F 22 00 1D 44 30 42 31 20   9~~~?Zu?"~~D0B1 
20 20 59 47 4B 00 09 50 3F 5A 75 3F 22 00 1E 44     YGK~~P?Zu?"~~D
30 42 31 36 37 20 4D 45 44 00 09 51 2A 5A 75 3F   0B167 MED~~Q*Zu?
22 00 12 44 30 42 32 38 32 20 4E 56 54 00 00 42   "~~D0B282 NVT~~B
72 5A 75 3F 22 00 0F 44 30 42 32 20 20 20 43 49   rZu?"~~D0B2   CI
4D 00 09 51 1F 5A 75 3F 22 00 18 44 30 42 31 37   M~~Q~Zu?"~~D0B17
39 20 41 44 56 00 00 10 3F 5A 75 3F 23 00 25 44   9 ADV~~~?Zu?#~%D
30 42 31 38 31 20 4D 45 44 00 00 4B 50 5A 75 3F   0B181 MED~~KPZu?
23 00 3F 44 30 42 31 20 20 20 54 48 53 00 00 10   #~?D0B1   THS~~~
3F 5A 75 3F 23 00 0D 44 30 42 31 34 31 20 4D 43   ?Zu?#~~D0B141 MC
41 00 00 10 3F 5A 75 3F 23 00 20 44 30 42 31 20   A~~~?Zu?#~ D0B1 
20 20 4D 45 44 00 00 42 72 5A 75 3F 23 00 25 44     MED~~BrZu?#~%D
30 42 31 20 20 20 30 32 31 00 00 4E 3F 5A 75 3F   0B1   021~~N?Zu?
24 00 09 44 30 42 31 36 39 20 49 53 20 00 00 4C   $~~D0B169 IS ~~L
3F 5A 75 3F 24 00 3F 44 30 42 31 37 36 20 30 36   ?Zu?$~?D0B176 06
30 00 09 4E 3F 5A 75 3F 24 00 2C 44 30 42 31 37   0~~N?Zu?$~,D0B17
39 20 4D 45 44 00 00 10 3F 5A 75 3F 24 00 13 44   9 MED~~~?Zu?$~~D
30 42 31 37 35 20 41 44 56 00 00 30 18 5A 75 3F   0B175 ADV~~0~Zu?
24 00 69 44 30 42 31 37 39 20 50 41 52 00 00 4B   $~iD0B179 PAR~~K
50 5A 75 3F 24 00 3F 44 30 42 31 20 20 20 54 48   PZu?$~?D0B1   TH
53 00 00 4E 3F 5A 75 3F 24 00 18 44 30 42 31 20   S~~N?Zu?$~~D0B1 
20 20 41 43 20 00 09 4F 31 5A 75 3F 24 00 36 44     AC ~~O1Zu?$~6D
30 42 31 20 20 20 39 39 39 00 00 10 3F 5A 75 3F   0B1   999~~~?Zu?
24 00 1A 44 30 42 31 20 20 20 41 44 56 00 00 10   $~~D0B1   ADV~~~
3F 5A 75 3F 25 00 19 44 30 42 31 37 36 20 4D 43   ?Zu?%~~D0B176 MC
41 00 00 4B 50 5A 75 3F 25 00 3F 44 30 42 31 20   A~~KPZu?%~?D0B1 
20 20 54 48 53 00 00 42 72 5A 75 3F 25 00 15 44     THS~~BrZu?%~~D
30 42 31 37 39 20 43 49 4D 00 00 10 3F 5A 75 3F   0B179 CIM~~~?Zu?
25 00 1A 44 30 42 31 20 20 20 41 44 56 00 00 10   %~~D0B1   ADV~~~
3F 5A 75 3F 25 00 1E 44 30 42 31 20 20 20 41 44   ?Zu?%~~D0B1   AD
56 00 00 3C 3F 5A 75 3F 25 00 2C 44 30 42 31 20   V~~<?Zu?%~,D0B1 
20 20 30 33 32 00 09 2C 3F 5A 75 3F 26 00 3F 44     032~~,?Zu?&~?D
30 42 31 20 20 20 4F 48 43 00 00 10 3F 5A 75 3F   0B1   OHC~~~?Zu?
26 00 1D 44 30 42 31 20 20 20 41 44 56 00 00 10   &~~D0B1   ADV~~~
3F 5A 75 3F 26 00 25 44 30 42 31 20 20 20 4D 45   ?Zu?&~%D0B1   ME
44 00 09 51 1F 5A 75 3F 26 00 13 44 30 42 31 36   D~~Q~Zu?&~~D0B16
39 20 4D 45 44 00 00 4E 3F 5A 75 3F 27 00 0F 44   9 MED~~N?Zu?'~~D
30 42 32 20 20 20 20 20 20 00 00 3C 3F 5A 75 3F   0B2      ~~<?Zu?
27 00 11 44 30 42 31 37 39 20 30 33 32 00 00 3C   '~~D0B179 032~~<
3F 5A 75 3F 27 00 21 44 30 42 31 20 20 20 30 33   ?Zu?'~!D0B1   03
32 00 00 4E 3F 5A 75 3F 27 00 1F 44 30 42 31 20   2~~N?Zu?'~~D0B1 
20 20 43 4D 20 00 00 3C 3F 5A 75 3F 27 00 20 44     CM ~~<?Zu?'~ D
30 42 32 20 20 20 30 33 32 00 00 10 3F 5A 75 3F   0B2   032~~~?Zu?
27 00 23 44 30 42 31 20 20 20 41 44 56 00 09 50   '~#D0B1   ADV~~P
3F 5A 75 3F 27 00 16 44 30 42 31 20 20 20 4D 45   ?Zu?'~~D0B1   ME
44 00 09 4E 3F 5A 75 3F 27 00 2E 44 30 42 31 20   D~~N?Zu?'~.D0B1 
20 20 43 54 52 00 09 50 3F 5A 75 3F 28 00 0F 44     CTR~~P?Zu?(~~D
30 42 32 20 20 20 34 32 30 00 00 58 3F 5A 75 3F   0B2   420~~X?Zu?
28 00 3F 44 30 42 31 20 20 20 36 33 33 00 09 4F   (~?D0B1   633~~O
31 5A 75 3F 28 00 27 44 30 42 31 37 39 20 39 39   1Zu?(~'D0B179 99
39 00 00 06 11 5A 75 3F 28 00 57 44 30 42 31 31   9~~~~Zu?(~WD0B11
33 20 49 4E 4D 00 00 10 3F 5A 75 3F 28 00 1D 44   3 INM~~~?Zu?(~~D
30 42 31 37 30 20 41 44 56 00 09 50 3F 5A 75 3F   0B170 ADV~~P?Zu?
28 00 26 44 30 42 31 20 20 20 39 39 39 00 00 10   (~&D0B1   999~~~
3F 5A 75 3F 29 00 21 44 30 42 31 20 20 20 4D 45   ?Zu?)~!D0B1   ME
44 00 09 4E 3F 5A 75 3F 29 00 2D 44 30 42 31 20   D~~N?Zu?)~-D0B1 
20 20 20 20 20 00 00 3C 3F 5A 75 3F 29 00 22 44        ~~<?Zu?)~"D
30 42 31 20 20 20 30 33 32 00 00 4E 3F 5A 75 3F   0B1   032~~N?Zu?
29 00 22 44 30 42 31 20 20 20 43 53 20 00 06 1A   )~"D0B1   CS ~~~
3F 5A 75 3F 29 00 25 44 30 42 31 20 20 20 30 30   ?Zu?)~%D0B1   00
32 00 00 12 4A 5A 75 3F 29 00 3F 44 30 42 32 20   2~~~JZu?)~?D0B2 
20 20 43 4E 20 00 09 4F 31 5A 75 3F 29 00 4B 44     CN ~~O1Zu?)~KD
30 42 31 37 39 20 39 39 39 00 00 34 62 5A 75 3F   0B179 999~~4bZu?
2A 00 01 44 30 42 31 20 20 20 20 20 20 00 00 39   *~~D0B1      ~~9
3F 5A 75 3F 2A 00 36 44 30 45 31 4D 36 20 43 4F   ?Zu?*~6D0E1M6 CO
4D 00 00 4E 3F 5A 75 3F 2B 00 2F 44 30 42 31 20   M~~N?Zu?+~/D0B1 
20 20 49 53 20 00 00 12 3F 5A 75 3F 2B 00 10 44     IS ~~~?Zu?+~~D
30 42 32 20 20 20 48 4B 31 00 00 10 3F 5A 75 3F   0B2   HK1~~~?Zu?
2B 00 21 44 30 42 31 37 30 20 41 44 56 00 09 2D   +~!D0B170 ADV~~-
14 5A 75 3F 2B 00 3F 44 30 42 31 20 20 20 44 52   ~Zu?+~?D0B1   DR
4E 00 00 10 3F 5A 75 3F 2C 00 12 44 30 42 31 37   N~~~?Zu?,~~D0B17
39 20 4D 45 44 00 09 4E 3F 5A 75 3F 2C 00 2D 44   9 MED~~N?Zu?,~-D
30 42 31 20 20 20 49 52 58 00 00 42 08 5A 75 3F   0B1   IRX~~B~Zu?
2C 00 53 44 30 42 32 20 20 20 53 4D 41 00 00 10   ,~SD0B2   SMA~~~
3F 5A 75 3F 2C 00 2B 44 30 42 31 20 20 20 4D 45   ?Zu?,~+D0B1   ME
03                                                ~