
02 31 35 30 36 37 30 31 36 34 35 43 54 30 37 00   ~1506701645CT07~
00 31 30 54 50 30 30 30 30 5A 58 30 39 45 43 4C   ~10TP0000ZX09ECL
4D 1E 3C 56 33 00 00 00 3F 02 15 07 3F 00 02 00   M~<V3~~~?~~~?~~~
02 00 0D 00 22 00 31 00 0C 00 00 00 23 55 3F 3F   ~~~~"~1~~~~~#U??
50 00 05 00 15 00 00 1E 3C 00 00 3C 3F 5A 75 3F   P~~~~~~~<~~<?Zu?
19 00 1A 44 30 42 31 20 20 20 30 33 32 00 00 10   ~~~D0B1   032~~~
3F 5A 75 3F 19 00 1F 44 30 42 31 20 20 20 4D 45   ?Zu?~~~D0B1   ME
44 00 09 4F 31 5A 75 3F 19 00 33 44 30 42 31 20   D~~O1Zu?~~3D0B1 
20 20 39 39 39 00 00 10 3F 5A 75 3F 1A 00 26 44     999~~~?Zu?~~&D
30 42 31 20 20 20 4D 45 44 00 00 15 3F 5A 75 3F   0B1   MED~~~?Zu?
1A 00 1F 44 30 42 31 20 20 20 4D 45 50 00 00 10   ~~~D0B1   MEP~~~
3F 5A 75 3F 1A 00 24 44 30 42 31 20 20 20 4D 45   ?Zu?~~$D0B1   ME
44 00 00 17 3B 5A 75 3F 1A 00 3F 44 30 42 31 20   D~~~;Zu?~~?D0B1 
20 20 43 4C 41 00 00 10 3F 5A 75 3F 1B 00 1A 44     CLA~~~?Zu?~~~D
30 42 31 20 20 20 4D 45 44 00 00 33 21 5A 75 3F   0B1   MED~~3!Zu?
1B 00 1F 44 30 42 31 20 20 20 43 4F 4D 00 09 51   ~~~D0B1   COM~~Q
1F 5A 75 3F 1B 00 13 44 30 42 31 34 31 20 41 44   ~Zu?~~~D0B141 AD
56 00 00 10 3F 5A 75 3F 1C 00 18 44 30 42 31 37   V~~~?Zu?~~~D0B17
36 20 41 44 56 00 09 4E 3F 5A 75 3F 1C 00 25 44   6 ADV~~N?Zu?~~%D
30 42 31 37 35 20 49 52 58 00 00 3C 3F 5A 75 3F   0B175 IRX~~<?Zu?
1C 00 40 44 30 42 31 20 20 20 41 53 50 00 00 58   ~~@D0B1   ASP~~X
3F 5A 75 3F 1C 00 5C 44 30 42 31 37 30 20 36 33   ?Zu?~~\D0B170 63
33 00 00 41 3F 5A 75 3F 1C 00 11 44 30 42 32 20   3~~A?Zu?~~~D0B2 
20 20 4D 48 49 00 00 10 3F 5A 75 3F 1D 00 20 44     MHI~~~?Zu?~~ D
30 42 31 20 20 20 41 44 56 00 00 3C 3F 5A 75 3F   0B1   ADV~~<?Zu?
1D 00 22 44 30 42 31 20 20 20 30 33 32 00 00 4E   ~~"D0B1   032~~N
3F 5A 75 3F 1D 00 1B 44 30 42 31 20 20 20 49 53   ?Zu?~~~D0B1   IS
20 00 09 4E 3F 5A 75 3F 1D 00 6C 44 30 42 31 47    ~~N?Zu?~~lD0B1G
39 20 4D 45 44 00 09 4F 3F 5A 75 3F 1D 00 14 44   9 MED~~O?Zu?~~~D
30 42 31 20 20 20 39 39 39 00 00 10 3F 5A 75 3F   0B1   999~~~?Zu?
1D 00 1E 44 30 42 31 20 20 20 4D 45 44 00 00 10   ~~~D0B1   MED~~~
3F 5A 75 3F 1E 00 19 44 30 42 31 20 20 20 4D 45   ?Zu?~~~D0B1   ME
44 00 09 50 3F 5A 75 3F 1E 00 3F 44 30 42 31 32   D~~P?Zu?~~?D0B12
32 20 4C 4F 55 00 00 10 3F 5A 75 3F 1E 00 0C 44   2 LOU~~~?Zu?~~~D
30 42 31 4E 4E 20 41 44 56 00 09 4F 31 5A 75 3F   0B1NN ADV~~O1Zu?
1E 00 2C 44 30 42 31 20 20 20 39 39 39 00 00 10   ~~,D0B1   999~~~
3F 5A 75 3F 1E 00 1B 44 30 42 31 38 38 20 4D 45   ?Zu?~~~D0B188 ME
44 00 09 4F 31 5A 75 3F 1F 00 2D 44 30 42 31 37   D~~O1Zu?~~-D0B17
30 20 39 39 39 00 00 10 3F 5A 75 3F 1F 00 26 44   0 999~~~?Zu?~~&D
30 42 31 37 35 20 4D 45 44 00 09 4F 31 5A 75 3F   0B175 MED~~O1Zu?
1F 00 26 44 30 42 31 20 20 20 39 39 39 00 00 0F   ~~&D0B1   999~~~
12 5A 75 3F 1F 00 17 44 30 42 31 37 58 20 4D 41   ~Zu?~~~D0B17X MA
20 00 00 10 3F 5A 75 3F 1F 00 20 44 30 42 31 20    ~~~?Zu?~~ D0B1 
20 20 4D 45 44 00 00 10 3F 5A 75 3F 20 00 23 44     MED~~~?Zu? ~#D
30 42 31 20 20 20 4D 45 44 00 09 50 3F 5A 75 3F   0B1   MED~~P?Zu?
20 00 29 44 30 42 31 38 43 20 50 41 41 00 09 4F    ~)D0B18C PAA~~O
4F 5A 75 3F 20 00 28 44 30 42 31 20 20 20 30 31   OZu? ~(D0B1   01
39 00 00 10 3F 5A 75 3F 20 00 0F 44 30 42 32 20   9~~~?Zu? ~~D0B2 
20 20 4D 45 44 00 00 17 3B 5A 75 3F 20 00 11 44     MED~~~;Zu? ~~D
30 42 31 20 20 20 43 4C 41 00 00 26 09 5A 75 3F   0B1   CLA~~&~Zu?
20 00 3F 44 30 42 31 20 20 20 50 30 30 00 00 10    ~?D0B1   P00~~~
3F 5A 75 3F 21 00 11 44 30 42 31 37 39 20 4D 45   ?Zu?!~~D0B179 ME
44 00 00 32 21 5A 75 3F 21 00 56 44 30 42 31 37   D~~2!Zu?!~VD0B17
30 20 46 4C 42 00 00 4B 50 5A 75 3F 21 00 3F 44   0 FLB~~KPZu?!~?D
30 42 31 20 20 20 54 48 53 00 00 51 3F 5A 75 3F   0B1   THS~~Q?Zu?
21 00 31 44 30 42 31 20 20 20 45 4D 50 00 00 10   !~1D0B1   EMP~~~
3F 5A 75 3F 21 00 36 44 30 42 31 20 20 20 4D 45   ?Zu?!~6D0B1   ME
44 00 00 5E 3F 5A 75 3F 21 00 54 44 30 42 31 20   D~~^?Zu?!~TD0B1 
20 20 4F 48 52 00 09 51 72 5A 75 3F 22 00 1C 44     OHR~~QrZu?"~~D
30 42 32 38 37 20 41 42 41 00 09 50 3F 5A 75 3F   0B287 ABA~~P?Zu?
22 00 3B 44 30 42 32 20 20 20 4E 44 43 00 00 17   "~;D0B2   NDC~~~
3B 5A 75 3F 23 00 08 44 30 42 32 20 20 20 43 4C   ;Zu?#~~D0B2   CL
41 00 00 3C 3F 5A 75 3F 23 00 19 44 30 42 31 20   A~~<?Zu?#~~D0B1 
20 20 30 33 32 00 09 50 3F 5A 75 3F 23 00 24 44     032~~P?Zu?#~$D
30 42 31 20 20 20 34 31 30 00 00 3C 3F 5A 75 3F   0B1   410~~<?Zu?
23 00 22 44 30 42 31 20 20 20 30 33 32 00 00 4E   #~"D0B1   032~~N
3F 5A 75 3F 23 00 0A 44 30 42 31 36 39 20 49 53   ?Zu?#~~D0B169 IS
20 00 00 0F 12 5A 75 3F 23 00 25 44 30 42 31 20    ~~~~Zu?#~%D0B1 
20 20 41 34 20 00 00 0F 12 5A 75 3F 24 00 29 44     A4 ~~~~Zu?$~)D
30 42 31 34 30 20 41 34 20 00 00 4B 50 5A 75 3F   0B140 A4 ~~KPZu?
24 00 3F 44 30 42 32 20 20 20 54 48 53 00 00 4B   $~?D0B2   THS~~K
50 5A 75 3F 24 00 3F 44 30 42 31 20 20 20 54 48   PZu?$~?D0B1   TH
53 00 00 4E 3F 5A 75 3F 24 00 18 44 30 42 31 20   S~~N?Zu?$~~D0B1 
20 20 57 47 20 00 00 17 3B 5A 75 3F 24 00 17 44     WG ~~~;Zu?$~~D
30 42 31 20 20 20 43 4C 41 00 09 4E 3F 5A 75 3F   0B1   CLA~~N?Zu?
25 00 1B 44 30 42 31 20 20 20 43 54 52 00 00 4C   %~~D0B1   CTR~~L
3F 5A 75 3F 25 00 6F 44 30 42 31 20 20 20 30 31   ?Zu?%~oD0B1   01
39 00 00 10 3F 5A 75 3F 25 00 10 44 30 42 32 20   9~~~?Zu?%~~D0B2 
20 20 4D 45 44 00 09 4F 31 5A 75 3F 25 00 2B 44     MED~~O1Zu?%~+D
30 42 31 20 20 20 39 39 39 00 00 10 3F 5A 75 3F   0B1   999~~~?Zu?
25 00 1B 44 30 42 31 20 20 20 41 44 56 00 09 29   %~~D0B1   ADV~~)
6C 5A 75 3F 26 00 19 44 30 42 31 20 20 20 30 37   lZu?&~~D0B1   07
37 00 00 10 3F 5A 75 3F 26 00 2B 44 30 42 31 20   7~~~?Zu?&~+D0B1 
20 20 4D 45 44 00 00 10 3F 5A 75 3F 26 00 27 44     MED~~~?Zu?&~'D
30 42 31 20 20 20 41 44 56 00 00 45 3F 5A 75 3F   0B1   ADV~~E?Zu?
26 00 3F 44 30 42 31 20 20 20 49 4C 50 00 00 4B   &~?D0B1   ILP~~K
50 5A 75 3F 26 00 3F 44 30 42 31 20 20 20 54 48   PZu?&~?D0B1   TH
53 00 00 4E 3F 5A 75 3F 26 00 28 44 30 42 31 20   S~~N?Zu?&~(D0B1 
20 20 49 53 20 00 09 4F 31 5A 75 3F 26 00 0C 44     IS ~~O1Zu?&~~D
30 42 32 20 20 20 39 39 39 00 00 10 3F 5A 75 3F   0B2   999~~~?Zu?
27 00 1C 44 30 42 31 20 20 20 41 44 56 00 00 10   '~~D0B1   ADV~~~
3F 5A 75 3F 27 00 23 44 30 42 31 20 20 20 41 44   ?Zu?'~#D0B1   AD
56 00 00 42 72 5A 75 3F 27 00 2E 44 30 42 31 20   V~~BrZu?'~.D0B1 
20 20 43 49 4D 00 09 4F 3F 5A 75 3F 27 00 0F 44     CIM~~O?Zu?'~~D
30 42 31 20 20 20 4F 50 30 00 09 4E 3F 5A 75 3F   0B1   OP0~~N?Zu?
27 00 1A 44 30 42 31 20 20 20 4D 45 44 00 00 4E   '~~D0B1   MED~~N
3F 5A 75 3F 27 00 23 44 30 42 31 20 20 20 49 53   ?Zu?'~#D0B1   IS
20 00 00 10 3F 5A 75 3F 27 00 1B 44 30 42 31 20    ~~~?Zu?'~~D0B1 
20 20 41 44 56 00 09 29 6C 5A 75 3F 27 00 18 44     ADV~~)lZu?'~~D
30 42 31 20 20 20 30 36 32 00 00 10 3F 5A 75 3F   0B1   062~~~?Zu?
27 00 23 44 30 42 31 38 38 20 4D 45 44 00 09 4F   '~#D0B188 MED~~O
31 5A 75 3F 28 00 20 44 30 42 31 20 20 20 39 39   1Zu?(~ D0B1   99
39 00 09 50 3F 5A 75 3F 28 00 3F 44 30 42 31 20   9~~P?Zu?(~?D0B1 
20 20 34 39 34 00 00 42 72 5A 75 3F 28 00 0F 44     494~~BrZu?(~~D
30 42 32 20 20 20 43 49 4D 00 00 10 3F 5A 75 3F   0B2   CIM~~~?Zu?
28 00 23 44 30 42 31 37 35 20 4D 45 44 00 00 0F   (~#D0B175 MED~~~
12 5A 75 3F 28 00 25 44 30 42 31 20 20 20 41 34   ~Zu?(~%D0B1   A4
20 00 00 10 3F 5A 75 3F 28 00 0E 44 30 42 31 41    ~~~?Zu?(~~D0B1A
43 20 41 44 56 00 09 4E 3F 5A 75 3F 28 00 13 44   C ADV~~N?Zu?(~~D
30 42 31 37 30 20 20 20 20 00 09 50 3F 5A 75 3F   0B170    ~~P?Zu?
28 00 52 44 30 42 31 20 20 20 4E 44 43 00 00 10   (~RD0B1   NDC~~~
3F 5A 75 3F 29 00 39 44 30 42 31 20 20 20 4D 45   ?Zu?)~9D0B1   ME
44 00 00 0F 3F 5A 75 3F 29 00 2E 44 30 42 31 20   D~~~?Zu?)~.D0B1 
20 20 34 33 2D 00 00 3C 3F 5A 75 3F 29 00 1C 44     43-~~<?Zu?)~~D
30 42 31 37 39 20 30 33 32 00 00 0F 12 5A 75 3F   0B179 032~~~~Zu?
29 00 1B 44 30 42 31 20 20 20 41 34 20 00 09 4F   )~~D0B1   A4 ~~O
31 5A 75 3F 29 00 38 44 30 42 31 20 20 20 39 39   1Zu?)~8D0B1   99
39 00 00 10 3F 5A 75 3F 2A 00 20 44 30 42 31 20   9~~~?Zu?*~ D0B1 
20 20 41 44 56 00 00 10 3F 5A 75 3F 2A 00 21 44     ADV~~~?Zu?*~!D
30 42 31 37 39 20 4D 45 44 00 09 4F 3F 5A 75 3F   0B179 MED~~O?Zu?
2A 00 19 44 30 42 31 20 20 20 4F 50 30 00 09 50   *~~D0B1   OP0~~P
3F 5A 75 3F 2A 00 3D 44 30 42 31 20 20 20 57 49   ?Zu?*~=D0B1   WI
58 00 09 51 72 5A 75 3F 2A 00 54 44 30 42 31 20   X~~QrZu?*~TD0B1 
20 20 41 42 41 00 09 4F 3F 5A 75 3F 2A 00 22 44     ABA~~O?Zu?*~"D
30 42 31 20 20 20 46 45 50 00 00 10 3F 5A 75 3F   0B1   FEP~~~?Zu?
2A 00 1D 44 30 42 31 20 20 20 4D 45 44 00 09 4F   *~~D0B1   MED~~O
31 5A 75 3F 2B 00 43 44 30 42 31 37 39 20 39 39   1Zu?+~CD0B179 99
39 00 00 0F 3F 5A 75 3F 2B 00 29 44 30 42 31 37   9~~~?Zu?+~)D0B17
39 20 34 33 2D 00 00 4B 50 5A 75 3F 2B 00 3F 44   9 43-~~KPZu?+~?D
30 42 32 20 20 20 54 48 53 00 09 4E 3F 5A 75 3F   0B2   THS~~N?Zu?
2B 00 38 44 30 42 31 20 20 20 49 52 58 00 00 10   +~8D0B1   IRX~~~
3F 5A 75 3F 2B 00 2E 44 30 42 31 20 20 20 4D 43   ?Zu?+~.D0B1   MC
41 00 09 4E 3F 5A 75 3F 2B 00 2C 44 30 42 31 20   A~~N?Zu?+~,D0B1 
20 20 49 52 58 00 00 10 3F 5A 75 3F 2C 00 0F 44     IRX~~~?Zu?,~~D
30 42 32 20 20 20 4D 45 44 00 00 10 3F 5A 75 3F   0B2   MED~~~?Zu?
2C 00 12 44 30 42 31 35 32 20 4D 45 44 00 00 10   ,~~D0B152 MED~~~
3F 5A 75 3F 2C 00 62 44 30 42 31 20 20 20 41 44   ?Zu?,~bD0B1   AD
56 00 00 47 38 5A 75 3F 2C 00 1A 44 30 42 31 37   V~~G8Zu?,~~D0B17
39 20 50 42 4D 00 09 4F 3F 5A 75 3F 2D 00 49 44   9 PBM~~O?Zu?-~ID
30 42 31 20 20 20 30 32 33 00 09 4F 31 5A 75 3F   0B1   023~~O1Zu?
2D 00 2B 44 30 42 31 20 20 20 39 39 39 00 00 49   -~+D0B1   999~~I
3F 5A 75 3F 2D 00 24 44 30 42 32 20 20 20 45 4D   ?Zu?-~$D0B2   EM
50 00 00 61 38 5A 75 3F 2D 00 1E 44 30 42 31 44   P~~a8Zu?-~~D0B1D
45 32 36 38 33 00 00 10 3F 5A 75 3F 2D 00 22 44   E2683~~~?Zu?-~"D
30 42 31 36 37 20 4D 45 44 00 00 12 3F 5A 75 3F   0B167 MED~~~?Zu?
2D 00 3F 44 30 42 31 20 20 20 55 53 4D 00 00 10   -~?D0B1   USM~~~
3F 5A 75 3F 2E 00 24 44 30 42 31 37 36 20 4D 45   ?Zu?.~$D0B176 ME
44 00 00 17 3B 5A 75 3F 2E 00 11 44 30 42 31 20   D~~~;Zu?.~~D0B1 
20 20 43 4C 41 00 09 50 0B 5A 75 3F 2E 00 40 44     CLA~~P~Zu?.~@D
30 42 31 20 20 20 52 58 41 00 00 10 3F 5A 75 3F   0B1   RXA~~~?Zu?
2E 00 1A 44 30 42 31 20 20 20 41 44 56 00 00 4B   .~~D0B1   ADV~~K
50 5A 75 3F 2E 01 6A 44 30 42 31 20 20 20 54 48   PZu?.~jD0B1   TH
53 00 00 10 3F 5A 75 3F 2E 00 24 44 30 42 31 20   S~~~?Zu?.~$D0B1 
20 20 4D 45 44 00 00 0F 12 5A 75 3F 30 00 28 44     MED~~~~Zu?0~(D
30 42 31 37 35 20 41 34 20 00 00 58 3F 5A 75 3F   0B175 A4 ~~X?Zu?
30 00 43 44 30 42 31 38 38 20 36 33 33 00 00 22   0~CD0B188 633~~"
3F 5A 75 3F 30 00 1D 44 30 42 31 20 20 20 20 20   ?Zu?0~~D0B1     
20 00 09 4E 3F 5A 75 3F 30 00 26 44 30 42 31 20    ~~N?Zu?0~&D0B1 
20 20 43 54 52 00 00 12 3F 5A 75 3F 30 00 3F 44     CTR~~~?Zu?0~?D
30 42 31 38 38 20 47 48 37 00 09 50 3F 5A 75 3F   0B188 GH7~~P?Zu?
30 00 45 44 30 42 32 20 20 20 4D 48 43 00 00 10   0~ED0B2   MHC~~~
3F 5A 75 3F 30 00 2C 44 30 42 31 20 20 20 4D 45   ?Zu?0~,D0B1   ME
44 00 00 29 53 5A 75 3F 31 00 35 44 30 42 31 37   D~~)SZu?1~5D0B17
35 20 4F 4B 41 00 09 50 3F 5A 75 3F 31 00 23 44   5 OKA~~P?Zu?1~#D
30 42 31 38 38 20 34 36 34 00 00 0F 12 5A 75 3F   0B188 464~~~~Zu?
31 00 21 44 30 42 31 31 35 20 41 34 20 00 00 4C   1~!D0B115 A4 ~~L
3F 5A 75 3F 31 00 4F 44 30 42 31 20 20 20 30 37   ?Zu?1~OD0B1   07
36 00 09 4F 31 5A 75 3F 31 00 23 44 30 42 31 37   6~~O1Zu?1~#D0B17
30 20 39 39 39 00 09 4F 31 5A 75 3F 31 00 23 44   0 999~~O1Zu?1~#D
30 42 31 20 20 20 39 39 39 00 09 4F 31 5A 75 3F   0B1   999~~O1Zu?
31 00 22 44 30 42 31 20 20 20 39 39 39 00 00 10   1~"D0B1   999~~~
3F 5A 75 3F 31 00 60 44 30 42 31 20 20 20 4D 45   ?Zu?1~`D0B1   ME
44 00 00 12 3F 5A 75 3F 31 00 35 44 30 42 31 38   D~~~?Zu?1~5D0B18
38 20 47 48 37 00 09 50 3F 5A 75 3F 31 02 7B 44   8 GH7~~P?Zu?1~{D
30 42 31 20 20 20 31 39 30 00 09 4F 3F 5A 75 3F   0B1   190~~O?Zu?
31 01 57 44 30 42 31 20 20 20 20 20 20 00 00 0F   1~WD0B1      ~~~
12 5A 75 3F 32 00 16 44 30 42 31 20 20 20 4D 41   ~Zu?2~~D0B1   MA
20 00 00 4B 50 5A 75 3F 32 01 62 44 30 42 31 20    ~~KPZu?2~bD0B1 
20 20 54 48 53 00 09 4E 3F 5A 75 3F 32 00 19 44     THS~~N?Zu?2~~D
30 42 31 37 58 20 20 20 20 00 00 3E 21 5A 75 3F   0B17X    ~~>!Zu?
32 01 1E 44 30 42 31 20 20 20 20 20 20 00 00 42   2~~D0B1      ~~B
72 5A 75 3F 32 00 20 44 30 42 31 20 20 20 43 49   rZu?2~ D0B1   CI
4D 00 00 0F 3F 5A 75 3F 32 00 54 44 30 42 31 37   M~~~?Zu?2~TD0B17
35 20 34 33 2D 00 09 4E 3F 5A 75 3F 32 00 1D 44   5 43-~~N?Zu?2~~D
30 42 31 20 20 20 49 52 58 00 09 51 2A 5A 75 3F   0B1   IRX~~Q*Zu?
32 00 1C 44 30 42 31 36 35 20 4D 43 44 00 00 4E   2~~D0B165 MCD~~N
3F 5A 75 3F 33 00 33 44 30 42 31 20 20 20 49 53   ?Zu?3~3D0B1   IS
20 00 09 4F 3F 5A 75 3F 33 00 0E 44 30 42 31 20    ~~O?Zu?3~~D0B1 
20 20 4F 50 30 00 00 2D 20 5A 75 3F 33 00 21 44     OP0~~- Zu?3~!D
30 42 31 20 20 20 50 44 50 00 00 10 3F 5A 75 3F   0B1   PDP~~~?Zu?
33 00 1A 44 30 42 31 20 20 20 4D 45 44 00 00 10   3~~D0B1   MED~~~
3F 5A 75 3F 33 00 23 44 30 42 31 37 39 20 4D 45   ?Zu?3~#D0B179 ME
44 00 00 3C 3F 5A 75 3F 33 00 1A 44 30 42 32 20   D~~<?Zu?3~~D0B2 
20 20 30 33 32 00 00 4B 50 5A 75 3F 33 00 3F 44     032~~KPZu?3~?D
30 42 32 20 20 20 54 48 53 00 00 10 3F 5A 75 3F   0B2   THS~~~?Zu?
33 00 0F 44 30 42 32 20 20 20 4D 45 44 00 09 4E   3~~D0B2   MED~~N
3F 5A 75 3F 34 00 0E 44 30 42 32 20 20 20 4D 45   ?Zu?4~~D0B2   ME
44 00 00 39 3F 5A 75 3F 34 00 40 44 30 45 31 20   D~~9?Zu?4~@D0E1 
20 20 43 4F 4D 00 00 39 3F 5A 75 3F 34 00 23 44     COM~~9?Zu?4~#D
30 45 31 4D 36 20 43 4F 4D 00 00 30 18 5A 75 3F   0E1M6 COM~~0~Zu?
34 00 67 44 30 42 31 20 20 20 50 41 52 00 00 10   4~gD0B1   PAR~~~
3F 5A 75 3F 34 00 1F 44 30 42 31 20 20 20 4D 45   ?Zu?4~~D0B1   ME
44 00 09 50 3F 5A 75 3F 34 00 1E 44 30 42 31 20   D~~P?Zu?4~~D0B1 
20 20 34 32 34 00 00 3C 3F 5A 75 3F 34 00 2B 44     424~~<?Zu?4~+D
30 42 31 20 20 20 30 33 32 00 09 50 3F 5A 75 3F   0B1   032~~P?Zu?
35 00 56 44 30 42 31 20 20 20 4E 44 43 00 09 51   5~VD0B1   NDC~~Q
3F 5A 75 3F 35 00 22 44 30 42 31 38 38 20 57 41   ?Zu?5~"D0B188 WA
50 00 00 10 3F 5A 75 3F 35 00 1D 44 30 42 31 20   P~~~?Zu?5~~D0B1 
20 20 4D 43 41 00 00 0F 12 5A 75 3F 35 00 10 44     MCA~~~~Zu?5~~D
30 42 31 37 30 20 41 34 20 00 00 10 3F 5A 75 3F   0B170 A4 ~~~?Zu?
36 00 32 44 30 42 31 20 20 20 4D 45 44 00 00 10   6~2D0B1   MED~~~
3F 5A 75 3F 36 00 0E 44 30 42 31 36 39 20 4D 45   ?Zu?6~~D0B169 ME
44 00 00 42 72 5A 75 3F 36 00 13 44 30 42 31 37   D~~BrZu?6~~D0B17
39 20 43 49 4D 00 00 10 3F 5A 75 3F 36 00 2B 44   9 CIM~~~?Zu?6~+D
30 42 31 20 20 20 4D 45 44 00 00 4B 50 5A 75 3F   0B1   MED~~KPZu?
36 00 3F 44 30 42 31 20 20 20 54 48 53 00 09 50   6~?D0B1   THS~~P
0B 5A 75 3F 36 00 35 44 30 42 31 20 20 20 52 58   ~Zu?6~5D0B1   RX
41 00 00 4B 50 5A 75 3F 36 00 3F 44 30 42 31 20   A~~KPZu?6~?D0B1 
20 20 54 48 53 00 00 4E 3F 5A 75 3F 36 00 14 44     THS~~N?Zu?6~~D
30 42 31 36 39 20 49 52 58 00 09 4E 3F 5A 75 3F   0B169 IRX~~N?Zu?
36 00 17 44 30 42 32 20 20 20 20 20 20 00 09 4E   6~~D0B2      ~~N
3F 5A 75 3F 37 00 17 44 30 42 31 20 20 20 4D 45   ?Zu?7~~D0B1   ME
44 00 09 4E 3F 5A 75 3F 37 00 33 44 30 42 31 20   D~~N?Zu?7~3D0B1 
20 20 4D 45 44 00 00 42 72 5A 75 3F 38 00 22 44     MED~~BrZu?8~"D
30 42 31 20 20 20 30 35 31 00 00 10 3F 5A 75 3F   0B1   051~~~?Zu?
38 00 24 44 30 42 31 20 20 20 4D 45 44 00 00 10   8~$D0B1   MED~~~
3F 5A 75 3F 38 00 1D 44 30 42 31 20 20 20 41 44   ?Zu?8~~D0B1   AD
56 00 09 4F 31 5A 75 3F 38 00 47 44 30 42 31 20   V~~O1Zu?8~GD0B1 
20 20 39 39 39 00 00 3C 3F 5A 75 3F 39 00 1F 44     999~~<?Zu?9~~D
30 42 31 20 20 20 30 33 32 00 00 10 3F 5A 75 3F   0B1   032~~~?Zu?
39 00 1B 44 30 42 31 20 20 20 4D 45 44 00 00 58   9~~D0B1   MED~~X
3F 5A 75 3F 39 00 0C 44 30 42 31 37 37 20 36 33   ?Zu?9~~D0B177 63
33 00 09 51 3F 5A 75 3F 39 00 31 44 30 42 31 20   3~~Q?Zu?9~1D0B1 
20 20 30 32 31 00 00 10 3F 5A 75 3F 3A 00 14 44     021~~~?Zu?:~~D
30 42 31 34 32 20 41 44 56 00 00 42 72 5A 75 3F   0B142 ADV~~BrZu?
3A 00 11 44 30 42 31 30 36 20 43 49 4D 00 09 50   :~~D0B106 CIM~~P
3F 5A 75 3F 3A 00 5B 44 30 42 31 39 38 32 35 35   ?Zu?:~[D0B198255
32 00 00 10 3F 5A 75 3F 3A 00 34 44 30 42 31 20   2~~~?Zu?:~4D0B1 
20 20 4D 45 44 00 00 0F 12 5A 75 3F 3B 00 18 44     MED~~~~Zu?;~~D
30 42 31 20 20 20 41 34 20 00 00 4E 3F 5A 75 3F   0B1   A4 ~~N?Zu?
3B 00 14 44 30 42 31 20 20 20 4E 45 20 00 09 50   ;~~D0B1   NE ~~P
3F 5A 75 3F 3B 00 2B 44 30 42 31 20 20 20 4D 45   ?Zu?;~+D0B1   ME
44 00 00 10 3F 5A 75 3F 3B 00 2F 44 30 42 31 20   D~~~?Zu?;~/D0B1 
20 20 4D 45 44 00 00 10 3F 5A 75 3F 3C 00 11 44     MED~~~?Zu?<~~D
30 42 32 20 20 20 4D 45 44 00 00 10 3F 5A 75 3F   0B2   MED~~~?Zu?
3C 00 09 44 30 42 32 20 20 20 41 44 56 00 0C 35   <~~D0B2   ADV~~5
04 5A 75 3F 3C 00 0E 44 30 42 32 20 20 20 30 30   ~Zu?<~~D0B2   00
38 00 09 4F 31 5A 75 3F 3C 00 1E 44 30 42 31 20   8~~O1Zu?<~~D0B1 
20 20 39 39 39 00 00 0F 12 5A 75 3F 3D 00 19 44     999~~~~Zu?=~~D
30 42 31 37 39 20 4D 44 20 00 09 4F 3F 5A 75 3F   0B179 MD ~~O?Zu?
3D 00 1D 44 30 42 31 20 20 20 39 39 39 00 00 3C   =~~D0B1   999~~<
3F 5A 75 3F 3D 00 2C 44 30 42 31 20 20 20 30 35   ?Zu?=~,D0B1   05
34 00 00 10 3F 5A 75 3F 3E 00 14 44 30 42 32 20   4~~~?Zu?>~~D0B2 
20 20 4D 45 44 00 09 4F 3F 5A 75 3F 3E 00 1B 44     MED~~O?Zu?>~~D
30 42 32 20 20 20 39 39 39 00 00 0F 3F 5A 75 3F   0B2   999~~~?Zu?
3E 00 3F 44 30 42 31 20 20 20 34 33 2D 00 00 10   >~?D0B1   43-~~~
3F 5A 75 3F 3E 00 2A 44 30 42 31 20 20 20 4D 45   ?Zu?>~*D0B1   ME
44 00 09 50 3F 5A 75 3F 3E 00 35 44 30 42 31 20   D~~P?Zu?>~5D0B1 
20 20 30 30 36 00 00 3E 10 5A 75 3F 3F 00 12 44     006~~>~Zu??~~D
30 42 31 20 20 20 4D 49 44 00 00 0F 3F 5A 75 3F   0B1   MID~~~?Zu?
3F 00 1F 44 30 42 31 36 45 20 34 33 2D 00 09 4F   ?~~D0B16E 43-~~O
3F 5A 75 3F 3F 00 13 44 30 42 31 20 20 20 4F 50   ?Zu??~~D0B1   OP
30 00 09 4F 31 5A 75 3F 3F 00 21 44 30 42 32 20   0~~O1Zu??~!D0B2 
20 20 39 39 39 00 09 4F 3F 5A 75 3F 3F 00 19 44     999~~O?Zu??~~D
30 42 31 20 20 20 4F 50 30 00 00 58 3F 5A 75 3F   0B1   OP0~~X?Zu?
3F 00 54 44 30 42 31 20 20 20 36 33 33 00 09 4F   ?~TD0B1   633~~O
31 5A 75 3F 40 00 2C 44 30 42 31 20 20 20 39 39   1Zu?@~,D0B1   99
39 00 09 4F 3F 5A 75 3F 40 00 08 44 30 42 32 20   9~~O?Zu?@~~D0B2 
20 20 39 39 39 00 00 5E 3F 5A 75 3F 40 00 2D 44     999~~^?Zu?@~-D
30 42 31 34 31 20 4F 48 52 00 00 10 3F 5A 75 3F   0B141 OHR~~~?Zu?
40 00 39 44 30 42 31 20 20 20 41 44 56 00 00 10   @~9D0B1   ADV~~~
3F 5A 75 3F 40 00 32 44 30 42 31 20 20 20 4D 45   ?Zu?@~2D0B1   ME
44 00 00 3C 3F 5A 75 3F 41 00 2C 44 30 42 31 20   D~~<?Zu?A~,D0B1 
20 20 30 33 32 00 09 4F 3F 5A 75 3F 41 00 11 44     032~~O?Zu?A~~D
30 42 31 20 20 20 4F 50 30 00 00 4E 3F 5A 75 3F   0B1   OP0~~N?Zu?
41 00 33 44 30 42 31 20 20 20 41 43 20 00 00 10   A~3D0B1   AC ~~~
3F 5A 75 3F 41 00 16 44 30 42 31 20 20 20 4D 43   ?Zu?A~~D0B1   MC
41 00 00 10 3F 5A 75 3F 42 00 28 44 30 42 31 38   A~~~?Zu?B~(D0B18
38 20 4D 45 44 00 09 4F 24 5A 75 3F 42 00 75 44   8 MED~~O$Zu?B~uD
30 42 31 37 36 20 50 43 53 00 00 47 38 5A 75 3F   0B176 PCS~~G8Zu?
42 00 25 44 30 42 31 20 20 20 50 42 4D 00 09 51   B~%D0B1   PBM~~Q
72 5A 75 3F 42 00 41 44 30 42 31 20 20 20 41 42   rZu?B~AD0B1   AB
41 00 00 10 3F 5A 75 3F 42 00 26 44 30 42 31 20   A~~~?Zu?B~&D0B1 
20 20 4D 45 44 00 00 10 3F 5A 75 3F 42 00 1D 44     MED~~~?Zu?B~~D
30 42 31 20 20 20 4D 45 44 00 00 42 72 5A 75 3F   0B1   MED~~BrZu?
42 00 1D 44 30 42 31 20 20 20 43 49 4D 00 09 4F   B~~D0B1   CIM~~O
31 5A 75 3F 42 00 27 44 30 42 31 20 20 20 39 39   1Zu?B~'D0B1   99
39 00 00 45 52 5A 75 3F 43 00 3F 44 30 42 31 20   9~~ERZu?C~?D0B1 
20 20 20 20 20 00 00 10 3F 5A 75 3F 43 00 23 44        ~~~?Zu?C~#D
30 42 31 38 31 20 41 44 56 00 09 4F 31 5A 75 3F   0B181 ADV~~O1Zu?
43 00 30 44 30 42 31 20 20 20 39 39 39 00 00 0F   C~0D0B1   999~~~
12 5A 75 3F 44 00 46 44 30 42 31 20 20 20 41 34   ~Zu?D~FD0B1   A4
20 00 00 10 3F 5A 75 3F 44 00 3A 44 30 42 31 20    ~~~?Zu?D~:D0B1 
20 20 4D 45 44 00 00 3C 3F 5A 75 3F 44 00 23 44     MED~~<?Zu?D~#D
30 42 31 20 20 20 30 33 32 00 00 10 3F 5A 75 3F   0B1   032~~~?Zu?
44 00 1D 44 30 42 31 20 20 20 41 44 56 00 00 3C   D~~D0B1   ADV~~<
3F 5A 75 3F 44 00 6E 44 30 42 31 20 20 20 30 33   ?Zu?D~nD0B1   03
32 00 00 10 3F 5A 75 3F 45 00 0F 44 30 42 31 37   2~~~?Zu?E~~D0B17
35 20 4D 45 44 00 00 3D 3F 5A 75 3F 45 00 1D 44   5 MED~~=?Zu?E~~D
30 42 31 37 30 20 4F 48 50 00 09 51 2E 5A 75 3F   0B170 OHP~~Q.Zu?
45 00 41 44 30 42 31 20 20 20 48 4D 43 00 00 10   E~AD0B1   HMC~~~
3F 5A 75 3F 46 00 10 44 30 42 32 20 20 20 41 44   ?Zu?F~~D0B2   AD
56 00 09 4E 3F 5A 75 3F 46 00 14 44 30 42 31 37   V~~N?Zu?F~~D0B17
35 20 50 45 55 00 09 4F 31 5A 75 3F 46 00 2C 44   5 PEU~~O1Zu?F~,D
30 42 31 37 39 20 39 39 39 00 09 2C 3F 5A 75 3F   0B179 999~~,?Zu?
46 00 6F 44 30 42 31 37 39 20 4F 48 43 00 00 4B   F~oD0B179 OHC~~K
50 5A 75 3F 46 00 3F 44 30 42 31 20 20 20 54 48   PZu?F~?D0B1   TH
53 00 00 10 3F 5A 75 3F 46 00 2C 44 30 42 31 20   S~~~?Zu?F~,D0B1 
20 20 4D 45 44 00 09 4F 31 5A 75 3F 47 00 01 44     MED~~O1Zu?G~~D
30 42 31 31 35 20 39 39 39 00 00 2F 28 5A 75 3F   0B115 999~~/(Zu?
47 00 01 44 30 42 31 20 20 20 43 41 53 00 00 42   G~~D0B1   CAS~~B
72 5A 75 3F 47 00 29 44 30 42 31 20 20 20 30 32   rZu?G~)D0B1   02
31 00 09 4E 3F 5A 75 3F 47 00 16 44 30 42 31 37   1~~N?Zu?G~~D0B17
36 20 50 45 55 00 00 2E 73 5A 75 3F 48 00 1D 44   6 PEU~~.sZu?H~~D
30 42 31 20 20 20 20 20 20 00 00 10 3F 5A 75 3F   0B1      ~~~?Zu?
48 00 0D 44 30 42 32 20 20 20 4D 45 44 00 00 49   H~~D0B2   MED~~I
3F 5A 75 3F 48 00 30 44 30 42 31 20 20 20 45 4D   ?Zu?H~0D0B1   EM
50 00 00 10 3F 5A 75 3F 48 00 2D 44 30 42 31 31   P~~~?Zu?H~-D0B11
56 20 4D 45 44 00 00 3D 3F 5A 75 3F 48 00 16 44   V MED~~=?Zu?H~~D
30 42 31 37 30 20 4F 48 50 00 00 0F 12 5A 75 3F   0B170 OHP~~~~Zu?
49 00 19 44 30 42 31 37 36 20 4D 41 20 00 00 10   I~~D0B176 MA ~~~
3F 5A 75 3F 49 00 28 44 30 42 31 20 20 20 41 44   ?Zu?I~(D0B1   AD
56 00 09 4F 31 5A 75 3F 49 00 24 44 30 42 31 20   V~~O1Zu?I~$D0B1 
20 20 39 39 39 00 00 10 3F 5A 75 3F 49 00 1E 44     999~~~?Zu?I~~D
30 42 31 20 20 20 4D 45 44 00 00 10 3F 5A 75 3F   0B1   MED~~~?Zu?
49 00 1F 44 30 42 31 20 20 20 41 44 56 00 00 42   I~~D0B1   ADV~~B
72 5A 75 3F 49 00 1F 44 30 42 31 20 20 20 43 49   rZu?I~~D0B1   CI
4D 00 00 58 3F 5A 75 3F 4A 00 3B 44 30 42 31 20   M~~X?Zu?J~;D0B1 
20 20 36 33 33 00 00 10 3F 5A 75 3F 4A 00 22 44     633~~~?Zu?J~"D
30 42 31 37 30 20 4D 45 44 00 09 50 3F 5A 75 3F   0B170 MED~~P?Zu?
4B 00 20 44 30 42 31 20 20 20 34 33 34 00 00 10   K~ D0B1   434~~~
3F 5A 75 3F 4B 00 26 44 30 42 31 20 20 20 4D 45   ?Zu?K~&D0B1   ME
44 00 09 4E 3F 5A 75 3F 4B 00 1D 44 30 42 31 36   D~~N?Zu?K~~D0B16
31 33 4D 45 44 00 09 50 3F 5A 75 3F 4B 00 29 44   13MED~~P?Zu?K~)D
30 42 31 38 38 20 34 39 34 00 09 4E 3F 5A 75 3F   0B188 494~~N?Zu?
4B 00 1B 44 30 42 31 37 39 20 4D 45 44 00 09 4F   K~~D0B179 MED~~O
3F 5A 75 3F 4B 00 2A 44 30 42 31 20 20 20 39 39   ?Zu?K~*D0B1   99
39 00 00 0E 01 5A 75 3F 4C 00 41 44 30 42 31 20   9~~~~Zu?L~AD0B1 
20 20 41 53 50 00 09 4E 3F 5A 75 3F 4C 00 14 44     ASP~~N?Zu?L~~D
30 42 31 37 39 20 4D 45 44 00 00 3C 3F 5A 75 3F   0B179 MED~~<?Zu?
4C 00 24 44 30 42 31 20 20 20 30 33 32 00 00 10   L~$D0B1   032~~~
3F 5A 75 3F 4C 00 32 44 30 42 31 20 20 20 4D 45   ?Zu?L~2D0B1   ME
44 00 00 10 3F 5A 75 3F 4C 00 30 44 30 42 31 20   D~~~?Zu?L~0D0B1 
20 20 4D 45 44 00 00 10 3F 5A 75 3F 4C 00 17 44     MED~~~?Zu?L~~D
30 42 31 32 31 20 41 44 56 00 00 3D 3F 5A 75 3F   0B121 ADV~~=?Zu?
4D 00 16 44 30 42 31 41 46 20 4F 48 50 00 09 4F   M~~D0B1AF OHP~~O
31 5A 75 3F 4D 00 24 44 30 42 31 37 30 20 39 39   1Zu?M~$D0B170 99
39 00 00 0F 12 5A 75 3F 4D 00 39 44 30 42 31 20   9~~~~Zu?M~9D0B1 
20 20 41 34 20 00 09 4F 31 5A 75 3F 4D 00 24 44     A4 ~~O1Zu?M~$D
30 42 31 20 20 20 39 39 39 00 09 4F 31 5A 75 3F   0B1   999~~O1Zu?
4D 00 28 44 30 42 31 20 20 20 39 39 39 00 09 50   M~(D0B1   999~~P
3F 5A 75 3F 4E 00 23 44 30 42 31 20 20 20 30 30   ?Zu?N~#D0B1   00
36 00 00 10 3F 5A 75 3F 4E 00 32 44 30 42 31 20   6~~~?Zu?N~2D0B1 
20 20 4D 45 44 00 09 50 3F 5A 75 3F 4E 00 21 44     MED~~P?Zu?N~!D
30 42 31 41 46 20 4D 48 43 00 00 10 3F 5A 75 3F   0B1AF MHC~~~?Zu?
4E 00 11 44 30 42 31 20 20 20 4D 43 41 00 09 51   N~~D0B1   MCA~~Q
2A 5A 75 3F 4F 00 3E 44 30 42 31 37 58 20 4E 56   *Zu?O~>D0B17X NV
54 00 09 4F 3F 5A 75 3F 4F 00 49 44 30 42 32 20   T~~O?Zu?O~ID0B2 
20 20 4D 43 53 00 00 12 3F 5A 75 3F 4F 00 10 44     MCS~~~?Zu?O~~D
30 42 31 4E 4E 20 58 58 31 00 00 10 3F 5A 75 3F   0B1NN XX1~~~?Zu?
4F 00 22 44 30 42 31 37 30 20 4D 45 44 00 00 2D   O~"D0B170 MED~~-
3F 5A 75 3F 4F 00 03 44 30 45 31 35 32 20 32 32   ?Zu?O~~D0E152 22
32 00 00 58 3F 5A 75 3F 4F 00 4D 44 30 42 31 38   2~~X?Zu?O~MD0B18
38 20 36 33 33 00 00 10 3F 5A 75 3F 50 00 16 44   8 633~~~?Zu?P~~D
30 42 31 20 20 20 4D 45 44 00 00 10 3F 5A 75 3F   0B1   MED~~~?Zu?
50 00 23 44 30 42 31 20 20 20 4D 45 44 00 00 4B   P~#D0B1   MED~~K
1F 5A 75 3F 50 00 2B 44 30 42 32 20 20 20 54 48   ~Zu?P~+D0B2   TH
53 00 00 10 3F 5A 75 3F 50 00 1A 44 30 42 31 37   S~~~?Zu?P~~D0B17
30 20 41 44 56 00 00 4E 3F 5A 75 3F 50 00 23 44   0 ADV~~N?Zu?P~#D
30 42 31 20 20 20 49 53 20 00 00 10 3F 5A 75 3F   0B1   IS ~~~?Zu?
50 00 14 44 30 42 31 37 30 20 4D 45 44 00 00 4B   P~~D0B170 MED~~K
1F 5A 75 3F 50 00 36 44 30 42 31 32 35 20 54 48   ~Zu?P~6D0B125 TH
53 00 09 4F 31 5A 75 3F 51 00 2A 44 30 42 31 37   S~~O1Zu?Q~*D0B17
39 20 39 39 39 00 09 50 3F 5A 75 3F 51 00 1C 44   9 999~~P?Zu?Q~~D
30 42 31 20 20 20 34 38 30 00 00 4B 1F 5A 75 3F   0B1   480~~K~Zu?
51 00 3F 44 30 42 31 20 20 20 54 48 53 00 00 4B   Q~?D0B1   THS~~K
1F 5A 75 3F 51 00 39 44 30 42 31 20 20 20 54 48   ~Zu?Q~9D0B1   TH
53 00 00 39 3F 5A 75 3F 51 00 1D 44 30 45 31 20   S~~9?Zu?Q~~D0E1 
20 20 43 4F 4D 00 00 2D 3F 5A 75 3F 51 00 05 44     COM~~-?Zu?Q~~D
30 45 31 20 20 20 32 32 32 00 00 10 3F 5A 75 3F   0E1   222~~~?Zu?
51 00 10 44 30 42 31 4E 4E 20 4D 45 44 00 00 10   Q~~D0B1NN MED~~~
3F 5A 75 3F 51 00 21 44 30 42 31 20 20 20 41 44   ?Zu?Q~!D0B1   AD
56 00 09 51 72 5A 75 3F 51 00 5B 44 30 42 31 37   V~~QrZu?Q~[D0B17
39 20 41 42 41 00 00 10 3F 5A 75 3F 51 00 34 44   9 ABA~~~?Zu?Q~4D
30 42 31 20 20 20 4D 45 44 00 09 4E 3F 5A 75 3F   0B1   MED~~N?Zu?
52 00 2A 44 30 42 31 20 20 20 49 52 58 00 00 10   R~*D0B1   IRX~~~
3F 5A 75 3F 52 00 4A 44 30 42 31 38 38 20 4D 45   ?Zu?R~JD0B188 ME
44 00 06 1A 3F 5A 75 3F 52 00 16 44 30 42 31 37   D~~~?Zu?R~~D0B17
30 20 30 31 30 00 09 51 2A 5A 75 3F 52 00 66 44   0 010~~Q*Zu?R~fD
30 42 31 20 20 20 4D 43 44 00 00 10 3F 5A 75 3F   0B1   MCD~~~?Zu?
52 00 29 44 30 42 31 37 30 20 4D 45 44 00 00 58   R~)D0B170 MED~~X
3F 5A 75 3F 52 00 38 44 30 42 31 20 20 20 36 33   ?Zu?R~8D0B1   63
33 00 00 56 3F 5A 75 3F 53 00 4B 44 30 42 31 20   3~~V?Zu?S~KD0B1 
20 20 50 53 54 00 00 42 72 5A 75 3F 53 00 19 44     PST~~BrZu?S~~D
30 42 32 20 20 20 43 49 4D 00 00 42 72 5A 75 3F   0B2   CIM~~BrZu?
53 00 29 44 30 42 31 20 20 20 43 49 4D 00 00 0F   S~)D0B1   CIM~~~
12 5A 75 3F 53 00 44 44 30 42 31 20 20 20 41 34   ~Zu?S~DD0B1   A4
20 00 00 5D 48 5A 75 3F 53 00 4B 44 30 42 31 37    ~~]HZu?S~KD0B17
30 20 4B 59 50 00 00 3C 3F 5A 75 3F 54 00 2D 44   0 KYP~~<?Zu?T~-D
30 42 31 20 20 20 30 35 34 00 00 42 72 5A 75 3F   0B1   054~~BrZu?
54 00 1C 44 30 42 31 37 39 20 43 49 4D 00 00 15   T~~D0B179 CIM~~~
3F 5A 75 3F 54 00 23 44 30 42 31 20 20 20 4D 45   ?Zu?T~#D0B1   ME
50 00 00 10 3F 5A 75 3F 54 00 12 44 30 42 32 20   P~~~?Zu?T~~D0B2 
20 20 4D 45 44 00 09 51 2E 5A 75 3F 54 00 3C 44     MED~~Q.Zu?T~<D
30 42 31 38 38 20 48 4D 43 00 00 10 3F 5A 75 3F   0B188 HMC~~~?Zu?
54 00 2C 44 30 42 31 20 20 20 4D 45 44 00 00 32   T~,D0B1   MED~~2
21 5A 75 3F 54 00 41 44 30 42 31 20 20 20 4D 45   !Zu?T~AD0B1   ME
44 00 09 51 08 5A 75 3F 55 00 3F 44 30 42 32 20   D~~Q~Zu?U~?D0B2 
20 20 52 58 4E 00 09 50 3F 5A 75 3F 55 00 30 44     RXN~~P?Zu?U~0D
30 42 31 20 20 20 4D 43 41 00 09 4E 3F 5A 75 3F   0B1   MCA~~N?Zu?
55 00 29 44 30 42 31 20 20 20 36 31 30 00 00 50   U~)D0B1   610~~P
41 5A 75 3F 55 00 51 44 30 42 31 20 20 20 52 58   AZu?U~QD0B1   RX
41 00 00 10 3F 5A 75 3F 56 00 14 44 30 42 31 20   A~~~?Zu?V~~D0B1 
20 20 41 44 56 00 00 42 72 5A 75 3F 56 00 30 44     ADV~~BrZu?V~0D
30 42 31 20 20 20 43 49 4D 00 00 2E 73 5A 75 3F   0B1   CIM~~.sZu?
56 00 1F 44 30 42 31 20 20 20 20 20 20 00 00 0F   V~~D0B1      ~~~
12 5A 75 3F 56 00 0F 44 30 42 31 47 45 20 4D 44   ~Zu?V~~D0B1GE MD
20 00 00 58 3F 5A 75 3F 56 00 3F 44 30 42 31 20    ~~X?Zu?V~?D0B1 
20 20 36 33 33 00 00 10 3F 5A 75 3F 57 00 09 44     633~~~?Zu?W~~D
30 42 32 20 20 20 4D 45 44 00 00 10 3F 5A 75 3F   0B2   MED~~~?Zu?
57 00 1A 44 30 42 31 20 20 20 4D 45 44 00 00 10   W~~D0B1   MED~~~
3F 5A 75 3F 57 00 24 44 30 42 31 20 20 20 4D 45   ?Zu?W~$D0B1   ME
44 00 00 39 3F 5A 75 3F 57 00 31 44 30 45 31 20   D~~9?Zu?W~1D0E1 
20 20 43 4F 4D 00 00 10 3F 5A 75 3F 57 00 10 44     COM~~~?Zu?W~~D
30 42 32 20 20 20 4D 45 44 00 00 10 3F 5A 75 3F   0B2   MED~~~?Zu?
58 00 23 44 30 42 31 20 20 20 41 44 56 00 09 51   X~#D0B1   ADV~~Q
2A 5A 75 3F 58 00 32 44 30 42 31 33 39 20 4E 56   *Zu?X~2D0B139 NV
54 00 09 50 0B 5A 75 3F 58 00 3F 44 30 42 31 41   T~~P~Zu?X~?D0B1A
47 20 52 58 41 00 00 2D 3F 5A 75 3F 58 00 08 44   G RXA~~-?Zu?X~~D
30 45 31 20 20 20 32 32 32 00 00 10 3F 5A 75 3F   0E1   222~~~?Zu?
58 00 07 44 30 42 32 20 20 20 4D 45 44 00 00 10   X~~D0B2   MED~~~
3F 5A 75 3F 58 00 1A 44 30 42 31 38 38 20 4D 45   ?Zu?X~~D0B188 ME
44 00 09 50 3F 5A 75 3F 58 00 17 44 30 42 31 32   D~~P?Zu?X~~D0B12
36 20 53 55 50 00 09 50 3F 5A 75 3F 59 00 13 44   6 SUP~~P?Zu?Y~~D
30 42 32 20 20 20 4D 45 44 00 09 4F 31 5A 75 3F   0B2   MED~~O1Zu?
59 00 20 44 30 42 31 37 39 20 39 39 39 00 00 10   Y~ D0B179 999~~~
3F 5A 75 3F 59 00 34 44 30 42 31 20 20 20 4D 45   ?Zu?Y~4D0B1   ME
44 00 09 50 3F 5A 75 3F 59 00 28 44 30 42 31 20   D~~P?Zu?Y~(D0B1 
20 20 53 55 50 00 00 40 52 5A 75 3F 59 00 16 44     SUP~~@RZu?Y~~D
30 42 31 20 20 20 53 43 44 00 09 4F 31 5A 75 3F   0B1   SCD~~O1Zu?
59 00 1F 44 30 42 31 20 20 20 39 39 39 00 00 10   Y~~D0B1   999~~~
3F 5A 75 3F 5A 00 23 44 30 42 31 20 20 20 41 44   ?Zu?Z~#D0B1   AD
56 00 09 51 2A 5A 75 3F 5A 00 05 44 30 42 31 32   V~~Q*Zu?Z~~D0B12
32 20 4E 56 54 00 09 4F 24 5A 75 3F 5A 00 51 44   2 NVT~~O$Zu?Z~QD
30 42 31 37 36 20 50 43 53 00 09 4F 31 5A 75 3F   0B176 PCS~~O1Zu?
5A 00 2B 44 30 42 31 20 20 20 39 39 39 00 00 10   Z~+D0B1   999~~~
3F 5A 75 3F 5A 00 1F 44 30 42 31 20 20 20 4D 45   ?Zu?Z~~D0B1   ME
44 00 00 0E 01 5A 75 3F 5B 00 38 44 30 42 31 37   D~~~~Zu?[~8D0B17
58 20 41 53 50 00 00 3C 3F 5A 75 3F 5B 00 3C 44   X ASP~~<?Zu?[~<D
30 42 31 20 20 20 41 53 50 00 00 10 3F 5A 75 3F   0B1   ASP~~~?Zu?
5B 00 05 44 30 42 32 20 20 20 41 44 56 00 00 2D   [~~D0B2   ADV~~-
20 5A 75 3F 5B 00 2B 44 30 42 31 20 20 20 49 4C    Zu?[~+D0B1   IL
43 00 00 4B 1F 5A 75 3F 5B 00 3F 44 30 42 31 39   C~~K~Zu?[~?D0B19
47 20 54 48 53 00 09 4E 3F 5A 75 3F 5C 00 1E 44   G THS~~N?Zu?\~~D
30 42 31 20 20 20 4D 45 44 00 00 42 72 5A 75 3F   0B1   MED~~BrZu?
5C 00 0C 44 30 42 31 37 30 20 43 49 4D 00 00 10   \~~D0B170 CIM~~~
3F 5A 75 3F 5C 00 22 44 30 42 31 37 30 20 4D 45   ?Zu?\~"D0B170 ME
44 00 00 42 72 5A 75 3F 5C 00 0F 44 30 42 31 36   D~~BrZu?\~~D0B16
39 20 43 49 4D 00 00 10 3F 5A 75 3F 5D 00 1B 44   9 CIM~~~?Zu?]~~D
30 42 31 20 20 20 41 44 56 00 00 3C 3F 5A 75 3F   0B1   ADV~~<?Zu?
5D 00 2C 44 30 42 31 20 20 20 30 33 32 00 00 10   ]~,D0B1   032~~~
3F 5A 75 3F 5D 00 11 44 30 42 31 35 32 20 41 44   ?Zu?]~~D0B152 AD
56 00 00 10 3F 5A 75 3F 5D 00 32 44 30 42 31 20   V~~~?Zu?]~2D0B1 
20 20 37 37 39 00 09 4E 3F 5A 75 3F 5D 00 13 44     779~~N?Zu?]~~D
30 42 31 36 39 20 50 45 55 00 00 10 3F 5A 75 3F   0B169 PEU~~~?Zu?
5E 00 36 44 30 42 31 20 20 20 4D 45 44 00 00 10   ^~6D0B1   MED~~~
3F 5A 75 3F 5E 00 41 44 30 42 31 20 20 20 41 44   ?Zu?^~AD0B1   AD
56 00 00 49 3F 5A 75 3F 5E 00 29 44 30 42 32 20   V~~I?Zu?^~)D0B2 
20 20 45 4D 50 00 00 10 3F 5A 75 3F 5E 00 27 44     EMP~~~?Zu?^~'D
30 42 31 20 20 20 4D 45 44 00 09 4F 31 5A 75 3F   0B1   MED~~O1Zu?
5E 00 36 44 30 42 31 20 20 20 39 39 39 00 09 4F   ^~6D0B1   999~~O
31 5A 75 3F 5F 00 27 44 30 42 31 20 20 20 39 39   1Zu?_~'D0B1   99
39 00 00 58 3F 5A 75 3F 5F 00 3F 44 30 42 31 20   9~~X?Zu?_~?D0B1 
20 20 36 33 33 00 00 3C 3F 5A 75 3F 5F 00 1F 44     633~~<?Zu?_~~D
30 42 31 35 34 20 30 33 32 00 09 50 3F 5A 75 3F   0B154 032~~P?Zu?
5F 00 1D 44 30 42 31 20 20 20 20 20 20 00 09 4F   _~~D0B1      ~~O
31 5A 75 3F 5F 00 17 44 30 42 32 20 20 20 39 39   1Zu?_~~D0B2   99
39 00 09 4E 3F 5A 75 3F 5F 00 25 44 30 42 31 20   9~~N?Zu?_~%D0B1 
20 20 4D 45 44 00 00 10 3F 5A 75 3F 60 00 2A 44     MED~~~?Zu?`~*D
30 42 31 20 20 20 4D 45 44 00 09 29 6C 5A 75 3F   0B1   MED~~)lZu?
60 00 12 44 30 42 31 20 20 20 30 36 32 00 00 4E   `~~D0B1   062~~N
3F 5A 75 3F 60 00 32 44 30 42 31 37 30 20 49 53   ?Zu?`~2D0B170 IS
20 00 09 50 3F 5A 75 3F 60 00 59 44 30 42 31 20    ~~P?Zu?`~YD0B1 
20 20 31 39 30 00 00 10 3F 5A 75 3F 61 00 1D 44     190~~~?Zu?a~~D
30 42 31 38 38 20 4D 45 44 00 00 0E 01 5A 75 3F   0B188 MED~~~~Zu?
61 00 40 44 30 42 31 20 20 20 32 34 30 00 00 3A   a~@D0B1   240~~:
31 5A 75 3F 61 00 48 44 30 42 31 20 20 20 4D 42   1Zu?a~HD0B1   MB
47 00 00 10 3F 5A 75 3F 62 00 29 44 30 42 31 20   G~~~?Zu?b~)D0B1 
20 20 41 44 56 00 09 4F 31 5A 75 3F 62 00 29 44     ADV~~O1Zu?b~)D
30 42 31 20 20 20 39 39 39 00 09 50 3F 5A 75 3F   0B1   999~~P?Zu?
62 00 2A 44 30 42 31 20 20 20 39 39 39 00 00 12   b~*D0B1   999~~~
3F 5A 75 3F 62 00 53 44 30 42 31 38 35 20 58 58   ?Zu?b~SD0B185 XX
30 00 09 50 3F 5A 75 3F 62 00 1F 44 30 42 31 20   0~~P?Zu?b~~D0B1 
20 20 20 20 20 00 00 0F 12 5A 75 3F 62 00 16 44        ~~~~Zu?b~~D
30 42 31 20 20 20 4D 41 20 00 00 10 3F 5A 75 3F   0B1   MA ~~~?Zu?
62 00 20 44 30 42 31 20 20 20 4D 45 44 00 00 3E   b~ D0B1   MED~~>
10 5A 75 3F 62 00 1C 44 30 42 31 37 30 20 55 4B   ~Zu?b~~D0B170 UK
59 00 09 4E 3F 5A 75 3F 62 00 01 44 30 42 31 4E   Y~~N?Zu?b~~D0B1N
4E 20 50 45 55 00 09 51 3F 5A 75 3F 62 00 3F 44   N PEU~~Q?Zu?b~?D
30 42 31 20 20 20 58 30 31 00 00 4E 3F 5A 75 3F   0B1   X01~~N?Zu?
62 00 18 44 30 42 31 36 45 20 49 52 58 00 00 12   b~~D0B16E IRX~~~
3F 5A 75 3F 63 00 1A 44 30 42 31 41 45 20 44 59   ?Zu?c~~D0B1AE DY
32 00 00 10 3F 5A 75 3F 63 00 27 44 30 42 31 37   2~~~?Zu?c~'D0B17
36 20 41 44 56 00 00 0F 3F 5A 75 3F 63 00 0E 44   6 ADV~~~?Zu?c~~D
30 42 31 20 20 20 50 30 32 00 00 10 3F 5A 75 3F   0B1   P02~~~?Zu?
63 00 1E 44 30 42 31 20 20 20 4D 45 44 00 00 42   c~~D0B1   MED~~B
72 5A 75 3F 64 00 28 44 30 42 31 20 20 20 43 49   rZu?d~(D0B1   CI
4D 00 00 0E 01 5A 75 3F 64 00 4A 44 30 42 31 20   M~~~~Zu?d~JD0B1 
20 20 41 53 50 00 00 10 3F 5A 75 3F 64 00 17 44     ASP~~~?Zu?d~~D
30 42 31 37 30 20 4D 45 44 00 09 4F 31 5A 75 3F   0B170 MED~~O1Zu?
64 00 1E 44 30 42 31 37 39 20 39 39 39 00 00 3C   d~~D0B179 999~~<
3F 5A 75 3F 64 00 24 44 30 42 31 20 20 20 30 33   ?Zu?d~$D0B1   03
32 00 00 42 72 5A 75 3F 64 00 18 44 30 42 31 20   2~~BrZu?d~~D0B1 
20 20 43 49 4D 00 00 5E 3F 5A 75 3F 65 00 51 44     CIM~~^?Zu?e~QD
30 42 31 20 20 20 4F 48 52 00 00 39 3F 5A 75 3F   0B1   OHR~~9?Zu?
65 00 40 44 30 45 31 4D 36 20 43 4F 4D 00 00 10   e~@D0E1M6 COM~~~
3F 5A 75 3F 65 00 19 44 30 42 31 38 38 20 4D 45   ?Zu?e~~D0B188 ME
44 00 00 3C 3F 5A 75 3F 65 00 2E 44 30 42 31 20   D~~<?Zu?e~.D0B1 
20 20 30 33 32 00 00 3C 3F 5A 75 3F 66 00 30 44     032~~<?Zu?f~0D
30 42 31 20 20 20 30 33 32 00 00 3A 31 5A 75 3F   0B1   032~~:1Zu?
66 00 16 44 30 42 31 52 32 20 4D 42 47 00 09 50   f~~D0B1R2 MBG~~P
3F 5A 75 3F 66 00 3F 44 30 42 31 20 20 20 53 55   ?Zu?f~?D0B1   SU
50 00 00 0E 01 5A 75 3F 66 00 24 44 30 42 31 36   P~~~~Zu?f~$D0B16
35 20 41 53 50 00 00 10 3F 5A 75 3F 66 00 1F 44   5 ASP~~~?Zu?f~~D
30 42 31 38 38 39 41 44 56 00 00 3C 49 5A 75 3F   0B1889ADV~~<IZu?
66 00 7C 44 30 42 31 20 20 20 53 53 4E 00 00 4C   f~|D0B1   SSN~~L
3F 5A 75 3F 66 00 19 44 30 42 32 20 20 20 30 36   ?Zu?f~~D0B2   06
31 00 00 10 3F 5A 75 3F 66 00 21 44 30 42 31 20   1~~~?Zu?f~!D0B1 
20 20 4D 45 44 00 00 10 3F 5A 75 3F 66 00 25 44     MED~~~?Zu?f~%D
30 42 31 20 20 20 4D 45 44 00 09 4F 31 5A 75 3F   0B1   MED~~O1Zu?
67 00 46 44 30 42 31 20 20 20 39 39 39 00 09 4E   g~FD0B1   999~~N
3F 5A 75 3F 67 00 21 44 30 42 31 37 35 20 49 52   ?Zu?g~!D0B175 IR
58 00 00 0F 12 5A 75 3F 67 00 1C 44 30 42 31 20   X~~~~Zu?g~~D0B1 
20 20 4D 41 20 00 00 06 11 5A 75 3F 67 00 06 44     MA ~~~~Zu?g~~D
30 42 31 4E 4E 20 49 4E 4D 00 00 10 3F 5A 75 3F   0B1NN INM~~~?Zu?
68 00 09 44 30 42 31 57 45 20 41 44 56 00 00 4E   h~~D0B1WE ADV~~N
3F 5A 75 3F 68 00 1E 44 30 42 31 20 20 20 49 53   ?Zu?h~~D0B1   IS
20 00 00 2D 20 5A 75 3F 68 00 19 44 30 42 31 20    ~~- Zu?h~~D0B1 
20 20 49 4C 43 00 00 06 11 5A 75 3F 68 00 18 44     ILC~~~~Zu?h~~D
30 42 31 35 30 20 49 4E 4D 00 00 4B 50 5A 75 3F   0B150 INM~~KPZu?
68 01 04 44 30 42 31 20 20 20 54 48 53 00 00 10   h~~D0B1   THS~~~
3F 5A 75 3F 68 00 18 44 30 42 31 37 30 20 4D 45   ?Zu?h~~D0B170 ME
44 00 09 50 3F 5A 75 3F 68 00 57 44 30 42 31 20   D~~P?Zu?h~WD0B1 
20 20 53 55 50 00 00 5D 48 5A 75 3F 68 00 14 44     SUP~~]HZu?h~~D
30 42 32 20 20 20 4B 59 50 00 00 39 3F 5A 75 3F   0B2   KYP~~9?Zu?
69 00 15 44 30 45 31 20 20 20 43 4F 4D 00 09 4F   i~~D0E1   COM~~O
31 5A 75 3F 69 00 2F 44 30 42 31 20 20 20 39 39   1Zu?i~/D0B1   99
39 00 00 0F 12 5A 75 3F 69 00 1C 44 30 42 31 20   9~~~~Zu?i~~D0B1 
20 20 4D 41 20 00 00 10 3F 5A 75 3F 69 00 22 44     MA ~~~?Zu?i~"D
30 42 31 20 20 20 41 44 56 00 09 4F 31 5A 75 3F   0B1   ADV~~O1Zu?
69 00 2C 44 30 42 31 20 20 20 39 39 39 00 00 26   i~,D0B1   999~~&
09 5A 75 3F 6A 00 12 44 30 42 31 43 42 20 50 30   ~Zu?j~~D0B1CB P0
30 00 09 4F 24 5A 75 3F 6A 00 4B 44 30 42 31 37   0~~O$Zu?j~KD0B17
35 20 44 52 4D 00 09 4F 31 5A 75 3F 6A 00 28 44   5 DRM~~O1Zu?j~(D
30 42 31 20 20 20 39 39 39 00 09 4F 31 5A 75 3F   0B1   999~~O1Zu?
6A 00 2A 44 30 42 31 20 20 20 39 39 39 00 00 47   j~*D0B1   999~~G
40 5A 75 3F 6A 00 0A 44 30 42 31 34 30 20 36 33   @Zu?j~~D0B140 63
43 00 00 4E 3F 5A 75 3F 6A 00 1A 44 30 42 31 20   C~~N?Zu?j~~D0B1 
20 20 49 53 20 00 00 10 3F 5A 75 3F 6A 00 1A 44     IS ~~~?Zu?j~~D
30 42 31 20 20 20 4D 45 44 00 09 4F 31 5A 75 3F   0B1   MED~~O1Zu?
6B 00 7D 44 30 42 31 20 20 20 39 39 39 00 00 58   k~}D0B1   999~~X
3F 5A 75 3F 6B 00 58 44 30 42 31 20 20 20 36 33   ?Zu?k~XD0B1   63
33 00 09 4F 3F 5A 75 3F 6B 00 25 44 30 42 31 36   3~~O?Zu?k~%D0B16
30 38 39 39 39 00 00 10 3F 5A 75 3F 6B 00 21 44   08999~~~?Zu?k~!D
30 42 31 30 39 20 41 44 56 00 00 5D 48 5A 75 3F   0B109 ADV~~]HZu?
6B 00 40 44 30 42 31 20 20 20 4B 59 50 00 00 4C   k~@D0B1   KYP~~L
3F 5A 75 3F 6B 00 5D 44 30 42 31 20 20 20 50 52   ?Zu?k~]D0B1   PR
58 00 09 4E 3F 5A 75 3F 6B 00 15 44 30 42 31 20   X~~N?Zu?k~~D0B1 
20 20 4D 45 44 00 00 12 3F 5A 75 3F 6C 00 18 44     MED~~~?Zu?l~~D
30 42 31 20 20 20 4F 53 33 00 00 3C 3F 5A 75 3F   0B1   OS3~~<?Zu?
6C 00 33 44 30 42 31 35 36 39 30 33 32 00 00 12   l~3D0B1569032~~~
3F 5A 75 3F 6C 00 1E 44 30 42 31 20 20 20 4F 53   ?Zu?l~~D0B1   OS
33 00 09 51 72 5A 75 3F 6C 00 2B 44 30 42 31 36   3~~QrZu?l~+D0B16
30 20 41 42 41 00 00 10 3F 5A 75 3F 6C 00 1C 44   0 ABA~~~?Zu?l~~D
30 42 31 20 20 20 4D 45 44 00 09 2D 14 5A 75 3F   0B1   MED~~-~Zu?
6C 00 77 44 30 42 31 38 38 20 44 52 4E 00 00 10   l~wD0B188 DRN~~~
3F 5A 75 3F 6D 00 1C 44 30 42 31 20 20 20 41 44   ?Zu?m~~D0B1   AD
56 00 09 4E 3F 5A 75 3F 6D 00 1F 44 30 42 31 41   V~~N?Zu?m~~D0B1A
35 20 4D 45 44 00 00 30 39 5A 75 3F 6D 00 17 44   5 MED~~09Zu?m~~D
30 42 31 33 39 20 50 30 32 00 00 39 3F 5A 75 3F   0B139 P02~~9?Zu?
6D 00 29 44 30 45 31 20 20 20 43 4F 4D 00 00 30   m~)D0E1   COM~~0
18 5A 75 3F 6D 00 6B 44 30 42 31 20 20 20 50 41   ~Zu?m~kD0B1   PA
52 00 00 3E 21 5A 75 3F 6D 03 3F 44 30 42 31 37   R~~>!Zu?m~?D0B17
30 20 20 20 20 00 00 4E 3F 5A 75 3F 6E 00 25 44   0    ~~N?Zu?n~%D
30 42 31 20 20 20 49 53 20 00 09 4F 31 5A 75 3F   0B1   IS ~~O1Zu?
6E 00 1B 44 30 42 31 37 39 20 39 39 39 00 00 10   n~~D0B179 999~~~
3F 5A 75 3F 6E 00 1A 44 30 42 31 20 20 20 4D 45   ?Zu?n~~D0B1   ME
44 00 00 30 18 5A 75 3F 6E 00 6F 44 30 42 31 20   D~~0~Zu?n~oD0B1 
20 20 50 41 52 00 00 3C 3F 5A 75 3F 6F 00 3C 44     PAR~~<?Zu?o~<D
30 42 31 20 20 20 30 33 32 00 00 3C 3F 5A 75 3F   0B1   032~~<?Zu?
6F 00 15 44 30 42 31 38 31 20 30 33 32 00 09 4E   o~~D0B181 032~~N
3F 5A 75 3F 6F 00 0E 44 30 42 32 20 20 20 43 4F   ?Zu?o~~D0B2   CO
42 00 09 50 3F 5A 75 3F 6F 00 1A 44 30 42 31 31   B~~P?Zu?o~~D0B11
33 20 4C 4F 59 00 09 2C 3F 5A 75 3F 6F 00 72 44   3 LOY~~,?Zu?o~rD
30 42 31 20 20 20 4F 48 43 00 00 3C 3F 5A 75 3F   0B1   OHC~~<?Zu?
6F 00 13 44 30 42 31 37 39 20 30 33 32 00 00 10   o~~D0B179 032~~~
3F 5A 75 3F 6F 00 15 44 30 42 31 38 38 20 4D 45   ?Zu?o~~D0B188 ME
44 00 09 4E 3F 5A 75 3F 70 00 30 44 30 42 31 20   D~~N?Zu?p~0D0B1 
20 20 50 58 58 00 00 2D 20 5A 75 3F 70 00 3F 44     PXX~~- Zu?p~?D
30 42 31 20 20 20 49 4C 43 00 00 44 29 5A 75 3F   0B1   ILC~~D)Zu?
70 00 3F 44 30 42 31 20 20 20 36 37 39 00 00 39   p~?D0B1   679~~9
3F 5A 75 3F 70 00 2B 44 30 45 31 20 20 20 43 4F   ?Zu?p~+D0E1   CO
4D 00 00 10 3F 5A 75 3F 70 00 12 44 30 42 32 20   M~~~?Zu?p~~D0B2 
20 20 4D 45 44 00 06 1A 3F 5A 75 3F 70 00 2E 44     MED~~~?Zu?p~.D
30 42 31 20 20 20 30 30 32 00 09 50 3F 5A 75 3F   0B1   002~~P?Zu?
70 00 3F 44 30 42 31 20 20 20 48 4D 48 00 00 42   p~?D0B1   HMH~~B
72 5A 75 3F 70 00 1E 44 30 42 31 20 20 20 43 49   rZu?p~~D0B1   CI
4D 00 00 10 3F 5A 75 3F 71 00 14 44 30 42 31 20   M~~~?Zu?q~~D0B1 
20 20 4D 45 44 00 00 10 3F 5A 75 3F 71 00 13 44     MED~~~?Zu?q~~D
30 42 31 37 30 20 4D 45 44 00 00 58 3F 5A 75 3F   0B170 MED~~X?Zu?
71 00 3F 44 30 42 31 20 20 20 36 33 33 00 00 10   q~?D0B1   633~~~
3F 5A 75 3F 71 00 1E 44 30 42 31 37 39 20 4D 45   ?Zu?q~~D0B179 ME
44 00 00 06 11 5A 75 3F 71 00 28 44 30 42 31 37   D~~~~Zu?q~(D0B17
35 20 49 4E 4D 00 00 10 3F 5A 75 3F 71 00 17 44   5 INM~~~?Zu?q~~D
30 42 31 20 20 20 4D 45 44 00 09 50 3F 5A 75 3F   0B1   MED~~P?Zu?
72 00 0E 44 30 42 32 20 20 20 34 33 34 00 09 4F   r~~D0B2   434~~O
3F 5A 75 3F 72 00 21 44 30 42 31 20 20 20 39 39   ?Zu?r~!D0B1   99
39 00 09 4E 3F 5A 75 3F 72 00 27 44 30 42 31 20   9~~N?Zu?r~'D0B1 
20 20 20 20 20 00 09 4E 3F 5A 75 3F 72 00 0F 44        ~~N?Zu?r~~D
30 42 31 41 47 20 20 20 20 00 00 10 3F 5A 75 3F   0B1AG    ~~~?Zu?
72 00 1C 44 30 42 31 37 39 20 4D 45 44 00 00 12   r~~D0B179 MED~~~
3F 5A 75 3F 72 00 14 44 30 42 31 38 38 20 50 4C   ?Zu?r~~D0B188 PL
31 00 09 51 72 5A 75 3F 73 00 3B 44 30 42 31 20   1~~QrZu?s~;D0B1 
20 20 41 42 41 00 00 2D 20 5A 75 3F 73 00 3B 44     ABA~~- Zu?s~;D
30 42 31 20 20 20 49 4C 43 00 09 4E 3F 5A 75 3F   0B1   ILC~~N?Zu?
73 00 13 44 30 42 31 4D 52 20 4D 45 44 00 00 4E   s~~D0B1MR MED~~N
3F 5A 75 3F 73 00 1A 44 30 42 31 37 39 20 43 48   ?Zu?s~~D0B179 CH
20 00 00 10 3F 5A 75 3F 73 00 11 44 30 42 32 20    ~~~?Zu?s~~D0B2 
20 20 4D 45 44 00 09 51 2A 5A 75 3F 73 00 3E 44     MED~~Q*Zu?s~>D
30 42 31 20 20 20 4E 56 54 00 09 50 3F 5A 75 3F   0B1   NVT~~P?Zu?
74 00 3F 44 30 42 32 20 20 20 20 20 20 00 00 42   t~?D0B2      ~~B
3F 5A 75 3F 74 00 11 44 30 42 31 30 36 20 4D 4E   ?Zu?t~~D0B106 MN
50 00 00 58 3F 5A 75 3F 74 00 3F 44 30 42 31 38   P~~X?Zu?t~?D0B18
38 20 36 33 33 00 00 10 3F 5A 75 3F 74 00 24 44   8 633~~~?Zu?t~$D
30 42 31 20 20 20 41 44 56 00 00 10 3F 5A 75 3F   0B1   ADV~~~?Zu?
75 00 18 44 30 42 31 20 20 20 41 44 56 00 00 26   u~~D0B1   ADV~~&
4B 5A 75 3F 75 00 0E 44 30 42 32 20 20 20 41 46   KZu?u~~D0B2   AF
52 00 00 4B 50 5A 75 3F 75 01 00 44 30 42 31 20   R~~KPZu?u~~D0B1 
20 20 54 48 53 00 00 08 3F 5A 75 3F 75 00 2F 44     THS~~~?Zu?u~/D
30 42 31 41 43 20 30 30 30 00 09 4F 31 5A 75 3F   0B1AC 000~~O1Zu?
75 00 66 44 30 42 31 20 20 20 39 39 39 00 00 3C   u~fD0B1   999~~<
3F 5A 75 3F 75 00 14 44 30 42 32 20 20 20 30 33   ?Zu?u~~D0B2   03
32 00 00 10 3F 5A 75 3F 76 00 2A 44 30 42 31 37   2~~~?Zu?v~*D0B17
30 20 4D 45 44 00 09 50 3F 5A 75 3F 76 00 3F 44   0 MED~~P?Zu?v~?D
30 42 31 20 20 20 20 20 20 00 09 4E 3F 5A 75 3F   0B1      ~~N?Zu?
76 00 1B 44 30 42 31 20 20 20 4D 45 44 00 00 10   v~~D0B1   MED~~~
3F 5A 75 3F 76 00 24 44 30 42 31 20 20 20 4D 45   ?Zu?v~$D0B1   ME
44 00 09 4E 3F 5A 75 3F 76 00 1D 44 30 42 31 37   D~~N?Zu?v~~D0B17
39 20 50 45 55 00 00 2D 20 5A 75 3F 76 00 57 44   9 PEU~~- Zu?v~WD
30 42 31 37 58 20 49 4C 44 00 00 49 3F 5A 75 3F   0B17X ILD~~I?Zu?
76 01 1A 44 30 42 31 36 45 20 33 46 20 00 00 58   v~~D0B16E 3F ~~X
3F 5A 75 3F 76 00 48 44 30 42 31 20 20 20 36 33   ?Zu?v~HD0B1   63
33 00 09 50 3F 5A 75 3F 77 00 77 44 30 42 31 45   3~~P?Zu?w~wD0B1E
39 20 4C 4F 55 00 00 0F 12 5A 75 3F 77 00 35 44   9 LOU~~~~Zu?w~5D
30 42 31 20 20 20 41 34 20 00 00 10 3F 5A 75 3F   0B1   A4 ~~~?Zu?
77 00 28 44 30 42 31 20 20 20 4D 43 41 00 00 10   w~(D0B1   MCA~~~
3F 5A 75 3F 77 00 10 44 30 42 31 20 20 20 41 44   ?Zu?w~~D0B1   AD
56 00 00 58 3F 5A 75 3F 77 00 48 44 30 42 31 38   V~~X?Zu?w~HD0B18
38 20 36 33 33 00 00 2D 09 5A 75 3F 77 00 30 44   8 633~~-~Zu?w~0D
30 42 31 20 20 20 50 30 32 00 09 4F 31 5A 75 3F   0B1   P02~~O1Zu?
78 00 34 44 30 42 31 20 20 20 39 39 39 00 00 10   x~4D0B1   999~~~
3F 5A 75 3F 78 00 0E 44 30 42 32 20 20 20 4D 45   ?Zu?x~~D0B2   ME
44 00 00 39 3F 5A 75 3F 78 00 1D 44 30 45 31 4D   D~~9?Zu?x~~D0E1M
36 20 43 4F 4D 00 00 3C 3F 5A 75 3F 78 00 19 44   6 COM~~<?Zu?x~~D
30 42 31 33 39 20 30 33 32 00 00 2D 20 5A 75 3F   0B139 032~~- Zu?
78 00 0B 44 30 42 32 20 20 20 31 32 31 00 00 0F   x~~D0B2   121~~~
12 5A 75 3F 78 00 0E 44 30 42 32 20 20 20 41 34   ~Zu?x~~D0B2   A4
20 00 09 50 3F 5A 75 3F 78 00 16 44 30 42 31 31    ~~P?Zu?x~~D0B11
33 20 4C 4F 59 00 00 10 3F 5A 75 3F 78 00 54 44   3 LOY~~~?Zu?x~TD
30 42 31 20 20 20 41 44 56 00 00 12 3F 5A 75 3F   0B1   ADV~~~?Zu?
78 00 3F 44 30 42 31 20 20 20 55 53 4D 00 00 10   x~?D0B1   USM~~~
3F 5A 75 3F 78 00 27 44 30 42 31 20 20 20 4D 45   ?Zu?x~'D0B1   ME
44 00 00 10 3F 5A 75 3F 3F 00 3E 44 30 42 31 39   D~~~?Zu??~>D0B19
32 32 41 44 56 00 00 10 3F 5A 75 3F 3F 00 4B 44   22ADV~~~?Zu??~KD
30 42 31 20 20 20 41 44 56 00 09 4F 31 5A 75 3F   0B1   ADV~~O1Zu?
3F 00 0C 44 30 42 32 20 20 20 39 39 39 00 00 5E   ?~~D0B2   999~~^
3F 5A 75 3F 3F 00 76 44 30 42 31 37 35 20 4F 48   ?Zu??~vD0B175 OH
52 00 00 3C 3F 5A 75 3F 3F 00 29 44 30 42 31 20   R~~<?Zu??~)D0B1 
20 20 30 33 32 00 00 06 11 5A 75 3F 3F 00 16 44     032~~~~Zu??~~D
30 42 31 35 30 20 49 4E 4D 00 09 4F 31 5A 75 3F   0B150 INM~~O1Zu?
3F 00 37 44 30 42 31 37 30 20 39 39 39 00 00 06   ?~7D0B170 999~~~
11 5A 75 3F 3F 00 18 44 30 42 31 35 30 20 49 4E   ~Zu??~~D0B150 IN
4D 00 00 3C 3F 5A 75 3F 3F 00 31 44 30 42 31 20   M~~<?Zu??~1D0B1 
20 20 30 33 32 00 00 47 38 5A 75 3F 3F 00 23 44     032~~G8Zu??~#D
30 42 31 20 20 20 50 42 4D 00 00 2D 3F 5A 75 3F   0B1   PBM~~-?Zu?
3F 00 02 44 30 45 31 35 32 20 32 32 32 00 09 4F   ?~~D0E152 222~~O
3F 5A 75 3F 3F 00 27 44 30 42 31 20 20 20 30 34   ?Zu??~'D0B1   04
31 00 00 10 3F 5A 75 3F 3F 00 21 44 30 42 31 20   1~~~?Zu??~!D0B1 
20 20 37 37 39 00 09 4F 3F 5A 75 3F 3F 00 1B 44     779~~O?Zu??~~D
30 42 31 20 20 20 57 58 59 00 00 3C 3F 5A 75 3F   0B1   WXY~~<?Zu?
3F 00 20 44 30 42 31 37 39 20 30 33 32 00 09 4E   ?~ D0B179 032~~N
3F 5A 75 3F 3F 00 34 44 30 42 31 37 30 20 43 54   ?Zu??~4D0B170 CT
52 00 00 3A 31 5A 75 3F 3F 00 29 44 30 42 31 20   R~~:1Zu??~)D0B1 
20 20 4D 42 47 00 09 50 3F 5A 75 3F 3F 00 1E 44     MBG~~P?Zu??~~D
30 42 31 36 37 20 4D 45 44 00 00 4E 3F 5A 75 3F   0B167 MED~~N?Zu?
3F 00 1E 44 30 42 31 20 20 20 46 47 20 00 09 4E   ?~~D0B1   FG ~~N
3F 5A 75 3F 3F 00 1F 44 30 42 31 20 20 20 4D 45   ?Zu??~~D0B1   ME
44 00 00 4C 3F 5A 75 3F 3F 00 3F 44 30 42 31 37   D~~L?Zu??~?D0B17
39 20 30 36 30 00 00 3C 3F 5A 75 3F 3F 00 10 44   9 060~~<?Zu??~~D
30 42 32 20 20 20 30 33 32 00 00 3C 3F 5A 75 3F   0B2   032~~<?Zu?
3F 00 3E 44 30 42 31 20 20 20 30 33 32 00 00 1E   ?~>D0B1   032~~~
3F 5A 75 3F 3F 00 3F 44 30 42 31 20 20 20 46 4C   ?Zu??~?D0B1   FL
55 00 00 42 72 5A 75 3F 3F 00 31 44 30 42 31 20   U~~BrZu??~1D0B1 
20 20 43 49 4D 00 09 51 72 5A 75 3F 3F 00 37 44     CIM~~QrZu??~7D
30 42 31 20 20 20 41 42 41 00 09 4F 3F 5A 75 3F   0B1   ABA~~O?Zu?
3F 00 34 44 30 42 31 20 20 20 39 39 39 00 09 4F   ?~4D0B1   999~~O
31 5A 75 3F 3F 00 21 44 30 42 31 20 20 20 39 39   1Zu??~!D0B1   99
39 00 09 51 2E 5A 75 3F 3F 00 2B 44 30 42 31 20   9~~Q.Zu??~+D0B1 
20 20 48 4D 43 00 09 4F 24 5A 75 3F 3F 00 4C 44     HMC~~O$Zu??~LD
30 42 31 20 20 20 44 52 4D 00 09 4F 24 5A 75 3F   0B1   DRM~~O$Zu?
3F 00 53 44 30 42 31 20 20 20 44 52 4D 00 00 10   ?~SD0B1   DRM~~~
3F 5A 75 3F 3F 00 1A 44 30 42 31 20 20 20 41 44   ?Zu??~~D0B1   AD
56 00 00 4E 3F 5A 75 3F 3F 00 11 44 30 42 31 37   V~~N?Zu??~~D0B17
39 20 4E 43 20 00 09 50 3F 5A 75 3F 3F 00 11 44   9 NC ~~P?Zu??~~D
30 42 31 37 36 20 30 30 36 00 00 10 3F 5A 75 3F   0B176 006~~~?Zu?
3F 00 18 44 30 42 31 20 20 20 4D 45 44 00 00 10   ?~~D0B1   MED~~~
3F 5A 75 3F 3F 00 1C 44 30 42 31 37 30 20 4D 45   ?Zu??~~D0B170 ME
44 00 00 10 3F 5A 75 3F 3F 00 1A 44 30 42 31 37   D~~~?Zu??~~D0B17
30 20 4D 45 44 00 00 0F 12 5A 75 3F 3F 00 25 44   0 MED~~~~Zu??~%D
30 42 31 20 20 20 41 34 20 00 09 4E 3F 5A 75 3F   0B1   A4 ~~N?Zu?
3F 00 18 44 30 42 31 36 39 20 50 45 55 00 00 10   ?~~D0B169 PEU~~~
3F 5A 75 3F 3F 00 1D 44 30 42 31 20 20 20 4D 45   ?Zu??~~D0B1   ME
44 00 00 10 3F 5A 75 3F 3F 00 1D 44 30 42 31 37   D~~~?Zu??~~D0B17
39 20 4D 45 44 00 00 10 3F 5A 75 3F 3F 00 1A 44   9 MED~~~?Zu??~~D
30 42 31 20 20 20 41 44 56 00 09 50 3F 5A 75 3F   0B1   ADV~~P?Zu?
3F 00 39 44 30 42 31 20 20 20 36 30 30 00 00 55   ?~9D0B1   600~~U
41 5A 75 3F 3F 00 21 44 30 42 31 20 20 20 49 52   AZu??~!D0B1   IR
58 00 09 4E 3F 5A 75 3F 3F 00 14 44 30 42 31 20   X~~N?Zu??~~D0B1 
20 20 4D 45 44 00 00 06 11 5A 75 3F 3F 00 31 44     MED~~~~Zu??~1D
30 42 31 38 38 20 49 4E 4D 00 09 4F 31 5A 75 3F   0B188 INM~~O1Zu?
3F 00 23 44 30 42 31 20 20 20 39 39 39 00 09 50   ?~#D0B1   999~~P
3F 5A 75 3F 3F 00 27 44 30 42 31 20 20 20 34 33   ?Zu??~'D0B1   43
34 00 00 4B 50 5A 75 3F 3F 00 3F 44 30 42 31 20   4~~KPZu??~?D0B1 
20 20 54 48 53 00 09 4F 31 5A 75 3F 3F 00 28 44     THS~~O1Zu??~(D
30 42 31 20 20 20 39 39 39 00 00 10 3F 5A 75 3F   0B1   999~~~?Zu?
3F 00 08 44 30 42 32 20 20 20 4D 43 41 00 00 11   ?~~D0B2   MCA~~~
3F 5A 75 3F 3F 00 1E 44 30 42 31 20 20 20 20 20   ?Zu??~~D0B1     
20 00 00 10 3F 5A 75 3F 3F 00 2A 44 30 42 31 20    ~~~?Zu??~*D0B1 
20 20 4D 45 44 00 09 50 3F 5A 75 3F 3F 00 32 44     MED~~P?Zu??~2D
30 42 31 41 35 20 43 53 50 00 00 10 3F 5A 75 3F   0B1A5 CSP~~~?Zu?
3F 00 14 44 30 42 31 20 20 20 4D 45 44 00 00 42   ?~~D0B1   MED~~B
72 5A 75 3F 3F 00 26 44 30 42 31 20 20 20 43 49   rZu??~&D0B1   CI
4D 00 00 3C 3F 5A 75 3F 3F 00 2C 44 30 42 31 20   M~~<?Zu??~,D0B1 
20 20 30 33 32 00 09 51 2A 5A 75 3F 3F 00 4C 44     032~~Q*Zu??~LD
30 42 31 20 20 20 4E 56 54 00 00 3C 3F 5A 75 3F   0B1   NVT~~<?Zu?
3F 00 26 44 30 42 31 37 39 20 30 33 32 00 00 06   ?~&D0B179 032~~~
11 5A 75 3F 3F 00 1A 44 30 42 31 35 30 20 49 4E   ~Zu??~~D0B150 IN
4D 00 00 12 3F 5A 75 3F 3F 00 17 44 30 42 31 20   M~~~?Zu??~~D0B1 
20 20 59 50 50 00 00 3C 3F 5A 75 3F 3F 00 3F 44     YPP~~<?Zu??~?D
30 42 31 20 20 20 30 33 32 00 09 4E 3F 5A 75 3F   0B1   032~~N?Zu?
3F 00 24 44 30 42 31 20 20 20 4D 45 44 00 09 4F   ?~$D0B1   MED~~O
31 5A 75 3F 3F 00 23 44 30 42 31 20 20 20 39 39   1Zu??~#D0B1   99
39 00 00 3A 31 5A 75 3F 3F 00 0F 44 30 42 31 34   9~~:1Zu??~~D0B14
31 20 4D 42 47 00 00 3C 3F 5A 75 3F 3F 00 47 44   1 MBG~~<?Zu??~GD
30 42 31 20 20 20 30 33 32 00 00 2E 73 5A 75 3F   0B1   032~~.sZu?
3F 00 16 44 30 42 31 20 20 20 20 20 20 00 00 10   ?~~D0B1      ~~~
3F 5A 75 3F 3F 00 11 44 30 42 32 20 20 20 41 44   ?Zu??~~D0B2   AD
56 00 09 4F 31 5A 75 3F 3F 00 33 44 30 42 31 20   V~~O1Zu??~3D0B1 
20 20 39 39 39 00 09 4F 31 5A 75 3F 3F 00 0D 44     999~~O1Zu??~~D
30 42 32 20 20 20 39 39 39 00 00 10 3F 5A 75 3F   0B2   999~~~?Zu?
3F 00 16 44 30 42 31 20 20 20 41 44 56 00 00 1E   ?~~D0B1   ADV~~~
3F 5A 75 3F 3F 01 3F 44 30 42 31 20 20 20 30 30   ?Zu??~?D0B1   00
31 00 09 4E 3F 5A 75 3F 3F 00 29 44 30 42 31 20   1~~N?Zu??~)D0B1 
20 20 4D 45 44 00 00 10 3F 5A 75 3F 3F 00 36 44     MED~~~?Zu??~6D
30 42 31 20 20 20 4D 45 44 00 00 0F 12 5A 75 3F   0B1   MED~~~~Zu?
3F 00 0E 44 30 42 31 38 52 20 4D 41 20 00 00 2D   ?~~D0B18R MA ~~-
3F 5A 75 3F 3F 00 02 44 30 45 31 20 20 20 32 32   ?Zu??~~D0E1   22
32 00 00 39 3F 5A 75 3F 3F 00 13 44 30 45 31 20   2~~9?Zu??~~D0E1 
20 20 43 4F 4D 00 09 50 5F 5A 75 3F 3F 00 28 44     COM~~P_Zu??~(D
30 42 32 20 20 20 4E 48 43 00 00 4B 50 5A 75 3F   0B2   NHC~~KPZu?
3F 00 3F 44 30 42 31 20 20 20 54 48 53 00 00 4B   ?~?D0B1   THS~~K
1F 5A 75 3F 00 00 1E 44 30 42 32 20 20 20 54 48   ~Zu?~~~D0B2   TH
53 00 09 50 3F 5A 75 3F 01 00 46 44 30 42 31 41   S~~P?Zu?~~FD0B1A
35 20 43 53 50 00 00 4A 51 5A 75 3F 01 00 35 44   5 CSP~~JQZu?~~5D
30 42 32 20 20 20 38 30 30 00 00 10 3F 5A 75 3F   0B2   800~~~?Zu?
02 00 1E 44 30 42 31 20 20 20 41 44 56 00 00 10   ~~~D0B1   ADV~~~
3F 5A 75 3F 02 00 0D 44 30 42 31 37 35 20 41 44   ?Zu?~~~D0B175 AD
56 00 00 10 3F 5A 75 3F 02 00 48 44 30 42 31 38   V~~~?Zu?~~HD0B18
38 20 4D 45 44 00 00 4B 50 5A 75 3F 02 00 3F 44   8 MED~~KPZu?~~?D
30 42 31 20 20 20 54 48 53 00 09 50 3F 5A 75 3F   0B1   THS~~P?Zu?
02 00 18 44 30 42 31 20 20 20 4D 45 44 00 00 10   ~~~D0B1   MED~~~
3F 5A 75 3F 02 00 15 44 30 42 32 20 20 20 41 44   ?Zu?~~~D0B2   AD
56 00 09 4E 3F 5A 75 3F 03 00 28 44 30 42 31 37   V~~N?Zu?~~(D0B17
30 20 49 52 58 00 09 50 3F 5A 75 3F 03 00 77 44   0 IRX~~P?Zu?~~wD
30 42 31 37 30 20 48 4D 48 00 00 10 3F 5A 75 3F   0B170 HMH~~~?Zu?
03 00 0F 44 30 42 31 36 38 20 41 44 56 00 00 5E   ~~~D0B168 ADV~~^
3F 5A 75 3F 03 00 51 44 30 42 31 20 20 20 4F 48   ?Zu?~~QD0B1   OH
52 00 00 4E 3F 5A 75 3F 03 00 20 44 30 42 31 20   R~~N?Zu?~~ D0B1 
20 20 46 47 20 00 00 06 11 5A 75 3F 03 00 19 44     FG ~~~~Zu?~~~D
30 42 31 35 30 20 49 4E 4D 00 00 06 11 5A 75 3F   0B150 INM~~~~Zu?
04 00 17 44 30 42 31 35 30 20 49 4E 4D 00 00 10   ~~~D0B150 INM~~~
3F 5A 75 3F 04 00 1D 44 30 42 31 32 31 20 4D 45   ?Zu?~~~D0B121 ME
44 00 00 49 3F 5A 75 3F 04 00 3C 44 30 42 31 20   D~~I?Zu?~~<D0B1 
20 20 50 33 30 00 09 4E 3F 5A 75 3F 04 00 10 44     P30~~N?Zu?~~~D
30 42 31 47 39 20 4D 45 44 00 09 4F 24 5A 75 3F   0B1G9 MED~~O$Zu?
04 00 3F 44 30 42 31 20 20 20 44 52 4D 00 00 10   ~~?D0B1   DRM~~~
3F 5A 75 3F 04 00 15 44 30 42 31 20 20 20 4D 45   ?Zu?~~~D0B1   ME
44 00 00 06 11 5A 75 3F 05 00 20 44 30 42 31 35   D~~~~Zu?~~ D0B15
30 20 49 4E 4D 00 09 4F 31 5A 75 3F 05 00 14 44   0 INM~~O1Zu?~~~D
30 42 31 36 39 20 39 39 39 00 00 39 3F 5A 75 3F   0B169 999~~9?Zu?
06 00 2E 44 30 45 31 4D 36 20 43 4F 4D 00 00 39   ~~.D0E1M6 COM~~9
3F 5A 75 3F 06 00 24 44 30 45 31 4D 36 20 43 4F   ?Zu?~~$D0E1M6 CO
4D 00 00 3C 3F 5A 75 3F 06 00 23 44 30 42 31 20   M~~<?Zu?~~#D0B1 
20 20 30 33 32 00 00 42 72 5A 75 3F 07 00 2D 44     032~~BrZu?~~-D
30 42 31 20 20 20 30 35 31 00 09 4F 31 5A 75 3F   0B1   051~~O1Zu?
07 00 09 44 30 42 32 20 20 20 39 39 39 00 09 29   ~~~D0B2   999~~)
6A 5A 75 3F 07 01 58 44 30 42 31 30 37 20 35 34   jZu?~~XD0B107 54
20 00 09 4F 3F 5A 75 3F 07 00 1F 44 30 42 31 20    ~~O?Zu?~~~D0B1 
20 20 39 39 39 00 00 10 3F 5A 75 3F 07 00 2A 44     999~~~?Zu?~~*D
30 42 31 20 20 20 4D 45 44 00 00 26 3F 5A 75 3F   0B1   MED~~&?Zu?
08 00 09 44 30 42 31 30 37 20 20 20 20 00 09 4F   ~~~D0B107    ~~O
3F 5A 75 3F 08 00 1E 44 30 42 31 20 20 20 39 39   ?Zu?~~~D0B1   99
39 00 00 3C 3F 5A 75 3F 08 00 21 44 30 42 31 35   9~~<?Zu?~~!D0B15
36 39 30 33 32 00 00 30 18 5A 75 3F 09 00 0A 44   69032~~0~Zu?~~~D
30 42 31 36 35 20 50 41 52 00 00 2D 20 5A 75 3F   0B165 PAR~~- Zu?
09 00 0D 44 30 42 32 20 20 20 49 4C 44 00 09 4E   ~~~D0B2   ILD~~N
3F 5A 75 3F 09 00 18 44 30 42 31 36 35 20 49 52   ?Zu?~~~D0B165 IR
58 00 00 4E 3F 5A 75 3F 09 00 25 44 30 42 31 37   X~~N?Zu?~~%D0B17
39 20 43 53 20 00 00 3C 3F 5A 75 3F 09 00 21 44   9 CS ~~<?Zu?~~!D
30 42 31 20 20 20 30 33 32 00 09 4E 3F 5A 75 3F   0B1   032~~N?Zu?
09 00 1F 44 30 42 31 20 20 20 50 45 55 00 00 4C   ~~~D0B1   PEU~~L
3F 5A 75 3F 09 00 19 44 30 42 32 20 20 20 30 31   ?Zu?~~~D0B2   01
39 00 09 29 6A 5A 75 3F 0A 01 10 44 30 42 31 20   9~~)jZu?~~~D0B1 
20 20 35 34 20 00 00 10 3F 5A 75 3F 0A 00 13 44     54 ~~~?Zu?~~~D
30 42 31 37 39 20 4D 43 41 00 09 50 3F 5A 75 3F   0B179 MCA~~P?Zu?
0A 00 32 44 30 42 31 20 20 20 36 30 30 00 00 58   ~~2D0B1   600~~X
3F 5A 75 3F 0A 00 42 44 30 42 31 20 20 20 36 33   ?Zu?~~BD0B1   63
33 00 00 10 3F 5A 75 3F 0A 00 2D 44 30 42 31 20   3~~~?Zu?~~-D0B1 
20 20 41 44 56 00 00 10 3F 5A 75 3F 0A 00 0F 44     ADV~~~?Zu?~~~D
30 42 31 37 30 20 41 44 56 00 09 4F 24 5A 75 3F   0B170 ADV~~O$Zu?
0A 00 3F 44 30 42 31 20 20 20 44 52 4D 00 00 10   ~~?D0B1   DRM~~~
32 5A 75 3F 0A 00 3F 44 30 42 31 20 20 20 20 20   2Zu?~~?D0B1     
20 00 00 10 3F 5A 75 3F 0A 00 1B 44 30 42 31 20    ~~~?Zu?~~~D0B1 
20 20 4D 45 44 00 00 58 3F 5A 75 3F 0B 00 41 44     MED~~X?Zu?~~AD
30 42 31 20 20 20 36 33 33 00 00 2E 5B 5A 75 3F   0B1   633~~.[Zu?
0B 00 46 44 30 42 31 20 20 20 48 54 20 00 09 51   ~~FD0B1   HT ~~Q
2E 5A 75 3F 0B 00 2C 44 30 42 31 37 39 20 48 4D   .Zu?~~,D0B179 HM
43 00 00 4B 1F 5A 75 3F 0B 00 2D 44 30 42 32 20   C~~K~Zu?~~-D0B2 
20 20 54 48 53 00 00 2D 20 5A 75 3F 0B 00 20 44     THS~~- Zu?~~ D
30 42 31 20 20 20 49 4C 43 00 00 39 3F 5A 75 3F   0B1   ILC~~9?Zu?
0C 00 5D 44 30 45 31 20 20 20 43 4F 4D 00 00 06   ~~]D0E1   COM~~~
11 5A 75 3F 0C 00 18 44 30 42 31 35 30 20 49 4E   ~Zu?~~~D0B150 IN
4D 00 00 4B 1F 5A 75 3F 0C 00 24 44 30 42 32 20   M~~K~Zu?~~$D0B2 
20 20 54 48 53 00 09 4F 3F 5A 75 3F 0C 00 1C 44     THS~~O?Zu?~~~D
30 42 31 20 20 20 39 39 39 00 00 30 49 5A 75 3F   0B1   999~~0IZu?
0D 00 03 44 30 45 31 20 20 20 32 32 32 00 09 50   ~~~D0E1   222~~P
3F 5A 75 3F 0D 00 30 44 30 42 31 20 20 20 34 39   ?Zu?~~0D0B1   49
34 00 00 30 18 5A 75 3F 0D 00 54 44 30 42 31 20   4~~0~Zu?~~TD0B1 
20 20 50 41 52 00 00 32 21 5A 75 3F 0D 00 37 44     PAR~~2!Zu?~~7D
30 42 31 37 30 20 46 4C 42 00 09 4E 3F 5A 75 3F   0B170 FLB~~N?Zu?
0D 00 0F 44 30 42 32 20 20 20 50 45 55 00 09 51   ~~~D0B2   PEU~~Q
72 5A 75 3F 0D 00 35 44 30 42 31 20 20 20 41 42   rZu?~~5D0B1   AB
41 00 00 10 3F 5A 75 3F 0E 00 26 44 30 42 31 20   A~~~?Zu?~~&D0B1 
20 20 4D 45 44 00 00 3C 3F 5A 75 3F 0E 00 3D 44     MED~~<?Zu?~~=D
30 42 31 35 36 39 30 33 32 00 00 10 3F 5A 75 3F   0B1569032~~~?Zu?
0E 00 1E 44 30 42 31 20 20 20 4D 45 44 00 09 4E   ~~~D0B1   MED~~N
3F 5A 75 3F 0E 00 16 44 30 42 31 20 20 20 4D 45   ?Zu?~~~D0B1   ME
44 00 00 10 3F 5A 75 3F 0E 00 24 44 30 42 31 37   D~~~?Zu?~~$D0B17
39 20 4D 45 44 00 09 50 3F 5A 75 3F 0E 00 2F 44   9 MED~~P?Zu?~~/D
30 42 31 20 20 20 30 30 36 00 00 10 3F 5A 75 3F   0B1   006~~~?Zu?
0E 00 02 44 30 42 31 45 37 20 41 44 56 00 00 30   ~~~D0B1E7 ADV~~0
18 5A 75 3F 0E 00 0A 44 30 42 31 36 35 20 50 41   ~Zu?~~~D0B165 PA
52 00 00 10 3F 5A 75 3F 0F 00 35 44 30 42 31 20   R~~~?Zu?~~5D0B1 
20 20 4D 45 44 00 00 4B 50 5A 75 3F 0F 00 3F 44     MED~~KPZu?~~?D
30 42 31 20 20 20 54 48 53 00 09 29 6C 5A 75 3F   0B1   THS~~)lZu?
10 00 11 44 30 42 31 37 39 20 30 37 36 00 09 4F   ~~~D0B179 076~~O
31 5A 75 3F 10 00 38 44 30 42 31 20 20 20 39 39   1Zu?~~8D0B1   99
39 00 00 2D 3F 5A 75 3F 10 00 05 44 30 45 31 35   9~~-?Zu?~~~D0E15
32 20 32 32 32 00 09 50 3F 5A 75 3F 10 00 3F 44   2 222~~P?Zu?~~?D
30 42 31 37 30 20 48 4D 48 00 00 00 36 5A 75 3F   0B170 HMH~~~6Zu?
10 00 01 44 30 42 31 30 31 20 32 32 32 00 00 3C   ~~~D0B101 222~~<
3F 5A 75 3F 10 00 44 44 30 42 31 20 20 20 41 53   ?Zu?~~DD0B1   AS
50 00 00 12 3F 5A 75 3F 10 00 64 44 30 42 31 38   P~~~?Zu?~~dD0B18
35 20 4A 4D 33 00 09 50 3F 5A 75 3F 10 00 1E 44   5 JM3~~P?Zu?~~~D
30 42 31 37 39 20 31 30 31 00 00 32 21 5A 75 3F   0B179 101~~2!Zu?
10 00 31 44 30 42 31 37 30 20 46 4C 42 00 00 41   ~~1D0B170 FLB~~A
3F 5A 75 3F 10 00 06 44 30 42 32 20 20 20 4D 48   ?Zu?~~~D0B2   MH
49 00 09 29 6C 5A 75 3F 11 00 1F 44 30 42 31 37   I~~)lZu?~~~D0B17
35 20 30 36 32 00 00 10 3F 5A 75 3F 11 00 31 44   5 062~~~?Zu?~~1D
30 42 31 20 20 20 4D 43 41 00 00 5D 48 5A 75 3F   0B1   MCA~~]HZu?
11 00 43 44 30 42 31 20 20 20 4B 59 50 00 00 42   ~~CD0B1   KYP~~B
72 5A 75 3F 11 00 10 44 30 42 32 20 20 20 43 49   rZu?~~~D0B2   CI
4D 00 00 0F 12 5A 75 3F 12 00 16 44 30 42 31 37   M~~~~Zu?~~~D0B17
39 20 4D 41 20 00 09 4F 31 5A 75 3F 12 00 32 44   9 MA ~~O1Zu?~~2D
30 42 31 20 20 20 39 39 39 00 00 4E 3F 5A 75 3F   0B1   999~~N?Zu?
12 00 13 44 30 42 31 34 31 20 43 48 20 00 00 10   ~~~D0B141 CH ~~~
3F 5A 75 3F 12 00 1E 44 30 42 31 37 30 20 4D 45   ?Zu?~~~D0B170 ME
44 00 09 4F 31 5A 75 3F 12 00 26 44 30 42 31 20   D~~O1Zu?~~&D0B1 
20 20 39 39 39 00 00 3C 3F 5A 75 3F 12 00 55 44     999~~<?Zu?~~UD
30 42 31 20 20 20 41 53 50 00 00 4E 3F 5A 75 3F   0B1   ASP~~N?Zu?
12 00 4A 44 30 42 31 20 20 20 49 53 20 00 09 4E   ~~JD0B1   IS ~~N
3F 5A 75 3F 13 00 1B 44 30 42 31 20 20 20 20 20   ?Zu?~~~D0B1     
20 00 00 0F 12 5A 75 3F 13 00 30 44 30 42 31 20    ~~~~Zu?~~0D0B1 
20 20 41 34 20 00 00 39 3F 5A 75 3F 13 00 34 44     A4 ~~9?Zu?~~4D
30 45 31 20 20 20 43 4F 4D 00 09 50 3F 5A 75 3F   0E1   COM~~P?Zu?
13 00 4D 44 30 42 32 20 20 20 42 43 42 00 00 10   ~~MD0B2   BCB~~~
3F 5A 75 3F 14 00 09 44 30 42 32 20 20 20 4D 45   ?Zu?~~~D0B2   ME
44 00 09 4F 31 5A 75 3F 14 00 20 44 30 42 31 20   D~~O1Zu?~~ D0B1 
20 20 39 39 39 00 09 4F 31 5A 75 3F 14 00 22 44     999~~O1Zu?~~"D
30 42 31 20 20 20 39 39 39 00 00 5E 3F 5A 75 3F   0B1   999~~^?Zu?
14 00 26 44 30 42 32 20 20 20 4F 48 52 00 00 49   ~~&D0B2   OHR~~I
3F 5A 75 3F 14 00 0B 44 30 42 32 20 20 20 50 33   ?Zu?~~~D0B2   P3
30 00 00 42 72 5A 75 3F 14 00 17 44 30 42 32 20   0~~BrZu?~~~D0B2 
20 20 43 49 4D 00 00 0F 12 5A 75 3F 15 00 18 44     CIM~~~~Zu?~~~D
30 42 31 37 39 20 4D 44 20 00 00 2D 20 5A 75 3F   0B179 MD ~~- Zu?
15 00 35 44 30 42 31 39 34 33 31 32 31 00 09 4F   ~~5D0B1943121~~O
31 5A 75 3F 15 00 2A 44 30 42 31 20 20 20 39 39   1Zu?~~*D0B1   99
39 00 09 4F 31 5A 75 3F 15 00 23 44 30 42 31 37   9~~O1Zu?~~#D0B17
30 20 39 39 39 00 00 3C 3F 5A 75 3F 15 00 25 44   0 999~~<?Zu?~~%D
30 42 31 20 20 20 30 33 32 00 00 10 3F 5A 75 3F   0B1   032~~~?Zu?
16 00 22 44 30 42 31 37 30 20 4D 45 44 00 00 10   ~~"D0B170 MED~~~
3F 5A 75 3F 16 00 21 44 30 42 31 20 20 20 41 44   ?Zu?~~!D0B1   AD
56 00 00 10 3F 5A 75 3F 16 00 20 44 30 42 31 20   V~~~?Zu?~~ D0B1 
20 20 4D 45 44 00 00 56 3F 5A 75 3F 16 00 62 44     MED~~V?Zu?~~bD
30 42 31 20 20 20 50 53 54 00 00 61 38 5A 75 3F   0B1   PST~~a8Zu?
16 00 22 44 30 42 31 31 39 20 36 38 33 00 00 10   ~~"D0B119 683~~~
3F 5A 75 3F 16 00 25 44 30 42 31 20 20 20 4D 45   ?Zu?~~%D0B1   ME
44 00 09 50 3F 5A 75 3F 16 00 1B 44 30 42 31 20   D~~P?Zu?~~~D0B1 
20 20 4D 45 44 00 00 5D 48 5A 75 3F 17 00 5E 44     MED~~]HZu?~~^D
30 42 31 20 20 20 4B 59 50 00 00 4E 3F 5A 75 3F   0B1   KYP~~N?Zu?
17 00 1F 44 30 42 32 20 20 20 49 53 20 00 00 10   ~~~D0B2   IS ~~~
3F 5A 75 3F 17 00 2E 44 30 42 31 37 35 20 4D 45   ?Zu?~~.D0B175 ME
44 00 00 10 3F 5A 75 3F 17 00 0F 44 30 42 32 20   D~~~?Zu?~~~D0B2 
20 20 4D 45 44 00 09 51 72 5A 75 3F 17 00 4C 44     MED~~QrZu?~~LD
30 42 31 20 20 20 41 42 41 00 00 10 3F 5A 75 3F   0B1   ABA~~~?Zu?
17 00 17 44 30 42 31 20 20 20 4D 45 44 00 00 2D   ~~~D0B1   MED~~-
20 5A 75 3F 17 00 28 44 30 42 31 20 20 20 49 4C    Zu?~~(D0B1   IL
43 00 09 4F 31 5A 75 3F 18 00 36 44 30 42 31 37   C~~O1Zu?~~6D0B17
35 20 39 39 39 00 09 50 3F 5A 75 3F 18 00 3F 44   5 999~~P?Zu?~~?D
30 42 31 20 20 20 53 55 50 00 00 4E 3F 5A 75 3F   0B1   SUP~~N?Zu?
18 00 07 44 30 42 31 4E 4E 20 46 43 20 00 00 10   ~~~D0B1NN FC ~~~
3F 5A 75 3F 18 00 19 44 30 42 31 20 20 20 41 44   ?Zu?~~~D0B1   AD
56 00 00 0F 12 5A 75 3F 18 00 0D 44 30 42 31 37   V~~~~Zu?~~~D0B17
4D 20 4D 41 20 00 00 4B 1F 5A 75 3F 18 00 32 44   M MA ~~K~Zu?~~2D
30 42 31 20 20 20 54 48 53 00 00 25 53 5A 75 3F   0B1   THS~~%SZu?
18 00 3F 44 30 42 31 37 30 20 4D 41 53 00 00 2D   ~~?D0B170 MAS~~-
3F 5A 75 3F 18 00 08 44 30 45 31 35 32 20 32 32   ?Zu?~~~D0E152 22
32 00 00 3C 3F 5A 75 3F 18 00 1F 44 30 42 31 20   2~~<?Zu?~~~D0B1 
20 20 30 33 32 00 00 10 3F 5A 75 3F 18 00 23 44     032~~~?Zu?~~#D
30 42 31 20 20 20 4D 45 44 00 00 10 3F 5A 75 3F   0B1   MED~~~?Zu?
19 00 1F 44 30 42 31 20 20 20 4D 43 41 00 00 10   ~~~D0B1   MCA~~~
3F 5A 75 3F 19 00 11 44 30 42 31 37 39 20 41 44   ?Zu?~~~D0B179 AD
03                                                ~