
02 31 35 30 36 37 30 31 36 34 35 43 50 30 33 00   ~1506701645CP03~
00 31 30 54 50 30 30 30 30 5A 58 30 39 45 43 4C   ~10TP0000ZX09ECL
4D 1E 46 56 33 00 00 02 3F 00 3F 07 3F 00 02 00   M~FV3~~~?~?~?~~~
02 00 0D 00 22 00 2E 00 09 00 00 00 23 55 3F 3F   ~~~~"~.~~~~~#U??
21 00 05 00 0A 00 00 1E 46 00 09 50 3F 5A 75 3F   !~~~~~~~F~~P?Zu?
47 00 1A 44 30 42 31 37 36 20 34 38 30 00 00 12   G~~D0B176 480~~~
3F 5A 75 3F 48 00 18 44 30 42 32 20 20 20 52 52   ?Zu?H~~D0B2   RR
31 00 00 5E 3F 5A 75 3F 48 00 37 44 30 42 31 34   1~~^?Zu?H~7D0B14
31 20 4F 48 52 00 09 52 0E 5A 75 3F 48 00 1A 44   1 OHR~~R~Zu?H~~D
30 42 31 20 20 20 52 45 41 00 09 4F 3F 5A 75 3F   0B1   REA~~O?Zu?
49 00 73 44 30 42 32 20 20 20 39 39 39 00 00 10   I~sD0B2   999~~~
3F 5A 75 3F 49 00 15 44 30 42 31 37 30 20 41 44   ?Zu?I~~D0B170 AD
56 00 00 49 3F 5A 75 3F 49 00 1E 44 30 42 31 31   V~~I?Zu?I~~D0B11
39 20 45 4D 50 00 00 10 3F 5A 75 3F 49 00 17 44   9 EMP~~~?Zu?I~~D
30 42 31 36 39 20 4D 45 44 00 00 39 3F 5A 75 3F   0B169 MED~~9?Zu?
49 00 25 44 30 45 31 20 20 20 43 4F 4D 00 09 4F   I~%D0E1   COM~~O
31 5A 75 3F 49 00 0B 44 30 42 32 20 20 20 39 39   1Zu?I~~D0B2   99
39 00 00 58 3F 5A 75 3F 4A 00 57 44 30 42 31 20   9~~X?Zu?J~WD0B1 
20 20 36 33 33 00 00 10 3F 5A 75 3F 4A 00 1D 44     633~~~?Zu?J~~D
30 42 31 37 30 20 4D 45 44 00 00 30 18 5A 75 3F   0B170 MED~~0~Zu?
4A 00 4B 44 30 42 31 20 20 20 50 41 52 00 00 42   J~KD0B1   PAR~~B
72 5A 75 3F 4A 00 1D 44 30 42 31 36 31 33 43 49   rZu?J~~D0B1613CI
4D 00 00 10 3F 5A 75 3F 4A 00 37 44 30 42 31 20   M~~~?Zu?J~7D0B1 
20 20 4D 45 44 00 09 4F 3F 5A 75 3F 4B 00 57 44     MED~~O?Zu?K~WD
30 42 31 20 20 20 39 39 39 00 00 12 4A 5A 75 3F   0B1   999~~~JZu?
4C 00 0B 44 30 42 31 45 37 20 43 4E 20 00 00 10   L~~D0B1E7 CN ~~~
3F 5A 75 3F 4C 00 22 44 30 42 31 38 38 20 4D 45   ?Zu?L~"D0B188 ME
44 00 00 2D 3F 5A 75 3F 4C 00 02 44 30 45 31 20   D~~-?Zu?L~~D0E1 
20 20 32 32 32 00 09 51 2A 5A 75 3F 4C 00 3B 44     222~~Q*Zu?L~;D
30 42 31 20 20 20 4E 56 54 00 00 10 3F 5A 75 3F   0B1   NVT~~~?Zu?
4C 00 2B 44 30 42 31 33 34 20 4D 45 44 00 00 10   L~+D0B134 MED~~~
3F 5A 75 3F 4C 00 18 44 30 42 32 20 20 20 4D 45   ?Zu?L~~D0B2   ME
44 00 00 10 3F 5A 75 3F 4D 00 32 44 30 42 31 20   D~~~?Zu?M~2D0B1 
20 20 4D 45 44 00 09 4F 3F 5A 75 3F 4D 00 1E 44     MED~~O?Zu?M~~D
30 42 31 37 35 20 46 45 50 00 09 4F 31 5A 75 3F   0B175 FEP~~O1Zu?
4D 00 2B 44 30 42 31 20 20 20 39 39 39 00 00 4B   M~+D0B1   999~~K
1F 5A 75 3F 4D 00 2E 44 30 42 32 20 20 20 54 48   ~Zu?M~.D0B2   TH
53 00 00 5E 3F 5A 75 3F 4D 00 6C 44 30 42 31 38   S~~^?Zu?M~lD0B18
38 20 4F 48 52 00 09 29 6C 5A 75 3F 4D 00 18 44   8 OHR~~)lZu?M~~D
30 42 31 37 39 20 30 37 36 00 09 50 3F 5A 75 3F   0B179 076~~P?Zu?
4D 00 24 44 30 42 31 50 45 20 4C 4F 59 00 09 4F   M~$D0B1PE LOY~~O
31 5A 75 3F 4D 00 19 44 30 42 31 35 30 20 39 39   1Zu?M~~D0B150 99
39 00 00 49 3F 5A 75 3F 4E 00 07 44 30 42 31 32   9~~I?Zu?N~~D0B12
32 20 50 33 30 00 00 12 3F 5A 75 3F 4E 00 3D 44   2 P30~~~?Zu?N~=D
30 42 31 20 20 20 43 4D 36 00 00 10 3F 5A 75 3F   0B1   CM6~~~?Zu?
4E 00 15 44 30 42 31 37 35 20 41 44 56 00 00 4E   N~~D0B175 ADV~~N
3F 5A 75 3F 4E 00 13 44 30 42 31 20 20 20 49 4E   ?Zu?N~~D0B1   IN
20 00 00 2E 73 5A 75 3F 4E 00 1C 44 30 42 31 20    ~~.sZu?N~~D0B1 
20 20 20 20 20 00 00 37 7B 5A 75 3F 4E 00 66 44        ~~7{Zu?N~fD
30 42 31 20 20 20 4F 52 44 00 00 3C 3F 5A 75 3F   0B1   ORD~~<?Zu?
4F 00 14 44 30 42 32 20 20 20 41 53 50 00 00 4E   O~~D0B2   ASP~~N
3F 5A 75 3F 4F 00 25 44 30 42 31 20 20 20 49 53   ?Zu?O~%D0B1   IS
20 00 00 4E 3F 5A 75 3F 4F 00 20 44 30 42 31 20    ~~N?Zu?O~ D0B1 
20 20 41 43 20 00 09 51 2E 5A 75 3F 4F 00 50 44     AC ~~Q.Zu?O~PD
30 42 31 37 36 20 48 4D 43 00 09 4E 3F 5A 75 3F   0B176 HMC~~N?Zu?
50 00 15 44 30 42 32 20 20 20 49 52 58 00 00 10   P~~D0B2   IRX~~~
3F 5A 75 3F 50 00 3C 44 30 42 31 38 38 20 4D 45   ?Zu?P~<D0B188 ME
44 00 09 4F 31 5A 75 3F 50 00 48 44 30 42 31 20   D~~O1Zu?P~HD0B1 
20 20 39 39 39 00 09 4F 24 5A 75 3F 50 00 47 44     999~~O$Zu?P~GD
30 42 31 20 20 20 44 52 4D 00 00 10 3F 5A 75 3F   0B1   DRM~~~?Zu?
51 00 13 44 30 42 31 36 39 20 4D 45 44 00 09 51   Q~~D0B169 MED~~Q
3F 5A 75 3F 51 00 0C 44 30 42 31 20 20 20 57 41   ?Zu?Q~~D0B1   WA
50 00 00 10 3F 5A 75 3F 51 00 3B 44 30 42 31 20   P~~~?Zu?Q~;D0B1 
20 20 4D 45 44 00 00 58 3F 5A 75 3F 51 00 48 44     MED~~X?Zu?Q~HD
30 42 31 20 20 20 36 33 33 00 00 0F 12 5A 75 3F   0B1   633~~~~Zu?
51 00 18 44 30 42 32 20 20 20 41 34 20 00 00 3C   Q~~D0B2   A4 ~~<
3F 5A 75 3F 52 00 10 44 30 42 31 37 39 20 30 33   ?Zu?R~~D0B179 03
32 00 00 0F 3F 5A 75 3F 52 00 4A 44 30 42 31 20   2~~~?Zu?R~JD0B1 
20 20 34 33 2D 00 00 58 3F 5A 75 3F 52 00 23 44     43-~~X?Zu?R~#D
30 42 31 36 32 30 36 33 33 00 00 10 3F 5A 75 3F   0B1620633~~~?Zu?
52 00 1D 44 30 42 31 20 20 20 41 44 56 00 00 4C   R~~D0B1   ADV~~L
3F 5A 75 3F 52 00 4E 44 30 42 31 20 20 20 50 52   ?Zu?R~ND0B1   PR
58 00 00 4B 1F 5A 75 3F 53 00 3F 44 30 42 31 20   X~~K~Zu?S~?D0B1 
20 20 54 48 53 00 00 12 4A 5A 75 3F 53 01 09 44     THS~~~JZu?S~~D
30 42 32 20 20 20 43 4E 20 00 09 4F 3F 5A 75 3F   0B2   CN ~~O?Zu?
53 00 1B 44 30 42 31 20 20 20 46 45 50 00 09 4F   S~~D0B1   FEP~~O
31 5A 75 3F 53 00 2F 44 30 42 31 20 20 20 39 39   1Zu?S~/D0B1   99
39 00 09 4F 31 5A 75 3F 54 00 22 44 30 42 31 20   9~~O1Zu?T~"D0B1 
20 20 39 39 39 00 00 4B 1F 5A 75 3F 54 00 47 44     999~~K~Zu?T~GD
30 42 31 20 20 20 54 48 53 00 00 4E 3F 5A 75 3F   0B1   THS~~N?Zu?
54 00 09 44 30 42 31 36 39 20 49 52 58 00 00 58   T~~D0B169 IRX~~X
3F 5A 75 3F 55 00 3F 44 30 42 31 20 20 20 36 33   ?Zu?U~?D0B1   63
33 00 00 26 09 5A 75 3F 55 00 07 44 30 42 31 30   3~~&~Zu?U~~D0B10
39 20 50 30 30 00 00 4C 3F 5A 75 3F 55 00 1C 44   9 P00~~L?Zu?U~~D
30 42 32 20 20 20 30 37 36 00 00 58 3F 5A 75 3F   0B2   076~~X?Zu?
55 00 76 44 30 42 31 20 20 20 36 33 33 00 09 51   U~vD0B1   633~~Q
2E 5A 75 3F 56 00 38 44 30 42 31 38 38 20 48 4D   .Zu?V~8D0B188 HM
43 00 09 4F 31 5A 75 3F 56 00 2C 44 30 42 31 37   C~~O1Zu?V~,D0B17
30 20 39 39 39 00 00 49 3F 5A 75 3F 56 00 3F 44   0 999~~I?Zu?V~?D
30 42 31 37 30 20 33 46 20 00 09 51 59 5A 75 3F   0B170 3F ~~QYZu?
56 00 2B 44 30 42 31 20 20 20 30 33 31 00 00 10   V~+D0B1   031~~~
3F 5A 75 3F 56 00 1C 44 30 42 31 37 30 20 4D 45   ?Zu?V~~D0B170 ME
44 00 00 5D 48 5A 75 3F 56 00 41 44 30 42 31 20   D~~]HZu?V~AD0B1 
20 20 4B 59 50 00 00 4F 3F 5A 75 3F 57 00 0E 44     KYP~~O?Zu?W~~D
30 42 32 20 20 20 49 52 58 00 04 01 00 5A 75 3F   0B2   IRX~~~~Zu?
57 00 0D 44 30 42 31 44 4E 20 52 58 42 00 00 0E   W~~D0B1DN RXB~~~
01 5A 75 3F 57 00 13 44 30 42 32 20 20 20 41 53   ~Zu?W~~D0B2   AS
50 00 09 50 3F 5A 75 3F 57 00 5D 44 30 42 32 20   P~~P?Zu?W~]D0B2 
20 20 38 34 35 00 00 4C 3F 5A 75 3F 58 00 3F 44     845~~L?Zu?X~?D
30 42 31 37 39 20 30 31 39 00 00 3C 3F 5A 75 3F   0B179 019~~<?Zu?
58 00 11 44 30 42 31 37 30 20 30 33 32 00 00 10   X~~D0B170 032~~~
3F 5A 75 3F 58 00 1E 44 30 42 31 20 20 20 4D 45   ?Zu?X~~D0B1   ME
44 00 00 42 72 5A 75 3F 58 00 32 44 30 42 31 20   D~~BrZu?X~2D0B1 
20 20 43 49 4D 00 09 4F 31 5A 75 3F 58 00 0A 44     CIM~~O1Zu?X~~D
30 42 31 32 32 20 39 39 39 00 00 12 3F 5A 75 3F   0B122 999~~~?Zu?
58 00 14 44 30 42 31 41 46 20 4D 59 31 00 09 50   X~~D0B1AF MY1~~P
3F 5A 75 3F 59 00 17 44 30 42 31 32 36 20 53 55   ?Zu?Y~~D0B126 SU
50 00 09 4F 31 5A 75 3F 59 00 4E 44 30 42 31 38   P~~O1Zu?Y~ND0B18
38 20 39 39 39 00 00 10 3F 5A 75 3F 59 00 1E 44   8 999~~~?Zu?Y~~D
30 42 31 20 20 20 41 44 56 00 09 50 3F 5A 75 3F   0B1   ADV~~P?Zu?
59 00 10 44 30 42 31 34 31 20 41 44 41 00 00 2A   Y~~D0B141 ADA~~*
3F 5A 75 3F 59 00 31 44 30 42 31 20 20 20 38 32   ?Zu?Y~1D0B1   82
36 00 09 4F 24 5A 75 3F 59 00 3F 44 30 42 31 20   6~~O$Zu?Y~?D0B1 
20 20 50 43 53 00 00 2D 3F 5A 75 3F 5A 00 08 44     PCS~~-?Zu?Z~~D
30 45 31 35 32 20 32 32 32 00 00 10 3F 5A 75 3F   0E152 222~~~?Zu?
5A 00 1E 44 30 42 31 20 20 20 4D 43 41 00 00 0E   Z~~D0B1   MCA~~~
01 5A 75 3F 5A 00 72 44 30 42 31 20 20 20 41 53   ~Zu?Z~rD0B1   AS
50 00 00 4E 3F 5A 75 3F 5A 00 09 44 30 42 32 20   P~~N?Zu?Z~~D0B2 
20 20 46 4D 20 00 00 2D 20 5A 75 3F 5B 00 22 44     FM ~~- Zu?[~"D
30 42 31 20 20 20 49 4C 43 00 09 4E 3F 5A 75 3F   0B1   ILC~~N?Zu?
5B 00 1F 44 30 42 31 20 20 20 50 45 55 00 00 4E   [~~D0B1   PEU~~N
3F 5A 75 3F 5B 00 1F 44 30 42 31 20 20 20 41 43   ?Zu?[~~D0B1   AC
20 00 00 58 3F 5A 75 3F 5B 00 3F 44 30 42 31 20    ~~X?Zu?[~?D0B1 
20 20 36 33 33 00 00 2D 3F 5A 75 3F 5C 00 02 44     633~~-?Zu?\~~D
30 45 31 20 20 20 32 32 32 00 09 4F 3F 5A 75 3F   0E1   222~~O?Zu?
5C 00 0A 44 30 42 32 20 20 20 39 39 39 00 00 12   \~~D0B2   999~~~
3F 5A 75 3F 5C 00 60 44 30 42 31 38 38 20 44 4B   ?Zu?\~`D0B188 DK
31 00 00 3C 3F 5A 75 3F 5C 00 38 44 30 42 31 20   1~~<?Zu?\~8D0B1 
20 20 30 33 32 00 00 60 3F 5A 75 3F 5C 00 2F 44     032~~`?Zu?\~/D
30 42 32 20 20 20 47 52 4E 00 09 4F 3F 5A 75 3F   0B2   GRN~~O?Zu?
5C 00 2E 44 30 42 31 38 38 20 39 39 39 00 00 39   \~.D0B188 999~~9
3F 5A 75 3F 5D 00 32 44 30 45 31 20 20 20 43 4F   ?Zu?]~2D0E1   CO
4D 00 00 10 3F 5A 75 3F 5D 00 22 44 30 42 31 38   M~~~?Zu?]~"D0B18
38 20 4D 45 44 00 09 51 72 5A 75 3F 5D 00 4D 44   8 MED~~QrZu?]~MD
30 42 31 20 20 20 41 42 41 00 09 50 3F 5A 75 3F   0B1   ABA~~P?Zu?
5D 00 20 44 30 42 31 37 30 20 34 33 34 00 00 2D   ]~ D0B170 434~~-
20 5A 75 3F 5E 00 33 44 30 42 31 20 20 20 49 4C    Zu?^~3D0B1   IL
43 00 00 2E 42 5A 75 3F 5E 00 3B 44 30 42 31 20   C~~.BZu?^~;D0B1 
20 20 4E 43 43 00 00 42 3F 5A 75 3F 5E 00 40 44     NCC~~B?Zu?^~@D
30 42 31 20 20 20 41 53 50 00 00 10 3F 5A 75 3F   0B1   ASP~~~?Zu?
5E 00 0C 44 30 42 32 20 20 20 4D 45 44 00 00 2D   ^~~D0B2   MED~~-
3F 5A 75 3F 5E 00 1B 44 30 45 31 35 32 20 32 32   ?Zu?^~~D0E152 22
32 00 09 50 3F 5A 75 3F 5E 00 43 44 30 42 31 20   2~~P?Zu?^~CD0B1 
20 20 34 32 34 00 00 10 3F 5A 75 3F 5F 00 1B 44     424~~~?Zu?_~~D
30 42 31 20 20 20 4D 45 44 00 00 39 3F 5A 75 3F   0B1   MED~~9?Zu?
5F 00 3D 44 30 45 31 20 20 20 43 4F 4D 00 00 10   _~=D0E1   COM~~~
3F 5A 75 3F 5F 00 29 44 30 42 31 20 20 20 41 44   ?Zu?_~)D0B1   AD
56 00 00 3C 3F 5A 75 3F 5F 00 1A 44 30 42 31 37   V~~<?Zu?_~~D0B17
39 20 30 33 32 00 00 39 3F 5A 75 3F 5F 00 51 44   9 032~~9?Zu?_~QD
30 45 31 20 20 20 43 4F 4D 00 00 10 3F 5A 75 3F   0E1   COM~~~?Zu?
5F 00 17 44 30 42 31 37 30 20 41 44 56 00 00 13   _~~D0B170 ADV~~~
33 5A 75 3F 5F 00 26 44 30 42 31 20 20 20 20 20   3Zu?_~&D0B1     
20 00 09 50 3F 5A 75 3F 5F 00 2E 44 30 42 31 20    ~~P?Zu?_~.D0B1 
20 20 4D 45 44 00 00 12 3F 5A 75 3F 5F 00 3F 44     MED~~~?Zu?_~?D
30 42 32 20 20 20 55 53 4D 00 00 3C 3F 5A 75 3F   0B2   USM~~<?Zu?
60 00 2A 44 30 42 31 20 20 20 30 33 32 00 00 10   `~*D0B1   032~~~
3F 5A 75 3F 60 00 21 44 30 42 31 20 20 20 4D 45   ?Zu?`~!D0B1   ME
44 00 09 4F 31 5A 75 3F 60 00 29 44 30 42 31 37   D~~O1Zu?`~)D0B17
36 20 39 39 39 00 09 4F 31 5A 75 3F 60 00 3B 44   6 999~~O1Zu?`~;D
30 42 31 20 20 20 39 39 39 00 09 4E 3F 5A 75 3F   0B1   999~~N?Zu?
61 00 10 44 30 42 31 37 30 20 50 45 55 00 00 4B   a~~D0B170 PEU~~K
1F 5A 75 3F 61 00 2D 44 30 42 32 20 20 20 54 48   ~Zu?a~-D0B2   TH
53 00 09 51 08 5A 75 3F 61 00 41 44 30 42 31 20   S~~Q~Zu?a~AD0B1 
20 20 52 58 4E 00 09 4E 3F 5A 75 3F 61 00 19 44     RXN~~N?Zu?a~~D
30 42 31 20 20 20 50 45 55 00 00 58 3F 5A 75 3F   0B1   PEU~~X?Zu?
61 00 0B 44 30 42 32 20 20 20 36 33 33 00 00 06   a~~D0B2   633~~~
11 5A 75 3F 61 00 5A 44 30 42 31 34 31 20 49 4E   ~Zu?a~ZD0B141 IN
4D 00 00 10 3F 5A 75 3F 61 00 1A 44 30 42 31 20   M~~~?Zu?a~~D0B1 
20 20 4D 45 44 00 09 4F 31 5A 75 3F 61 00 25 44     MED~~O1Zu?a~%D
30 42 31 20 20 20 39 39 39 00 00 3C 3F 5A 75 3F   0B1   999~~<?Zu?
61 00 23 44 30 42 31 20 20 20 30 33 32 00 09 4F   a~#D0B1   032~~O
3F 5A 75 3F 61 00 1C 44 30 42 31 20 20 20 46 45   ?Zu?a~~D0B1   FE
50 00 09 4F 31 5A 75 3F 61 00 1C 44 30 42 31 20   P~~O1Zu?a~~D0B1 
20 20 39 39 39 00 00 4E 3F 5A 75 3F 62 00 1C 44     999~~N?Zu?b~~D
30 42 31 37 39 20 49 53 20 00 00 42 72 5A 75 3F   0B179 IS ~~BrZu?
62 00 22 44 30 42 31 20 20 20 30 32 31 00 06 1A   b~"D0B1   021~~~
3F 5A 75 3F 62 00 1E 44 30 42 31 20 20 20 30 30   ?Zu?b~~D0B1   00
32 00 00 51 3F 5A 75 3F 62 00 4E 44 30 42 32 20   2~~Q?Zu?b~ND0B2 
20 20 30 37 39 00 00 10 3F 5A 75 3F 62 00 3B 44     079~~~?Zu?b~;D
30 42 31 52 4F 20 54 45 4C 00 09 50 3F 5A 75 3F   0B1RO TEL~~P?Zu?
62 00 11 44 30 42 31 36 39 20 4D 45 44 00 00 10   b~~D0B169 MED~~~
3F 5A 75 3F 63 00 2D 44 30 42 31 20 20 20 4D 45   ?Zu?c~-D0B1   ME
44 00 00 10 3F 5A 75 3F 63 00 2C 44 30 42 31 38   D~~~?Zu?c~,D0B18
38 20 4D 45 44 00 09 4E 3F 5A 75 3F 63 00 20 44   8 MED~~N?Zu?c~ D
30 42 31 20 20 20 4D 45 44 00 09 4E 3F 5A 75 3F   0B1   MED~~N?Zu?
63 00 1B 44 30 42 31 20 20 20 50 45 55 00 00 3C   c~~D0B1   PEU~~<
3F 5A 75 3F 63 00 1E 44 30 42 31 37 39 20 30 33   ?Zu?c~~D0B179 03
32 00 00 10 3F 5A 75 3F 63 00 16 44 30 42 31 20   2~~~?Zu?c~~D0B1 
20 20 41 44 56 00 00 10 3F 5A 75 3F 64 00 18 44     ADV~~~?Zu?d~~D
30 42 31 38 38 20 4D 45 44 00 09 4E 3F 5A 75 3F   0B188 MED~~N?Zu?
64 00 1E 44 30 42 31 20 20 20 49 52 58 00 09 4E   d~~D0B1   IRX~~N
3F 5A 75 3F 64 00 16 44 30 42 32 20 20 20 20 20   ?Zu?d~~D0B2     
20 00 00 3C 3F 5A 75 3F 64 00 48 44 30 42 31 20    ~~<?Zu?d~HD0B1 
20 20 30 33 32 00 00 30 18 5A 75 3F 64 00 7E 44     032~~0~Zu?d~~D
30 42 31 20 20 20 50 41 52 00 00 10 3F 5A 75 3F   0B1   PAR~~~?Zu?
64 00 26 44 30 42 31 20 20 20 4D 45 44 00 00 10   d~&D0B1   MED~~~
3F 5A 75 3F 64 00 1C 44 30 42 31 37 36 20 41 44   ?Zu?d~~D0B176 AD
56 00 00 0F 12 5A 75 3F 64 00 19 44 30 42 31 20   V~~~~Zu?d~~D0B1 
20 20 4D 41 20 00 00 3E 5A 5A 75 3F 65 00 26 44     MA ~~>ZZu?e~&D
30 42 31 20 20 20 50 44 43 00 00 10 3F 5A 75 3F   0B1   PDC~~~?Zu?
65 00 10 44 30 42 31 37 39 20 41 44 56 00 00 4E   e~~D0B179 ADV~~N
3F 5A 75 3F 65 00 19 44 30 42 31 34 31 20 49 52   ?Zu?e~~D0B141 IR
58 00 09 50 3F 5A 75 3F 65 00 27 44 30 42 31 20   X~~P?Zu?e~'D0B1 
20 20 20 20 20 00 09 4F 31 5A 75 3F 65 00 21 44        ~~O1Zu?e~!D
30 42 31 20 20 20 39 39 39 00 09 50 3F 5A 75 3F   0B1   999~~P?Zu?
66 00 1F 44 30 42 31 37 36 20 30 30 36 00 00 13   f~~D0B176 006~~~
33 5A 75 3F 67 00 38 44 30 42 31 20 20 20 20 20   3Zu?g~8D0B1     
20 00 00 10 3F 5A 75 3F 67 00 12 44 30 42 32 20    ~~~?Zu?g~~D0B2 
20 20 41 44 56 00 09 50 3F 5A 75 3F 67 00 23 44     ADV~~P?Zu?g~#D
30 42 31 4D 56 20 53 55 50 00 09 50 3F 5A 75 3F   0B1MV SUP~~P?Zu?
67 00 3F 44 30 42 31 20 20 20 43 54 50 00 09 4F   g~?D0B1   CTP~~O
31 5A 75 3F 67 00 22 44 30 42 31 20 20 20 39 39   1Zu?g~"D0B1   99
39 00 00 58 3F 5A 75 3F 67 00 3F 44 30 42 31 20   9~~X?Zu?g~?D0B1 
20 20 36 33 33 00 00 58 3F 5A 75 3F 67 00 3F 44     633~~X?Zu?g~?D
30 42 31 20 20 20 36 33 33 00 00 3C 3F 5A 75 3F   0B1   633~~<?Zu?
67 00 1A 44 30 42 31 35 36 39 30 33 32 00 00 12   g~~D0B1569032~~~
3F 5A 75 3F 68 00 12 44 30 42 31 39 47 20 53 4D   ?Zu?h~~D0B19G SM
33 00 00 42 72 5A 75 3F 68 00 1F 44 30 42 31 20   3~~BrZu?h~~D0B1 
20 20 43 49 4D 00 09 4F 24 5A 75 3F 68 00 57 44     CIM~~O$Zu?h~WD
30 42 31 34 34 20 50 52 4F 00 09 4F 31 5A 75 3F   0B144 PRO~~O1Zu?
69 00 23 44 30 42 31 37 39 20 39 39 39 00 09 50   i~#D0B179 999~~P
3F 5A 75 3F 69 00 24 44 30 42 31 20 20 20 20 20   ?Zu?i~$D0B1     
20 00 00 10 3F 5A 75 3F 69 00 17 44 30 42 31 37    ~~~?Zu?i~~D0B17
35 20 4D 43 41 00 00 10 3F 5A 75 3F 69 00 16 44   5 MCA~~~?Zu?i~~D
30 42 31 37 30 20 4D 45 44 00 00 3C 3F 5A 75 3F   0B170 MED~~<?Zu?
69 00 1A 44 30 42 31 35 34 20 30 33 32 00 00 5D   i~~D0B154 032~~]
48 5A 75 3F 69 00 51 44 30 42 31 20 20 20 4B 59   HZu?i~QD0B1   KY
50 00 09 4F 31 5A 75 3F 69 00 29 44 30 42 31 20   P~~O1Zu?i~)D0B1 
20 20 39 39 39 00 00 3C 3F 5A 75 3F 69 00 02 44     999~~<?Zu?i~~D
30 42 31 4E 4E 20 30 33 32 00 09 4E 3F 5A 75 3F   0B1NN 032~~N?Zu?
69 00 19 44 30 42 31 20 20 20 4D 45 44 00 00 5E   i~~D0B1   MED~~^
3F 5A 75 3F 6A 00 49 44 30 42 31 20 20 20 4F 48   ?Zu?j~ID0B1   OH
52 00 00 2D 3F 5A 75 3F 6A 00 07 44 30 45 31 31   R~~-?Zu?j~~D0E11
35 20 32 32 32 00 00 10 3F 5A 75 3F 6A 00 0C 44   5 222~~~?Zu?j~~D
30 42 31 37 39 20 4D 43 41 00 09 51 3F 5A 75 3F   0B179 MCA~~Q?Zu?
6B 00 20 44 30 42 31 20 20 20 43 52 58 00 00 3C   k~ D0B1   CRX~~<
3F 5A 75 3F 6B 00 5A 44 30 42 31 20 20 20 41 53   ?Zu?k~ZD0B1   AS
50 00 00 4B 50 5A 75 3F 6B 01 06 44 30 42 31 20   P~~KPZu?k~~D0B1 
20 20 54 48 53 00 06 1A 3F 5A 75 3F 6B 00 1D 44     THS~~~?Zu?k~~D
30 42 31 20 20 20 30 30 32 00 00 10 3F 5A 75 3F   0B1   002~~~?Zu?
6B 00 19 44 30 42 31 37 36 20 4D 45 44 00 00 10   k~~D0B176 MED~~~
3F 5A 75 3F 6B 00 29 44 30 42 31 20 20 20 4D 45   ?Zu?k~)D0B1   ME
44 00 00 30 18 5A 75 3F 6B 00 3F 44 30 42 31 37   D~~0~Zu?k~?D0B17
30 20 50 41 52 00 00 0F 12 5A 75 3F 6C 00 18 44   0 PAR~~~~Zu?l~~D
30 42 31 20 20 20 41 34 20 00 00 47 38 5A 75 3F   0B1   A4 ~~G8Zu?
6C 00 20 44 30 42 31 37 30 20 50 42 4D 00 00 10   l~ D0B170 PBM~~~
3F 5A 75 3F 6C 00 1C 44 30 42 31 38 38 20 4D 45   ?Zu?l~~D0B188 ME
44 00 00 2D 3F 5A 75 3F 6C 00 05 44 30 45 31 35   D~~-?Zu?l~~D0E15
32 20 32 32 32 00 09 50 3F 5A 75 3F 6D 00 67 44   2 222~~P?Zu?m~gD
30 42 31 39 34 33 43 53 50 00 00 4E 3F 5A 75 3F   0B1943CSP~~N?Zu?
6D 00 3F 44 30 42 31 37 39 20 49 4E 20 00 00 10   m~?D0B179 IN ~~~
3F 5A 75 3F 6D 00 22 44 30 42 31 38 38 20 4D 45   ?Zu?m~"D0B188 ME
44 00 09 4E 3F 5A 75 3F 6D 00 23 44 30 42 31 37   D~~N?Zu?m~#D0B17
39 20 4D 45 44 00 00 4A 3F 5A 75 3F 6D 00 1B 44   9 MED~~J?Zu?m~~D
30 42 31 20 20 20 43 4E 52 00 00 10 3F 5A 75 3F   0B1   CNR~~~?Zu?
6D 00 1D 44 30 42 31 20 20 20 4D 45 44 00 00 42   m~~D0B1   MED~~B
72 5A 75 3F 6E 00 2D 44 30 42 31 20 20 20 43 49   rZu?n~-D0B1   CI
4D 00 09 4E 3F 5A 75 3F 6E 00 1D 44 30 42 31 20   M~~N?Zu?n~~D0B1 
20 20 48 50 48 00 09 4F 31 5A 75 3F 6E 00 0E 44     HPH~~O1Zu?n~~D
30 42 32 20 20 20 39 39 39 00 00 2D 20 5A 75 3F   0B2   999~~- Zu?
6E 00 44 44 30 42 31 20 20 20 31 32 31 00 00 4B   n~DD0B1   121~~K
50 5A 75 3F 6E 00 3F 44 30 42 31 20 20 20 54 48   PZu?n~?D0B1   TH
53 00 00 06 11 5A 75 3F 6F 00 10 44 30 42 31 31   S~~~~Zu?o~~D0B11
33 20 43 56 52 00 09 4F 31 5A 75 3F 6F 00 30 44   3 CVR~~O1Zu?o~0D
30 42 31 20 20 20 39 39 39 00 00 10 3F 5A 75 3F   0B1   999~~~?Zu?
6F 00 20 44 30 42 31 20 20 20 4D 43 41 00 09 4E   o~ D0B1   MCA~~N
3F 5A 75 3F 6F 00 2C 44 30 42 31 20 20 20 49 52   ?Zu?o~,D0B1   IR
58 00 09 4F 31 5A 75 3F 6F 00 09 44 30 42 32 20   X~~O1Zu?o~~D0B2 
20 20 39 39 39 00 00 4B 50 5A 75 3F 6F 00 3F 44     999~~KPZu?o~?D
30 42 31 20 20 20 54 48 53 00 09 4F 31 5A 75 3F   0B1   THS~~O1Zu?
6F 00 20 44 30 42 31 37 39 20 39 39 39 00 00 4B   o~ D0B179 999~~K
50 5A 75 3F 70 00 3F 44 30 42 31 20 20 20 54 48   PZu?p~?D0B1   TH
53 00 00 2B 3F 5A 75 3F 70 00 2A 44 30 42 32 20   S~~+?Zu?p~*D0B2 
20 20 53 43 43 00 00 10 3F 5A 75 3F 70 00 0E 44     SCC~~~?Zu?p~~D
30 42 31 37 30 20 4D 45 44 00 09 50 3F 5A 75 3F   0B170 MED~~P?Zu?
70 00 51 44 30 42 32 20 20 20 20 20 20 00 00 10   p~QD0B2      ~~~
3F 5A 75 3F 70 00 1F 44 30 42 31 37 39 20 4D 45   ?Zu?p~~D0B179 ME
44 00 09 4F 31 5A 75 3F 70 00 17 44 30 42 31 36   D~~O1Zu?p~~D0B16
31 33 39 39 39 00 09 51 2A 5A 75 3F 70 00 30 44   13999~~Q*Zu?p~0D
30 42 31 20 20 20 4E 56 54 00 00 10 3F 5A 75 3F   0B1   NVT~~~?Zu?
71 00 13 44 30 42 32 20 20 20 4D 45 44 00 00 3D   q~~D0B2   MED~~=
3F 5A 75 3F 71 00 13 44 30 42 32 20 20 20 55 54   ?Zu?q~~D0B2   UT
50 00 00 10 3F 5A 75 3F 71 00 2A 44 30 42 31 20   P~~~?Zu?q~*D0B1 
20 20 4D 45 44 00 00 58 3F 5A 75 3F 71 00 4B 44     MED~~X?Zu?q~KD
30 42 32 20 20 20 36 33 33 00 00 4E 3F 5A 75 3F   0B2   633~~N?Zu?
72 00 18 44 30 42 31 30 39 20 57 47 20 00 09 51   r~~D0B109 WG ~~Q
08 5A 75 3F 72 00 34 44 30 42 32 20 20 20 4E 52   ~Zu?r~4D0B2   NR
58 00 00 10 3F 5A 75 3F 72 00 20 44 30 42 31 37   X~~~?Zu?r~ D0B17
30 20 4D 45 44 00 00 3D 3F 5A 75 3F 72 00 15 44   0 MED~~=?Zu?r~~D
30 42 31 41 42 20 55 54 50 00 00 06 11 5A 75 3F   0B1AB UTP~~~~Zu?
73 00 19 44 30 42 31 20 20 20 54 4E 4D 00 09 51   s~~D0B1   TNM~~Q
2A 5A 75 3F 73 00 1E 44 30 42 32 20 20 20 4E 56   *Zu?s~~D0B2   NV
54 00 00 5E 3F 5A 75 3F 73 00 59 44 30 42 31 20   T~~^?Zu?s~YD0B1 
20 20 4F 48 52 00 00 10 3F 5A 75 3F 73 00 09 44     OHR~~~?Zu?s~~D
30 42 31 36 39 20 4D 45 44 00 00 24 31 5A 75 3F   0B169 MED~~$1Zu?
74 00 30 44 30 42 32 20 20 20 41 47 20 00 00 4E   t~0D0B2   AG ~~N
3F 5A 75 3F 74 00 16 44 30 42 31 20 20 20 49 53   ?Zu?t~~D0B1   IS
20 00 00 10 3F 5A 75 3F 74 00 1B 44 30 42 31 34    ~~~?Zu?t~~D0B14
30 20 4D 45 44 00 00 44 3F 5A 75 3F 74 00 39 44   0 MED~~D?Zu?t~9D
30 42 31 20 20 20 50 30 32 00 00 58 3F 5A 75 3F   0B1   P02~~X?Zu?
74 00 5E 44 30 42 31 20 20 20 36 33 33 00 00 3C   t~^D0B1   633~~<
3F 5A 75 3F 74 00 74 44 30 42 31 20 20 20 30 33   ?Zu?t~tD0B1   03
32 00 00 5E 3F 5A 75 3F 74 00 4F 44 30 42 31 20   2~~^?Zu?t~OD0B1 
20 20 4F 48 52 00 00 10 3F 5A 75 3F 75 00 1C 44     OHR~~~?Zu?u~~D
30 42 31 20 20 20 4D 45 44 00 00 4E 3F 5A 75 3F   0B1   MED~~N?Zu?
75 00 12 44 30 42 32 20 20 20 49 53 20 00 09 4E   u~~D0B2   IS ~~N
3F 5A 75 3F 75 00 1C 44 30 42 31 36 31 33 4D 45   ?Zu?u~~D0B1613ME
44 00 00 39 3F 5A 75 3F 75 00 48 44 30 45 31 20   D~~9?Zu?u~HD0E1 
20 20 43 4F 4D 00 00 58 3F 5A 75 3F 75 00 3F 44     COM~~X?Zu?u~?D
30 42 31 20 20 20 36 33 33 00 00 4E 3F 5A 75 3F   0B1   633~~N?Zu?
75 00 17 44 30 42 31 20 20 20 41 43 20 00 00 39   u~~D0B1   AC ~~9
3F 5A 75 3F 75 00 1A 44 30 45 31 20 20 20 43 4F   ?Zu?u~~D0E1   CO
4D 00 00 42 72 5A 75 3F 76 00 1B 44 30 42 31 36   M~~BrZu?v~~D0B16
31 33 43 49 4D 00 09 51 2E 5A 75 3F 76 00 2C 44   13CIM~~Q.Zu?v~,D
30 42 31 20 20 20 48 4D 43 00 00 3C 3F 5A 75 3F   0B1   HMC~~<?Zu?
3F 00 28 44 30 42 31 20 20 20 30 33 32 00 09 51   ?~(D0B1   032~~Q
2A 5A 75 3F 3F 00 6D 44 30 42 31 20 20 20 45 47   *Zu??~mD0B1   EG
57 00 09 4E 3F 5A 75 3F 3F 00 32 44 30 42 31 38   W~~N?Zu??~2D0B18
38 20 49 52 58 00 00 10 3F 5A 75 3F 3F 00 17 44   8 IRX~~~?Zu??~~D
30 42 31 20 20 20 41 44 56 00 00 30 18 5A 75 3F   0B1   ADV~~0~Zu?
3F 00 63 44 30 42 31 20 20 20 50 41 52 00 00 10   ?~cD0B1   PAR~~~
3F 5A 75 3F 3F 00 1A 44 30 42 31 36 39 20 41 44   ?Zu??~~D0B169 AD
56 00 00 4E 3F 5A 75 3F 3F 00 1E 44 30 42 31 20   V~~N?Zu??~~D0B1 
20 20 49 53 20 00 09 4E 3F 5A 75 3F 3F 00 0D 44     IS ~~N?Zu??~~D
30 42 32 20 20 20 4D 45 44 00 09 4F 31 5A 75 3F   0B2   MED~~O1Zu?
3F 00 0A 44 30 42 31 4E 4E 20 39 39 39 00 00 25   ?~~D0B1NN 999~~%
53 5A 75 3F 3F 00 3F 44 30 42 31 20 20 20 4D 41   SZu??~?D0B1   MA
53 00 00 10 3F 5A 75 3F 3F 00 15 44 30 42 31 37   S~~~?Zu??~~D0B17
39 20 4D 45 44 00 09 50 3F 5A 75 3F 3F 00 21 44   9 MED~~P?Zu??~!D
30 42 31 20 20 20 30 30 36 00 00 06 11 5A 75 3F   0B1   006~~~~Zu?
3F 00 15 44 30 42 31 35 30 20 49 4E 4D 00 09 4E   ?~~D0B150 INM~~N
3F 5A 75 3F 3F 00 27 44 30 42 31 20 20 20 55 48   ?Zu??~'D0B1   UH
45 00 00 49 3F 5A 75 3F 3F 00 34 44 30 42 31 20   E~~I?Zu??~4D0B1 
20 20 45 4D 50 00 00 10 3F 5A 75 3F 3F 00 20 44     EMP~~~?Zu??~ D
30 42 31 20 20 20 4D 45 44 00 00 30 3F 5A 75 3F   0B1   MED~~0?Zu?
3F 00 4E 44 30 42 31 20 20 20 56 45 4E 00 00 12   ?~ND0B1   VEN~~~
3F 5A 75 3F 3F 00 29 44 30 42 31 37 30 20 4B 47   ?Zu??~)D0B170 KG
31 00 09 4E 3F 5A 75 3F 3F 00 31 44 30 42 31 20   1~~N?Zu??~1D0B1 
20 20 43 54 52 00 09 4F 3F 5A 75 3F 3F 00 3F 44     CTR~~O?Zu??~?D
30 42 31 38 38 20 37 38 31 00 00 10 3F 5A 75 3F   0B188 781~~~?Zu?
3F 00 1F 44 30 42 31 38 38 39 41 44 56 00 00 06   ?~~D0B1889ADV~~~
11 5A 75 3F 3F 00 15 44 30 42 31 45 35 20 54 4E   ~Zu??~~D0B1E5 TN
4D 00 00 42 3F 5A 75 3F 3F 00 44 44 30 42 31 20   M~~B?Zu??~DD0B1 
20 20 41 53 50 00 09 50 3F 5A 75 3F 3F 00 3B 44     ASP~~P?Zu??~;D
30 42 31 37 30 20 34 34 34 00 00 30 39 5A 75 3F   0B170 444~~09Zu?
3F 00 26 44 30 42 31 20 20 20 50 30 32 00 00 0F   ?~&D0B1   P02~~~
12 5A 75 3F 3F 00 20 44 30 42 31 20 20 20 41 34   ~Zu??~ D0B1   A4
20 00 09 4F 31 5A 75 3F 3F 00 26 44 30 42 31 20    ~~O1Zu??~&D0B1 
20 20 39 39 39 00 00 10 3F 5A 75 3F 3F 00 37 44     999~~~?Zu??~7D
30 42 31 20 20 20 41 44 56 00 00 10 3F 5A 75 3F   0B1   ADV~~~?Zu?
3F 00 56 44 30 42 31 20 20 20 41 44 56 00 00 06   ?~VD0B1   ADV~~~
11 5A 75 3F 3F 00 38 44 30 42 31 34 31 20 49 4E   ~Zu??~8D0B141 IN
4D 00 09 50 3F 5A 75 3F 3F 00 23 44 30 42 31 37   M~~P?Zu??~#D0B17
30 20 34 34 34 00 00 10 3F 5A 75 3F 3F 00 3B 44   0 444~~~?Zu??~;D
30 42 31 20 20 20 4D 45 44 00 00 10 3F 5A 75 3F   0B1   MED~~~?Zu?
3F 00 15 44 30 42 31 36 37 20 4D 45 44 00 09 4E   ?~~D0B167 MED~~N
3F 5A 75 3F 3F 00 44 44 30 42 31 20 20 20 50 44   ?Zu??~DD0B1   PD
4D 00 00 3C 3F 5A 75 3F 3F 00 26 44 30 42 31 20   M~~<?Zu??~&D0B1 
20 20 30 33 32 00 00 10 3F 5A 75 3F 3F 00 2A 44     032~~~?Zu??~*D
30 42 31 20 20 20 4D 45 44 00 09 50 3F 5A 75 3F   0B1   MED~~P?Zu?
3F 00 12 44 30 42 32 20 20 20 4D 45 44 00 00 40   ?~~D0B2   MED~~@
52 5A 75 3F 3F 00 28 44 30 42 31 20 20 20 53 43   RZu??~(D0B1   SC
44 00 00 06 11 5A 75 3F 3F 00 18 44 30 42 31 35   D~~~~Zu??~~D0B15
30 20 49 4E 4D 00 00 10 3F 5A 75 3F 3F 00 1B 44   0 INM~~~?Zu??~~D
30 42 31 37 30 20 4D 45 44 00 09 4E 3F 5A 75 3F   0B170 MED~~N?Zu?
3F 00 16 44 30 42 31 37 30 20 20 20 20 00 00 58   ?~~D0B170    ~~X
3F 5A 75 3F 3F 00 0E 44 30 42 32 20 20 20 36 33   ?Zu??~~D0B2   63
33 00 09 4E 3F 5A 75 3F 3F 00 1F 44 30 42 31 37   3~~N?Zu??~~D0B17
33 20 43 52 4B 00 00 59 20 5A 75 3F 3F 01 3F 44   3 CRK~~Y Zu??~?D
30 42 32 20 20 20 20 20 20 00 00 12 3F 5A 75 3F   0B2      ~~~?Zu?
3F 00 12 44 30 42 32 20 20 20 48 4B 31 00 00 4B   ?~~D0B2   HK1~~K
50 5A 75 3F 3F 00 3F 44 30 42 31 20 20 20 54 48   PZu??~?D0B1   TH
53 00 00 10 3F 5A 75 3F 3F 00 27 44 30 42 31 20   S~~~?Zu??~'D0B1 
20 20 4D 45 44 00 00 10 3F 5A 75 3F 3F 00 27 44     MED~~~?Zu??~'D
30 42 31 20 20 20 4D 45 44 00 00 10 3F 5A 75 3F   0B1   MED~~~?Zu?
3F 00 37 44 30 42 31 20 20 20 4D 43 41 00 00 33   ?~7D0B1   MCA~~3
21 5A 75 3F 3F 00 17 44 30 42 31 20 20 20 43 4F   !Zu??~~D0B1   CO
4D 00 00 10 3F 5A 75 3F 3F 00 23 44 30 42 31 36   M~~~?Zu??~#D0B16
30 20 41 44 56 00 00 12 3F 5A 75 3F 3F 00 2B 44   0 ADV~~~?Zu??~+D
30 42 31 38 38 20 59 48 4B 00 00 42 72 5A 75 3F   0B188 YHK~~BrZu?
3F 00 23 44 30 42 31 20 20 20 30 32 31 00 00 42   ?~#D0B1   021~~B
72 5A 75 3F 3F 00 1E 44 30 42 31 20 20 20 43 49   rZu??~~D0B1   CI
4D 00 00 10 3F 5A 75 3F 3F 00 18 44 30 42 31 37   M~~~?Zu??~~D0B17
36 20 41 44 56 00 09 4E 3F 5A 75 3F 3F 00 39 44   6 ADV~~N?Zu??~9D
30 42 31 20 20 20 41 43 43 00 00 4E 3F 5A 75 3F   0B1   ACC~~N?Zu?
3F 00 07 44 30 42 32 20 20 20 46 47 20 00 00 10   ?~~D0B2   FG ~~~
3F 5A 75 3F 3F 00 3F 44 30 42 31 37 35 20 43 41   ?Zu??~?D0B175 CA
4C 00 00 10 3F 5A 75 3F 3F 00 1D 44 30 42 31 38   L~~~?Zu??~~D0B18
38 20 4D 45 44 00 00 3C 3F 5A 75 3F 3F 00 1A 44   8 MED~~<?Zu??~~D
30 42 31 20 20 20 30 33 32 00 00 10 3F 5A 75 3F   0B1   032~~~?Zu?
3F 00 1C 44 30 42 31 36 30 36 41 44 56 00 00 10   ?~~D0B1606ADV~~~
3F 5A 75 3F 3F 00 15 44 30 42 31 20 20 20 41 44   ?Zu??~~D0B1   AD
56 00 09 50 3F 5A 75 3F 3F 00 1E 44 30 42 31 20   V~~P?Zu??~~D0B1 
20 20 4D 45 44 00 00 42 72 5A 75 3F 3F 00 23 44     MED~~BrZu??~#D
30 42 31 20 20 20 43 49 4D 00 09 4F 31 5A 75 3F   0B1   CIM~~O1Zu?
3F 00 09 44 30 42 32 20 20 20 39 39 39 00 00 49   ?~~D0B2   999~~I
3F 5A 75 3F 3F 00 23 44 30 42 31 20 20 20 50 33   ?Zu??~#D0B1   P3
30 00 09 50 3F 5A 75 3F 3F 00 30 44 30 42 31 20   0~~P?Zu??~0D0B1 
20 20 34 38 30 00 00 39 3F 5A 75 3F 3F 00 3F 44     480~~9?Zu??~?D
30 45 31 20 20 20 43 4F 4D 00 00 30 39 5A 75 3F   0E1   COM~~09Zu?
3F 00 32 44 30 42 31 20 20 20 50 30 32 00 00 10   ?~2D0B1   P02~~~
3F 5A 75 3F 3F 00 2E 44 30 42 31 20 20 20 4D 45   ?Zu??~.D0B1   ME
44 00 00 10 3F 5A 75 3F 3F 00 31 44 30 42 31 20   D~~~?Zu??~1D0B1 
20 20 4D 45 44 00 00 4B 1F 5A 75 3F 3F 00 20 44     MED~~K~Zu??~ D
30 42 32 20 20 20 54 48 53 00 00 3E 10 5A 75 3F   0B2   THS~~>~Zu?
3F 00 12 44 30 42 31 20 20 20 43 48 4E 00 00 58   ?~~D0B1   CHN~~X
3F 5A 75 3F 3F 00 39 44 30 42 31 20 20 20 36 33   ?Zu??~9D0B1   63
33 00 00 12 4A 5A 75 3F 3F 01 3D 44 30 42 31 20   3~~~JZu??~=D0B1 
20 20 43 4E 20 00 00 3C 3F 5A 75 3F 3F 00 75 44     CN ~~<?Zu??~uD
30 42 31 20 20 20 30 33 32 00 00 4C 3F 5A 75 3F   0B1   032~~L?Zu?
3F 00 41 44 30 42 31 45 37 20 30 31 39 00 09 51   ?~AD0B1E7 019~~Q
1F 5A 75 3F 3F 00 13 44 30 42 31 31 33 20 41 44   ~Zu??~~D0B113 AD
56 00 00 2E 73 5A 75 3F 3F 00 13 44 30 42 31 20   V~~.sZu??~~D0B1 
20 20 20 20 20 00 00 4E 3F 5A 75 3F 3F 00 16 44        ~~N?Zu??~~D
30 42 31 37 35 20 49 52 58 00 00 10 3F 5A 75 3F   0B175 IRX~~~?Zu?
3F 00 1E 44 30 42 31 20 20 20 41 44 56 00 00 10   ?~~D0B1   ADV~~~
3F 5A 75 3F 3F 00 21 44 30 42 31 20 20 20 4D 45   ?Zu??~!D0B1   ME
44 00 09 4E 3F 5A 75 3F 3F 00 1A 44 30 42 31 36   D~~N?Zu??~~D0B16
39 20 50 45 55 00 09 4E 3F 5A 75 3F 3F 00 47 44   9 PEU~~N?Zu??~GD
30 42 31 37 30 20 43 54 52 00 00 4B 50 5A 75 3F   0B170 CTR~~KPZu?
3F 01 10 44 30 42 31 20 20 20 54 48 53 00 00 2D   ?~~D0B1   THS~~-
3F 5A 75 3F 3F 00 06 44 30 45 31 30 37 20 32 32   ?Zu??~~D0E107 22
32 00 00 45 3F 5A 75 3F 3F 00 61 44 30 42 31 37   2~~E?Zu??~aD0B17
39 20 49 4C 50 00 09 4F 31 5A 75 3F 3F 00 1E 44   9 ILP~~O1Zu??~~D
30 42 31 20 20 20 39 39 39 00 00 3C 3F 5A 75 3F   0B1   999~~<?Zu?
3F 00 24 44 30 42 31 20 20 20 30 33 32 00 00 10   ?~$D0B1   032~~~
3F 5A 75 3F 3F 00 27 44 30 42 31 37 39 20 4D 45   ?Zu??~'D0B179 ME
44 00 00 10 3F 5A 75 3F 3F 00 24 44 30 42 31 20   D~~~?Zu??~$D0B1 
20 20 41 44 56 00 00 10 3F 5A 75 3F 3F 00 19 44     ADV~~~?Zu??~~D
30 42 31 37 39 20 4D 45 44 00 09 4E 3F 5A 75 3F   0B179 MED~~N?Zu?
3F 00 2B 44 30 42 31 20 20 20 4D 45 44 00 00 4E   ?~+D0B1   MED~~N
69 5A 75 3F 3F 00 32 44 30 42 31 20 20 20 53 59   iZu??~2D0B1   SY
53 00 00 10 3F 5A 75 3F 3F 00 17 44 30 42 31 37   S~~~?Zu??~~D0B17
37 20 4D 45 44 00 00 12 3F 5A 75 3F 3F 00 26 44   7 MED~~~?Zu??~&D
30 42 31 38 38 20 52 54 31 00 09 51 2A 5A 75 3F   0B188 RT1~~Q*Zu?
3F 00 3E 44 30 42 31 20 20 20 4E 56 54 00 00 12   ?~>D0B1   NVT~~~
3F 5A 75 3F 3F 00 10 44 30 45 31 34 31 20 53 59   ?Zu??~~D0E141 SY
32 00 00 06 11 5A 75 3F 3F 00 39 44 30 42 31 37   2~~~~Zu??~9D0B17
30 20 49 4E 4D 00 00 10 3F 5A 75 3F 3F 00 2B 44   0 INM~~~?Zu??~+D
30 42 31 38 38 20 4D 45 44 00 00 3C 3F 5A 75 3F   0B188 MED~~<?Zu?
3F 00 1F 44 30 42 31 20 20 20 30 33 32 00 00 10   ?~~D0B1   032~~~
3F 5A 75 3F 3F 00 20 44 30 42 31 37 39 20 4D 43   ?Zu??~ D0B179 MC
41 00 00 0F 3F 5A 75 3F 3F 00 1C 44 30 42 31 20   A~~~?Zu??~~D0B1 
20 20 50 30 32 00 09 4E 3F 5A 75 3F 3F 00 22 44     P02~~N?Zu??~"D
30 42 31 20 20 20 4D 45 44 00 00 10 3F 5A 75 3F   0B1   MED~~~?Zu?
3F 00 32 44 30 42 31 20 20 20 4D 45 44 00 00 10   ?~2D0B1   MED~~~
3F 5A 75 3F 3F 00 14 44 30 42 31 37 58 20 41 44   ?Zu??~~D0B17X AD
56 00 00 10 3F 5A 75 3F 3F 00 0C 44 30 42 31 32   V~~~?Zu??~~D0B12
31 20 4D 45 44 00 00 0F 12 5A 75 3F 3F 00 1A 44   1 MED~~~~Zu??~~D
30 42 31 20 20 20 4D 41 20 00 09 4E 3F 5A 75 3F   0B1   MA ~~N?Zu?
3F 00 16 44 30 42 31 35 30 20 49 52 58 00 00 00   ?~~D0B150 IRX~~~
36 5A 75 3F 3F 00 01 44 30 42 31 30 31 20 41 44   6Zu??~~D0B101 AD
56 00 00 58 3F 5A 75 3F 3F 00 12 44 30 42 32 20   V~~X?Zu??~~D0B2 
20 20 36 33 33 00 00 4B 1F 5A 75 3F 3F 00 7E 44     633~~K~Zu??~~D
30 42 31 20 20 20 54 48 53 00 09 4F 31 5A 75 3F   0B1   THS~~O1Zu?
3F 00 28 44 30 42 31 20 20 20 39 39 39 00 09 4E   ?~(D0B1   999~~N
3F 5A 75 3F 3F 00 07 44 30 42 31 38 35 20 4D 45   ?Zu??~~D0B185 ME
44 00 09 4E 3F 5A 75 3F 3F 00 16 44 30 42 31 37   D~~N?Zu??~~D0B17
30 20 43 54 52 00 00 47 38 5A 75 3F 3F 00 1F 44   0 CTR~~G8Zu??~~D
30 42 31 37 36 20 50 42 4D 00 09 4E 3F 5A 75 3F   0B176 PBM~~N?Zu?
3F 00 1A 44 30 42 31 20 20 20 20 20 20 00 00 3C   ?~~D0B1      ~~<
3F 5A 75 3F 3F 00 41 44 30 42 31 20 20 20 30 33   ?Zu??~AD0B1   03
32 00 09 50 3F 5A 75 3F 3F 00 32 44 30 42 31 41   2~~P?Zu??~2D0B1A
35 20 43 53 50 00 09 4E 3F 5A 75 3F 3F 00 26 44   5 CSP~~N?Zu??~&D
30 42 31 20 20 20 49 52 58 00 00 4B 1F 5A 75 3F   0B1   IRX~~K~Zu?
3F 00 3F 44 30 42 31 20 20 20 54 48 53 00 09 4F   ?~?D0B1   THS~~O
31 5A 75 3F 3F 00 32 44 30 42 31 20 20 20 39 39   1Zu??~2D0B1   99
39 00 00 06 11 5A 75 3F 3F 00 19 44 30 42 31 35   9~~~~Zu??~~D0B15
30 20 49 4E 4D 00 00 4E 3F 5A 75 3F 3F 00 25 44   0 INM~~N?Zu??~%D
30 42 31 39 32 35 49 53 20 00 00 10 3F 5A 75 3F   0B1925IS ~~~?Zu?
3F 00 07 44 30 42 32 20 20 20 4D 45 44 00 09 4E   ?~~D0B2   MED~~N
3F 5A 75 3F 3F 00 18 44 30 42 31 35 30 20 49 52   ?Zu??~~D0B150 IR
58 00 09 4E 3F 5A 75 3F 3F 00 0E 44 30 42 31 36   X~~N?Zu??~~D0B16
39 20 50 45 55 00 09 4F 31 5A 75 3F 3F 00 48 44   9 PEU~~O1Zu??~HD
30 42 31 20 20 20 39 39 39 00 00 10 3F 5A 75 3F   0B1   999~~~?Zu?
3F 00 1C 44 30 42 31 37 30 20 4D 45 44 00 00 5D   ?~~D0B170 MED~~]
48 5A 75 3F 3F 00 22 44 30 42 31 4E 31 20 4B 59   HZu??~"D0B1N1 KY
50 00 00 4B 1F 5A 75 3F 3F 00 2F 44 30 42 31 20   P~~K~Zu??~/D0B1 
20 20 54 48 53 00 00 26 09 5A 75 3F 3F 00 41 44     THS~~&~Zu??~AD
30 42 31 20 20 20 50 30 30 00 00 52 3F 5A 75 3F   0B1   P00~~R?Zu?
3F 00 3F 44 30 42 31 37 30 20 50 52 43 00 00 10   ?~?D0B170 PRC~~~
3F 5A 75 3F 00 00 13 44 30 42 31 35 32 20 4D 45   ?Zu?~~~D0B152 ME
44 00 00 10 3F 5A 75 3F 00 00 2B 44 30 42 31 20   D~~~?Zu?~~+D0B1 
20 20 4D 45 44 00 09 4F 31 5A 75 3F 00 00 27 44     MED~~O1Zu?~~'D
30 42 31 38 31 20 39 39 39 00 00 4B 1F 5A 75 3F   0B181 999~~K~Zu?
00 00 2B 44 30 42 32 20 20 20 54 48 53 00 00 4B   ~~+D0B2   THS~~K
50 5A 75 3F 00 01 2E 44 30 42 31 20 20 20 54 48   PZu?~~.D0B1   TH
53 00 00 10 3F 5A 75 3F 01 00 19 44 30 42 31 20   S~~~?Zu?~~~D0B1 
20 20 4D 45 44 00 00 10 3F 5A 75 3F 01 00 1D 44     MED~~~?Zu?~~~D
30 42 31 20 20 20 41 44 56 00 00 10 3F 5A 75 3F   0B1   ADV~~~?Zu?
01 00 1A 44 30 42 31 37 39 20 41 44 56 00 00 3C   ~~~D0B179 ADV~~<
3F 5A 75 3F 01 00 36 44 30 42 31 20 20 20 30 33   ?Zu?~~6D0B1   03
32 00 00 47 38 5A 75 3F 01 00 1D 44 30 42 31 20   2~~G8Zu?~~~D0B1 
20 20 50 42 4D 00 00 10 3F 5A 75 3F 02 00 13 44     PBM~~~?Zu?~~~D
30 42 31 38 38 20 4D 45 44 00 00 39 3F 5A 75 3F   0B188 MED~~9?Zu?
02 00 40 44 30 45 31 20 20 20 43 4F 4D 00 09 51   ~~@D0E1   COM~~Q
2E 5A 75 3F 02 00 3A 44 30 42 31 31 33 20 48 4D   .Zu?~~:D0B113 HM
43 00 00 00 36 5A 75 3F 02 00 01 44 30 42 31 30   C~~~6Zu?~~~D0B10
31 20 41 48 43 00 00 06 11 5A 75 3F 03 00 15 44   1 AHC~~~~Zu?~~~D
30 42 31 35 30 20 49 4E 4D 00 09 50 3F 5A 75 3F   0B150 INM~~P?Zu?
03 00 3B 44 30 42 31 20 20 20 43 53 50 00 00 4E   ~~;D0B1   CSP~~N
3F 5A 75 3F 03 00 35 44 30 42 31 20 20 20 49 53   ?Zu?~~5D0B1   IS
20 00 09 29 6C 5A 75 3F 03 00 13 44 30 42 31 37    ~~)lZu?~~~D0B17
35 20 30 36 37 00 00 0F 12 5A 75 3F 03 00 1D 44   5 067~~~~Zu?~~~D
30 42 31 31 31 20 41 34 20 00 09 4F 31 5A 75 3F   0B111 A4 ~~O1Zu?
04 00 26 44 30 42 31 20 20 20 39 39 39 00 09 51   ~~&D0B1   999~~Q
2E 5A 75 3F 04 00 4B 44 30 42 31 39 38 30 48 4D   .Zu?~~KD0B1980HM
43 00 00 42 72 5A 75 3F 04 00 24 44 30 42 31 20   C~~BrZu?~~$D0B1 
20 20 30 32 31 00 00 06 11 5A 75 3F 04 00 3E 44     021~~~~Zu?~~>D
30 42 31 37 31 20 49 4E 4D 00 09 50 3F 5A 75 3F   0B171 INM~~P?Zu?
05 00 3D 44 30 42 31 20 20 20 43 53 50 00 00 10   ~~=D0B1   CSP~~~
3F 5A 75 3F 05 00 1B 44 30 42 31 37 39 20 4D 45   ?Zu?~~~D0B179 ME
44 00 00 15 3F 5A 75 3F 05 00 1F 44 30 42 31 20   D~~~?Zu?~~~D0B1 
20 20 4D 45 50 00 09 50 3F 5A 75 3F 05 00 13 44     MEP~~P?Zu?~~~D
30 42 31 20 20 20 4D 45 44 00 00 10 3F 5A 75 3F   0B1   MED~~~?Zu?
05 00 2B 44 30 42 31 20 20 20 41 44 56 00 00 10   ~~+D0B1   ADV~~~
3F 5A 75 3F 05 00 1B 44 30 42 31 20 20 20 41 44   ?Zu?~~~D0B1   AD
56 00 00 42 72 5A 75 3F 05 00 19 44 30 42 32 20   V~~BrZu?~~~D0B2 
20 20 43 49 4D 00 00 10 3F 5A 75 3F 05 00 30 44     CIM~~~?Zu?~~0D
30 42 31 20 20 20 37 37 39 00 00 2D 3F 5A 75 3F   0B1   779~~-?Zu?
06 00 05 44 30 45 31 35 32 20 32 32 32 00 00 10   ~~~D0E152 222~~~
3F 5A 75 3F 06 00 1B 44 30 42 31 20 20 20 4D 45   ?Zu?~~~D0B1   ME
44 00 09 4F 3F 5A 75 3F 06 00 1F 44 30 42 31 20   D~~O?Zu?~~~D0B1 
20 20 39 39 39 00 00 39 3F 5A 75 3F 06 00 1A 44     999~~9?Zu?~~~D
30 45 31 4D 36 20 43 4F 4D 00 00 26 09 5A 75 3F   0E1M6 COM~~&~Zu?
06 00 7A 44 30 42 31 20 20 20 50 30 30 00 00 12   ~~zD0B1   P00~~~
3F 5A 75 3F 07 00 0C 44 30 42 31 31 33 20 59 4A   ?Zu?~~~D0B113 YJ
39 00 00 12 3F 5A 75 3F 07 01 0C 44 30 42 31 33   9~~~?Zu?~~~D0B13
53 20 55 53 4D 00 09 4F 3F 5A 75 3F 07 00 20 44   S USM~~O?Zu?~~ D
30 42 31 20 20 20 39 39 39 00 00 10 3F 5A 75 3F   0B1   999~~~?Zu?
07 00 15 44 30 42 31 37 35 20 41 44 56 00 00 26   ~~~D0B175 ADV~~&
11 5A 75 3F 07 00 29 44 30 42 31 20 20 20 50 30   ~Zu?~~)D0B1   P0
30 00 00 39 42 5A 75 3F 07 00 55 44 30 42 31 20   0~~9BZu?~~UD0B1 
20 20 49 50 4D 00 00 10 3F 5A 75 3F 07 00 2D 44     IPM~~~?Zu?~~-D
30 42 31 31 56 20 4D 45 44 00 00 30 18 5A 75 3F   0B11V MED~~0~Zu?
07 00 64 44 30 42 31 20 20 20 50 41 52 00 09 4E   ~~dD0B1   PAR~~N
3F 5A 75 3F 07 00 13 44 30 42 31 47 39 20 4D 4E   ?Zu?~~~D0B1G9 MN
44 00 00 25 53 5A 75 3F 07 00 3F 44 30 42 31 37   D~~%SZu?~~?D0B17
30 20 4D 41 53 00 00 10 3F 5A 75 3F 07 00 1F 44   0 MAS~~~?Zu?~~~D
30 42 31 20 20 20 4D 45 44 00 09 4E 3F 5A 75 3F   0B1   MED~~N?Zu?
07 00 1F 44 30 42 31 20 20 20 4D 45 44 00 09 51   ~~~D0B1   MED~~Q
72 5A 75 3F 08 00 3F 44 30 42 31 20 20 20 41 42   rZu?~~?D0B1   AB
41 00 00 2D 3F 5A 75 3F 08 00 02 44 30 45 31 35   A~~-?Zu?~~~D0E15
32 20 32 32 32 00 09 4F 3F 5A 75 3F 08 00 18 44   2 222~~O?Zu?~~~D
30 42 31 20 20 20 39 39 39 00 00 2E 73 5A 75 3F   0B1   999~~.sZu?
08 00 12 44 30 42 31 20 20 20 48 54 57 00 09 4F   ~~~D0B1   HTW~~O
31 5A 75 3F 08 00 1A 44 30 42 31 20 20 20 39 39   1Zu?~~~D0B1   99
39 00 09 29 6C 5A 75 3F 09 00 1C 44 30 42 31 37   9~~)lZu?~~~D0B17
39 20 30 37 36 00 00 10 3F 5A 75 3F 09 00 27 44   9 076~~~?Zu?~~'D
30 42 31 20 20 20 4D 45 44 00 00 06 11 5A 75 3F   0B1   MED~~~~Zu?
09 00 1A 44 30 42 31 35 30 20 49 4E 4D 00 00 47   ~~~D0B150 INM~~G
38 5A 75 3F 09 00 26 44 30 42 31 36 35 20 50 42   8Zu?~~&D0B165 PB
4D 00 00 10 3F 5A 75 3F 09 00 0A 44 30 42 32 20   M~~~?Zu?~~~D0B2 
20 20 4D 45 44 00 00 10 3F 5A 75 3F 0A 00 13 44     MED~~~?Zu?~~~D
30 42 31 20 20 20 41 44 56 00 00 06 11 5A 75 3F   0B1   ADV~~~~Zu?
0A 00 41 44 30 42 31 35 30 20 49 4E 4D 00 09 4F   ~~AD0B150 INM~~O
31 5A 75 3F 0A 00 0A 44 30 42 31 38 32 20 39 39   1Zu?~~~D0B182 99
39 00 00 10 3F 5A 75 3F 0A 00 19 44 30 42 31 20   9~~~?Zu?~~~D0B1 
20 20 41 44 56 00 00 10 3F 5A 75 3F 0A 00 1C 44     ADV~~~?Zu?~~~D
30 42 31 20 20 20 4D 45 44 00 00 06 11 5A 75 3F   0B1   MED~~~~Zu?
0B 00 51 44 30 42 31 35 30 20 49 4E 4D 00 09 4F   ~~QD0B150 INM~~O
31 5A 75 3F 0B 00 0A 44 30 42 31 32 32 20 39 39   1Zu?~~~D0B122 99
39 00 09 50 3F 5A 75 3F 0B 00 1C 44 30 42 31 20   9~~P?Zu?~~~D0B1 
20 20 34 38 30 00 09 4F 31 5A 75 3F 0B 00 26 44     480~~O1Zu?~~&D
30 42 31 20 20 20 39 39 39 00 00 4B 50 5A 75 3F   0B1   999~~KPZu?
0C 00 3F 44 30 42 31 20 20 20 54 48 53 00 00 10   ~~?D0B1   THS~~~
3F 5A 75 3F 0C 00 1D 44 30 42 31 20 20 20 41 44   ?Zu?~~~D0B1   AD
56 00 00 3C 3F 5A 75 3F 0D 00 22 44 30 42 31 20   V~~<?Zu?~~"D0B1 
20 20 30 33 32 00 09 51 72 5A 75 3F 0D 00 4F 44     032~~QrZu?~~OD
30 42 31 20 20 20 41 42 41 00 09 51 72 5A 75 3F   0B1   ABA~~QrZu?
0D 00 54 44 30 42 31 20 20 20 41 42 41 00 00 10   ~~TD0B1   ABA~~~
3F 5A 75 3F 0D 00 1E 44 30 42 31 37 35 20 4D 43   ?Zu?~~~D0B175 MC
41 00 00 54 3F 5A 75 3F 0D 00 20 44 30 42 31 20   A~~T?Zu?~~ D0B1 
20 20 42 43 4C 00 00 10 3F 5A 75 3F 0D 00 16 44     BCL~~~?Zu?~~~D
30 42 31 37 30 20 4D 45 44 00 00 4B 50 5A 75 3F   0B170 MED~~KPZu?
0D 00 3F 44 30 42 31 20 20 20 54 48 53 00 09 4E   ~~?D0B1   THS~~N
3F 5A 75 3F 0E 00 67 44 30 42 31 20 20 20 20 20   ?Zu?~~gD0B1     
20 00 09 50 3F 5A 75 3F 0E 00 07 44 30 42 32 20    ~~P?Zu?~~~D0B2 
20 20 4D 45 44 00 09 4F 31 5A 75 3F 0E 00 23 44     MED~~O1Zu?~~#D
30 42 31 37 30 20 39 39 39 00 00 10 3F 5A 75 3F   0B170 999~~~?Zu?
0E 00 20 44 30 42 31 20 20 20 4D 43 41 00 09 4F   ~~ D0B1   MCA~~O
31 5A 75 3F 0E 00 36 44 30 42 31 20 20 20 39 39   1Zu?~~6D0B1   99
39 00 00 06 11 5A 75 3F 0F 00 16 44 30 42 31 35   9~~~~Zu?~~~D0B15
30 20 49 4E 4D 00 00 3C 3F 5A 75 3F 0F 00 23 44   0 INM~~<?Zu?~~#D
30 42 31 20 20 20 30 33 32 00 00 4E 3F 5A 75 3F   0B1   032~~N?Zu?
0F 00 20 44 30 42 31 20 20 20 41 43 20 00 00 10   ~~ D0B1   AC ~~~
3F 5A 75 3F 0F 00 1F 44 30 42 31 20 20 20 4D 45   ?Zu?~~~D0B1   ME
44 00 09 4F 31 5A 75 3F 0F 00 43 44 30 42 31 20   D~~O1Zu?~~CD0B1 
20 20 39 39 39 00 00 10 3F 5A 75 3F 0F 00 1A 44     999~~~?Zu?~~~D
30 42 31 20 20 20 41 44 56 00 00 2D 3F 5A 75 3F   0B1   ADV~~-?Zu?
10 00 0B 44 30 45 31 20 20 20 32 32 32 00 09 51   ~~~D0E1   222~~Q
2E 5A 75 3F 10 00 4A 44 30 42 31 20 20 20 48 4D   .Zu?~~JD0B1   HM
43 00 09 4F 31 5A 75 3F 10 00 15 44 30 42 32 20   C~~O1Zu?~~~D0B2 
20 20 39 39 39 00 00 3C 3F 5A 75 3F 10 00 6A 44     999~~<?Zu?~~jD
30 42 31 35 36 39 30 33 32 00 09 4F 31 5A 75 3F   0B1569032~~O1Zu?
10 00 47 44 30 42 31 37 35 20 39 39 39 00 00 4B   ~~GD0B175 999~~K
1F 5A 75 3F 10 00 3F 44 30 42 31 20 20 20 54 48   ~Zu?~~?D0B1   TH
53 00 00 10 3F 5A 75 3F 11 00 19 44 30 42 31 20   S~~~?Zu?~~~D0B1 
20 20 4D 45 44 00 00 10 3F 5A 75 3F 11 00 27 44     MED~~~?Zu?~~'D
30 42 31 20 20 20 41 44 56 00 00 58 3F 5A 75 3F   0B1   ADV~~X?Zu?
11 00 44 44 30 42 31 20 20 20 36 33 33 00 00 10   ~~DD0B1   633~~~
3F 5A 75 3F 11 00 1F 44 30 42 31 20 20 20 4D 43   ?Zu?~~~D0B1   MC
41 00 00 3C 3F 5A 75 3F 11 00 17 44 30 42 32 20   A~~<?Zu?~~~D0B2 
20 20 30 33 32 00 00 32 21 5A 75 3F 11 00 34 44     032~~2!Zu?~~4D
30 42 31 37 30 20 46 4C 42 00 09 51 2E 5A 75 3F   0B170 FLB~~Q.Zu?
11 00 39 44 30 42 31 20 20 20 48 4D 43 00 00 10   ~~9D0B1   HMC~~~
3F 5A 75 3F 12 00 0A 44 30 42 31 38 32 20 41 44   ?Zu?~~~D0B182 AD
56 00 00 10 3F 5A 75 3F 12 00 18 44 30 42 31 37   V~~~?Zu?~~~D0B17
39 20 41 44 56 00 00 10 3F 5A 75 3F 12 00 41 44   9 ADV~~~?Zu?~~AD
30 42 31 20 20 20 4D 43 41 00 00 0E 01 5A 75 3F   0B1   MCA~~~~Zu?
12 00 6A 44 30 42 31 37 35 20 32 34 30 00 00 3C   ~~jD0B175 240~~<
3F 5A 75 3F 12 00 3F 44 30 42 31 20 20 20 30 33   ?Zu?~~?D0B1   03
32 00 09 4E 3F 5A 75 3F 13 00 26 44 30 42 31 37   2~~N?Zu?~~&D0B17
39 20 4D 45 44 00 00 17 3B 5A 75 3F 13 00 0D 44   9 MED~~~;Zu?~~~D
30 42 31 20 20 20 43 4C 41 00 00 06 11 5A 75 3F   0B1   CLA~~~~Zu?
13 00 15 44 30 42 31 35 30 20 49 4E 4D 00 00 0F   ~~~D0B150 INM~~~
12 5A 75 3F 14 00 0E 44 30 42 31 31 33 20 41 34   ~Zu?~~~D0B113 A4
20 00 09 4E 3F 5A 75 3F 14 00 13 44 30 42 31 47    ~~N?Zu?~~~D0B1G
39 20 4D 45 44 00 00 10 3F 5A 75 3F 14 00 21 44   9 MED~~~?Zu?~~!D
30 42 31 20 20 20 41 44 56 00 09 4F 31 5A 75 3F   0B1   ADV~~O1Zu?
14 00 2B 44 30 42 31 20 20 20 39 39 39 00 09 4F   ~~+D0B1   999~~O
31 5A 75 3F 15 00 26 44 30 42 31 20 20 20 39 39   1Zu?~~&D0B1   99
39 00 00 10 3F 5A 75 3F 15 00 1C 44 30 42 31 20   9~~~?Zu?~~~D0B1 
20 20 4D 43 41 00 00 10 3F 5A 75 3F 15 00 19 44     MCA~~~?Zu?~~~D
30 42 31 20 20 20 41 44 56 00 09 4F 31 5A 75 3F   0B1   ADV~~O1Zu?
15 00 25 44 30 42 31 37 30 20 39 39 39 00 00 4B   ~~%D0B170 999~~K
50 5A 75 3F 15 00 3F 44 30 42 31 20 20 20 54 48   PZu?~~?D0B1   TH
53 00 00 5E 3F 5A 75 3F 15 00 07 44 30 42 31 38   S~~^?Zu?~~~D0B18
35 20 4F 48 52 00 00 3D 3F 5A 75 3F 15 00 0E 44   5 OHR~~=?Zu?~~~D
30 42 31 37 30 20 4F 48 50 00 09 4E 3F 5A 75 3F   0B170 OHP~~N?Zu?
16 00 32 44 30 42 31 37 35 20 43 54 52 00 09 51   ~~2D0B175 CTR~~Q
2E 5A 75 3F 16 00 3D 44 30 42 31 20 20 20 48 4D   .Zu?~~=D0B1   HM
43 00 09 4F 31 5A 75 3F 16 00 25 44 30 42 31 37   C~~O1Zu?~~%D0B17
39 20 39 39 39 00 09 4F 31 5A 75 3F 16 00 30 44   9 999~~O1Zu?~~0D
30 42 31 20 20 20 39 39 39 00 00 0F 12 5A 75 3F   0B1   999~~~~Zu?
17 00 41 44 30 42 31 20 20 20 41 34 20 00 00 10   ~~AD0B1   A4 ~~~
3F 5A 75 3F 17 00 13 44 30 42 31 20 20 20 41 44   ?Zu?~~~D0B1   AD
56 00 00 10 3F 5A 75 3F 17 00 25 44 30 42 31 20   V~~~?Zu?~~%D0B1 
20 20 41 44 56 00 00 12 3F 5A 75 3F 18 00 3F 44     ADV~~~?Zu?~~?D
30 42 31 20 20 20 59 4C 4A 00 00 10 3F 5A 75 3F   0B1   YLJ~~~?Zu?
18 00 33 44 30 42 31 20 20 20 4D 45 44 00 09 4F   ~~3D0B1   MED~~O
31 5A 75 3F 18 00 2D 44 30 42 31 20 20 20 39 39   1Zu?~~-D0B1   99
39 00 00 3C 3F 5A 75 3F 18 00 29 44 30 42 31 20   9~~<?Zu?~~)D0B1 
20 20 30 35 34 00 00 4C 3F 5A 75 3F 19 00 5F 44     054~~L?Zu?~~_D
30 42 31 37 39 20 30 37 36 00 00 10 3F 5A 75 3F   0B179 076~~~?Zu?
19 00 15 44 30 42 31 20 20 20 4D 45 44 00 09 51   ~~~D0B1   MED~~Q
72 5A 75 3F 19 00 58 44 30 42 31 20 20 20 41 42   rZu?~~XD0B1   AB
41 00 00 10 3F 5A 75 3F 19 00 1C 44 30 42 31 20   A~~~?Zu?~~~D0B1 
20 20 4D 45 44 00 00 10 3F 5A 75 3F 19 00 16 44     MED~~~?Zu?~~~D
30 42 31 45 37 20 4D 43 41 00 09 4F 31 5A 75 3F   0B1E7 MCA~~O1Zu?
19 00 24 44 30 42 31 20 20 20 39 39 39 00 00 3D   ~~$D0B1   999~~=
3F 5A 75 3F 19 00 0F 44 30 42 31 41 46 20 4F 48   ?Zu?~~~D0B1AF OH
50 00 00 3C 3F 5A 75 3F 19 00 15 44 30 42 31 36   P~~<?Zu?~~~D0B16
39 20 41 53 50 00 09 4F 31 5A 75 3F 1A 00 33 44   9 ASP~~O1Zu?~~3D
30 42 31 20 20 20 39 39 39 00 00 3C 3F 5A 75 3F   0B1   999~~<?Zu?
1A 00 3A 44 30 42 31 20 20 20 41 53 50 00 00 2D   ~~:D0B1   ASP~~-
3F 5A 75 3F 1A 00 09 44 30 45 31 20 20 20 32 32   ?Zu?~~~D0E1   22
32 00 09 51 1F 5A 75 3F 1A 00 0E 44 30 42 32 20   2~~Q~Zu?~~~D0B2 
20 20 41 44 56 00 09 50 3F 5A 75 3F 1A 01 41 44     ADV~~P?Zu?~~AD
30 42 31 39 34 33 48 4D 48 00 00 10 3F 5A 75 3F   0B1943HMH~~~?Zu?
1A 00 23 44 30 42 31 20 20 20 41 44 56 00 00 10   ~~#D0B1   ADV~~~
3F 5A 75 3F 1A 00 2D 44 30 42 31 20 20 20 41 44   ?Zu?~~-D0B1   AD
56 00 09 4F 31 5A 75 3F 1B 00 0B 44 30 42 31 4E   V~~O1Zu?~~~D0B1N
4E 20 39 39 39 00 00 17 3B 5A 75 3F 1C 00 3F 44   N 999~~~;Zu?~~?D
30 42 31 20 20 20 43 4C 41 00 09 50 3F 5A 75 3F   0B1   CLA~~P?Zu?
1C 00 14 44 30 42 31 20 20 20 4D 45 44 00 00 17   ~~~D0B1   MED~~~
3B 5A 75 3F 1D 00 1E 44 30 42 31 37 37 20 43 4C   ;Zu?~~~D0B177 CL
41 00 00 4D 3F 5A 75 3F 1D 00 2A 44 30 42 31 20   A~~M?Zu?~~*D0B1 
20 20 43 48 49 00 09 3F 45 5A 75 3F 1D 00 3F 44     CHI~~?EZu?~~?D
30 42 32 20 20 20 43 52 58 00 00 58 3F 5A 75 3F   0B2   CRX~~X?Zu?
1D 00 59 44 30 42 31 20 20 20 36 33 33 00 00 5E   ~~YD0B1   633~~^
3F 5A 75 3F 1D 00 52 44 30 42 31 20 20 20 4F 48   ?Zu?~~RD0B1   OH
52 00 00 10 3F 5A 75 3F 1D 00 15 44 30 42 32 20   R~~~?Zu?~~~D0B2 
20 20 4D 45 44 00 00 10 3F 5A 75 3F 1E 00 26 44     MED~~~?Zu?~~&D
30 42 31 38 38 39 41 44 56 00 09 50 3F 5A 75 3F   0B1889ADV~~P?Zu?
1E 00 2C 44 30 42 31 33 39 20 39 39 39 00 00 10   ~~,D0B139 999~~~
3F 5A 75 3F 1E 00 1C 44 30 42 32 20 20 20 37 37   ?Zu?~~~D0B2   77
39 00 00 56 3F 5A 75 3F 1E 00 3F 44 30 42 31 20   9~~V?Zu?~~?D0B1 
20 20 50 53 54 00 00 0F 12 5A 75 3F 1E 00 17 44     PST~~~~Zu?~~~D
30 42 31 20 20 20 41 34 20 00 09 51 72 5A 75 3F   0B1   A4 ~~QrZu?
1F 00 35 44 30 42 31 37 39 20 41 42 41 00 00 2D   ~~5D0B179 ABA~~-
3F 5A 75 3F 1F 00 09 44 30 45 31 20 20 20 32 32   ?Zu?~~~D0E1   22
32 00 00 17 3B 5A 75 3F 1F 00 13 44 30 42 31 20   2~~~;Zu?~~~D0B1 
20 20 43 4C 41 00 00 10 3F 5A 75 3F 1F 00 1D 44     CLA~~~?Zu?~~~D
30 42 31 20 20 20 41 44 56 00 09 4F 31 5A 75 3F   0B1   ADV~~O1Zu?
1F 00 23 44 30 42 31 20 20 20 39 39 39 00 09 50   ~~#D0B1   999~~P
3F 5A 75 3F 20 00 23 44 30 42 32 20 20 20 30 30   ?Zu? ~#D0B2   00
36 00 00 3C 3F 5A 75 3F 20 00 24 44 30 42 31 20   6~~<?Zu? ~$D0B1 
20 20 30 33 32 00 00 06 11 5A 75 3F 20 00 3F 44     032~~~~Zu? ~?D
30 42 31 38 38 20 49 4E 4D 00 00 3E 10 5A 75 3F   0B188 INM~~>~Zu?
20 00 1C 44 30 42 31 20 20 20 55 4B 59 00 09 4E    ~~D0B1   UKY~~N
3F 5A 75 3F 20 00 4E 44 30 42 31 31 33 20 50 44   ?Zu? ~ND0B113 PD
4D 00 09 50 3F 5A 75 3F 21 00 05 44 30 42 32 33   M~~P?Zu?!~~D0B23
31 20 4D 45 44 00 00 10 3F 5A 75 3F 21 00 08 44   1 MED~~~?Zu?!~~D
30 42 31 32 32 20 4D 45 44 00 00 39 3F 5A 75 3F   0B122 MED~~9?Zu?
21 00 1C 44 30 45 31 4D 36 20 43 4F 4D 00 00 3C   !~~D0E1M6 COM~~<
3F 5A 75 3F 21 00 24 44 30 42 31 20 20 20 30 33   ?Zu?!~$D0B1   03
32 00 00 10 3F 5A 75 3F 21 00 11 44 30 42 31 30   2~~~?Zu?!~~D0B10
39 20 41 44 56 00 00 39 3F 5A 75 3F 22 00 2D 44   9 ADV~~9?Zu?"~-D
30 45 31 4D 36 20 43 4F 4D 00 00 06 11 5A 75 3F   0E1M6 COM~~~~Zu?
22 00 1B 44 30 42 31 20 20 20 47 41 4D 00 09 50   "~~D0B1   GAM~~P
3F 5A 75 3F 22 00 20 44 30 42 31 38 38 20 34 38   ?Zu?"~ D0B188 48
30 00 09 50 3F 5A 75 3F 23 00 22 44 30 42 31 37   0~~P?Zu?#~"D0B17
37 20 4D 45 44 00 00 10 3F 5A 75 3F 23 00 1A 44   7 MED~~~?Zu?#~~D
30 42 31 20 20 20 4D 45 44 00 00 40 73 5A 75 3F   0B1   MED~~@sZu?
23 00 3F 44 30 42 31 31 33 20 48 5A 52 00 00 5E   #~?D0B113 HZR~~^
3F 5A 75 3F 23 00 17 44 30 42 32 20 20 20 4F 48   ?Zu?#~~D0B2   OH
52 00 00 0F 12 5A 75 3F 24 00 29 44 30 42 31 34   R~~~~Zu?$~)D0B14
31 20 41 34 20 00 00 29 53 5A 75 3F 24 00 47 44   1 A4 ~~)SZu?$~GD
30 42 31 20 20 20 4F 4B 41 00 00 58 3F 5A 75 3F   0B1   OKA~~X?Zu?
24 00 5F 44 30 42 31 38 38 20 36 33 33 00 09 50   $~_D0B188 633~~P
3F 5A 75 3F 24 00 1E 44 30 42 31 20 20 20 30 30   ?Zu?$~~D0B1   00
36 00 00 42 72 5A 75 3F 24 00 22 44 30 42 31 37   6~~BrZu?$~"D0B17
39 20 43 49 4D 00 00 06 11 5A 75 3F 24 00 25 44   9 CIM~~~~Zu?$~%D
30 42 31 20 20 20 47 41 4D 00 00 42 72 5A 75 3F   0B1   GAM~~BrZu?
24 00 2D 44 30 42 31 20 20 20 43 49 4D 00 09 4F   $~-D0B1   CIM~~O
31 5A 75 3F 24 00 0C 44 30 42 32 20 20 20 39 39   1Zu?$~~D0B2   99
39 00 09 4F 31 5A 75 3F 25 00 12 44 30 42 31 43   9~~O1Zu?%~~D0B1C
42 20 39 39 39 00 09 4F 4F 5A 75 3F 25 00 3F 44   B 999~~OOZu?%~?D
30 42 32 20 20 20 30 31 39 00 09 4E 3F 5A 75 3F   0B2   019~~N?Zu?
25 00 1B 44 30 42 31 20 20 20 49 52 58 00 00 3C   %~~D0B1   IRX~~<
3F 5A 75 3F 25 00 15 44 30 42 31 4E 52 20 30 33   ?Zu?%~~D0B1NR 03
32 00 00 10 3F 5A 75 3F 25 00 24 44 30 42 31 20   2~~~?Zu?%~$D0B1 
20 20 4D 45 44 00 09 4E 3F 5A 75 3F 25 00 2C 44     MED~~N?Zu?%~,D
30 42 31 20 20 20 49 52 58 00 00 10 3F 5A 75 3F   0B1   IRX~~~?Zu?
26 00 23 44 30 42 31 20 20 20 4D 45 44 00 00 5D   &~#D0B1   MED~~]
48 5A 75 3F 26 00 11 44 30 42 32 20 20 20 4B 59   HZu?&~~D0B2   KY
50 00 00 10 3F 5A 75 3F 26 00 0C 44 30 42 32 20   P~~~?Zu?&~~D0B2 
20 20 41 44 56 00 00 4B 50 5A 75 3F 26 00 3F 44     ADV~~KPZu?&~?D
30 42 32 20 20 20 54 48 53 00 00 10 3F 5A 75 3F   0B2   THS~~~?Zu?
26 00 1B 44 30 42 31 37 35 20 4D 43 41 00 00 06   &~~D0B175 MCA~~~
11 5A 75 3F 27 00 63 44 30 42 31 38 38 20 49 4E   ~Zu?'~cD0B188 IN
4D 00 00 3E 10 5A 75 3F 27 00 12 44 30 42 31 20   M~~>~Zu?'~~D0B1 
20 20 4D 49 44 00 09 50 3F 5A 75 3F 27 00 1D 44     MID~~P?Zu?'~~D
30 42 31 20 20 20 30 30 36 00 00 44 3F 5A 75 3F   0B1   006~~D?Zu?
28 00 43 44 30 42 31 20 20 20 50 30 32 00 00 45   (~CD0B1   P02~~E
3F 5A 75 3F 28 00 13 44 30 42 31 38 38 20 56 54   ?Zu?(~~D0B188 VT
50 00 00 10 3F 5A 75 3F 28 00 29 44 30 42 31 20   P~~~?Zu?(~)D0B1 
20 20 41 44 56 00 09 4E 3F 5A 75 3F 28 00 19 44     ADV~~N?Zu?(~~D
30 42 31 20 20 20 4D 45 44 00 00 2D 20 5A 75 3F   0B1   MED~~- Zu?
28 00 31 44 30 42 31 20 20 20 42 43 54 00 00 31   (~1D0B1   BCT~~1
5B 5A 75 3F 29 00 1D 44 30 42 31 37 39 20 56 35   [Zu?)~~D0B179 V5
48 00 00 10 3F 5A 75 3F 29 00 20 44 30 42 31 20   H~~~?Zu?)~ D0B1 
20 20 41 44 56 00 00 10 3F 5A 75 3F 29 00 30 44     ADV~~~?Zu?)~0D
30 42 31 37 30 20 4D 45 44 00 09 51 3F 5A 75 3F   0B170 MED~~Q?Zu?
2A 00 27 44 30 42 31 20 20 20 20 20 20 00 00 0F   *~'D0B1      ~~~
12 5A 75 3F 2A 00 15 44 30 42 31 37 39 20 41 34   ~Zu?*~~D0B179 A4
20 00 09 51 72 5A 75 3F 2A 00 3F 44 30 42 31 20    ~~QrZu?*~?D0B1 
20 20 41 42 41 00 00 3C 3F 5A 75 3F 2A 00 42 44     ABA~~<?Zu?*~BD
30 42 31 20 20 20 30 33 32 00 09 50 3F 5A 75 3F   0B1   032~~P?Zu?
2A 00 49 44 30 42 31 20 20 20 4E 44 43 00 09 29   *~ID0B1   NDC~~)
6C 5A 75 3F 2A 00 1C 44 30 42 31 20 20 20 30 36   lZu?*~~D0B1   06
32 00 00 47 38 5A 75 3F 2A 00 29 44 30 42 31 36   2~~G8Zu?*~)D0B16
35 20 50 42 4D 00 00 3E 21 5A 75 3F 2A 01 38 44   5 PBM~~>!Zu?*~8D
30 42 31 20 20 20 20 20 20 00 09 51 72 5A 75 3F   0B1      ~~QrZu?
2A 00 47 44 30 42 31 37 39 20 41 42 41 00 00 10   *~GD0B179 ABA~~~
3F 5A 75 3F 2B 00 1D 44 30 42 31 20 20 20 41 44   ?Zu?+~~D0B1   AD
56 00 00 13 33 5A 75 3F 2B 00 2A 44 30 42 31 37   V~~~3Zu?+~*D0B17
30 20 20 20 20 00 00 3C 3F 5A 75 3F 2B 00 3A 44   0    ~~<?Zu?+~:D
30 42 31 20 20 20 41 53 50 00 00 32 3F 5A 75 3F   0B1   ASP~~2?Zu?
2B 00 03 44 30 42 31 20 20 20 49 50 43 00 00 4B   +~~D0B1   IPC~~K
50 5A 75 3F 2B 00 3F 44 30 42 31 20 20 20 54 48   PZu?+~?D0B1   TH
53 00 00 10 3F 5A 75 3F 2B 00 21 44 30 42 31 37   S~~~?Zu?+~!D0B17
39 20 4D 45 44 00 00 10 3F 5A 75 3F 2C 00 2D 44   9 MED~~~?Zu?,~-D
30 42 31 20 20 20 4D 45 44 00 09 51 2A 5A 75 3F   0B1   MED~~Q*Zu?
2C 00 4A 44 30 42 31 20 20 20 4E 56 54 00 09 4E   ,~JD0B1   NVT~~N
3F 5A 75 3F 2C 00 1C 44 30 42 31 38 38 20 49 52   ?Zu?,~~D0B188 IR
58 00 09 4E 3F 5A 75 3F 2C 00 1B 44 30 42 31 37   X~~N?Zu?,~~D0B17
30 20 43 4F 42 00 00 4A 3F 5A 75 3F 2C 00 27 44   0 COB~~J?Zu?,~'D
30 42 31 37 38 20 43 4E 52 00 09 50 3F 5A 75 3F   0B178 CNR~~P?Zu?
2C 00 26 44 30 42 31 20 20 20 39 39 39 00 00 10   ,~&D0B1   999~~~
3F 5A 75 3F 2D 00 25 44 30 42 31 20 20 20 4D 45   ?Zu?-~%D0B1   ME
44 00 06 1A 3F 5A 75 3F 2D 00 2D 44 30 42 31 20   D~~~?Zu?-~-D0B1 
20 20 30 30 32 00 00 3C 3F 5A 75 3F 2E 00 26 44     002~~<?Zu?.~&D
30 42 31 20 20 20 30 33 32 00 00 39 3F 5A 75 3F   0B1   032~~9?Zu?
2E 00 58 44 30 45 31 20 20 20 43 4F 4D 00 00 10   .~XD0E1   COM~~~
3F 5A 75 3F 2E 00 31 44 30 42 31 37 36 20 41 44   ?Zu?.~1D0B176 AD
56 00 00 45 3F 5A 75 3F 2E 00 10 44 30 42 31 32   V~~E?Zu?.~~D0B12
31 20 56 54 50 00 00 4B 50 5A 75 3F 2E 01 3F 44   1 VTP~~KPZu?.~?D
30 42 31 20 20 20 54 48 53 00 00 39 3F 5A 75 3F   0B1   THS~~9?Zu?
2E 00 30 44 30 45 31 20 20 20 43 4F 4D 00 09 4F   .~0D0E1   COM~~O
31 5A 75 3F 2E 00 24 44 30 42 31 20 20 20 39 39   1Zu?.~$D0B1   99
39 00 00 45 3F 5A 75 3F 2E 00 11 44 30 42 31 37   9~~E?Zu?.~~D0B17
30 20 56 54 50 00 09 4F 31 5A 75 3F 2E 00 21 44   0 VTP~~O1Zu?.~!D
30 42 31 20 20 20 39 39 39 00 09 4F 3F 5A 75 3F   0B1   999~~O?Zu?
2F 00 28 44 30 42 31 37 30 20 39 39 39 00 09 4F   /~(D0B170 999~~O
31 5A 75 3F 2F 00 0C 44 30 42 31 31 39 20 39 39   1Zu?/~~D0B119 99
39 00 09 51 1F 5A 75 3F 2F 00 1F 44 30 42 31 20   9~~Q~Zu?/~~D0B1 
20 20 41 44 56 00 09 4F 31 5A 75 3F 2F 00 2D 44     ADV~~O1Zu?/~-D
30 42 31 37 39 20 39 39 39 00 00 3E 10 5A 75 3F   0B179 999~~>~Zu?
2F 00 11 44 30 42 31 20 20 20 55 4B 59 00 00 10   /~~D0B1   UKY~~~
3F 5A 75 3F 2F 00 22 44 30 42 31 20 20 20 4D 43   ?Zu?/~"D0B1   MC
41 00 09 4E 3F 5A 75 3F 30 00 2B 44 30 42 31 36   A~~N?Zu?0~+D0B16
43 20 50 45 55 00 09 4E 3F 5A 75 3F 30 00 0B 44   C PEU~~N?Zu?0~~D
30 42 31 35 30 20 50 45 55 00 00 10 3F 5A 75 3F   0B150 PEU~~~?Zu?
31 00 1C 44 30 42 31 20 20 20 4D 45 44 00 00 3C   1~~D0B1   MED~~<
3F 5A 75 3F 31 00 20 44 30 42 31 20 20 20 30 33   ?Zu?1~ D0B1   03
32 00 09 51 2A 5A 75 3F 31 00 26 44 30 42 31 20   2~~Q*Zu?1~&D0B1 
20 20 4E 56 54 00 00 4B 50 5A 75 3F 31 00 3F 44     NVT~~KPZu?1~?D
30 42 31 20 20 20 54 48 53 00 00 42 08 5A 75 3F   0B1   THS~~B~Zu?
31 00 3F 44 30 42 31 20 20 20 53 42 39 00 09 50   1~?D0B1   SB9~~P
3F 5A 75 3F 31 00 17 44 30 42 31 37 39 20 4D 45   ?Zu?1~~D0B179 ME
44 00 00 4B 50 5A 75 3F 31 00 3F 44 30 42 31 20   D~~KPZu?1~?D0B1 
20 20 54 48 53 00 00 10 3F 5A 75 3F 32 00 0A 44     THS~~~?Zu?2~~D
30 42 32 20 20 20 4D 45 44 00 00 3C 3F 5A 75 3F   0B2   MED~~<?Zu?
32 00 5C 44 30 42 31 20 20 20 30 33 32 00 00 2D   2~\D0B1   032~~-
20 5A 75 3F 32 00 0F 44 30 42 31 32 32 20 42 43    Zu?2~~D0B122 BC
54 00 09 4F 31 5A 75 3F 32 00 1E 44 30 42 31 20   T~~O1Zu?2~~D0B1 
20 20 39 39 39 00 00 58 3F 5A 75 3F 33 00 0D 44     999~~X?Zu?3~~D
30 42 32 20 20 20 36 33 33 00 00 10 3F 5A 75 3F   0B2   633~~~?Zu?
33 00 2B 44 30 42 31 20 20 20 4D 45 44 00 09 50   3~+D0B1   MED~~P
3F 5A 75 3F 33 00 21 44 30 42 31 20 20 20 34 38   ?Zu?3~!D0B1   48
30 00 09 4F 31 5A 75 3F 33 00 34 44 30 42 31 20   0~~O1Zu?3~4D0B1 
20 20 39 39 39 00 00 4B 50 5A 75 3F 33 00 3F 44     999~~KPZu?3~?D
30 42 31 20 20 20 54 48 53 00 00 10 3F 5A 75 3F   0B1   THS~~~?Zu?
33 00 27 44 30 42 31 20 20 20 41 44 56 00 00 10   3~'D0B1   ADV~~~
3F 5A 75 3F 33 00 1C 44 30 42 31 20 20 20 4D 45   ?Zu?3~~D0B1   ME
44 00 00 0F 3F 5A 75 3F 33 00 10 44 30 42 31 20   D~~~?Zu?3~~D0B1 
20 20 50 30 32 00 00 4B 50 5A 75 3F 34 00 3F 44     P02~~KPZu?4~?D
30 42 31 20 20 20 54 48 53 00 00 10 3F 5A 75 3F   0B1   THS~~~?Zu?
34 00 27 44 30 42 31 20 20 20 4D 45 44 00 09 4F   4~'D0B1   MED~~O
31 5A 75 3F 34 00 25 44 30 42 31 20 20 20 39 39   1Zu?4~%D0B1   99
39 00 00 10 3F 5A 75 3F 34 00 45 44 30 42 31 20   9~~~?Zu?4~ED0B1 
20 20 4D 45 44 00 00 2E 73 5A 75 3F 34 00 1F 44     MED~~.sZu?4~~D
30 42 31 20 20 20 50 53 47 00 00 10 3F 5A 75 3F   0B1   PSG~~~?Zu?
34 00 33 44 30 42 31 20 20 20 41 44 56 00 00 4C   4~3D0B1   ADV~~L
3F 5A 75 3F 34 00 1D 44 30 42 32 20 20 20 30 36   ?Zu?4~~D0B2   06
32 00 09 4F 24 5A 75 3F 35 01 73 44 30 42 31 20   2~~O$Zu?5~sD0B1 
20 20 50 43 53 00 00 3C 3F 5A 75 3F 35 00 36 44     PCS~~<?Zu?5~6D
30 42 31 35 36 39 30 33 32 00 00 10 3F 5A 75 3F   0B1569032~~~?Zu?
35 00 07 44 30 42 32 20 20 20 4D 43 41 00 00 10   5~~D0B2   MCA~~~
3F 5A 75 3F 35 00 2C 44 30 42 31 20 20 20 4D 45   ?Zu?5~,D0B1   ME
44 00 00 3C 3F 5A 75 3F 35 00 59 44 30 42 31 20   D~~<?Zu?5~YD0B1 
20 20 41 53 50 00 00 42 72 5A 75 3F 35 00 0C 44     ASP~~BrZu?5~~D
30 42 32 20 20 20 43 49 4D 00 00 10 3F 5A 75 3F   0B2   CIM~~~?Zu?
35 00 24 44 30 42 31 37 30 20 4D 45 44 00 00 42   5~$D0B170 MED~~B
72 5A 75 3F 35 00 1C 44 30 42 31 20 20 20 43 49   rZu?5~~D0B1   CI
4D 00 00 3C 3F 5A 75 3F 36 00 18 44 30 42 31 20   M~~<?Zu?6~~D0B1 
20 20 30 33 32 00 00 10 3F 5A 75 3F 36 00 20 44     032~~~?Zu?6~ D
30 42 31 37 30 20 4D 45 44 00 00 3C 3F 5A 75 3F   0B170 MED~~<?Zu?
36 00 06 44 30 42 31 43 4D 20 30 35 34 00 09 4F   6~~D0B1CM 054~~O
31 5A 75 3F 36 00 0E 44 30 42 32 20 20 20 39 39   1Zu?6~~D0B2   99
39 00 09 4F 31 5A 75 3F 36 00 44 44 30 42 31 20   9~~O1Zu?6~DD0B1 
20 20 39 39 39 00 00 3C 3F 5A 75 3F 36 00 1E 44     999~~<?Zu?6~~D
30 42 31 20 20 20 30 33 32 00 00 3A 10 5A 75 3F   0B1   032~~:~Zu?
37 00 72 44 30 42 31 20 20 20 50 30 34 00 00 30   7~rD0B1   P04~~0
18 5A 75 3F 37 00 45 44 30 42 31 37 36 20 50 41   ~Zu?7~ED0B176 PA
52 00 00 49 31 5A 75 3F 37 00 41 44 30 42 31 20   R~~I1Zu?7~AD0B1 
20 20 4E 45 58 00 00 10 3F 5A 75 3F 37 00 1D 44     NEX~~~?Zu?7~~D
30 42 31 38 38 20 4D 45 44 00 00 0F 3F 5A 75 3F   0B188 MED~~~?Zu?
38 00 0D 44 30 42 32 20 20 20 50 30 32 00 00 58   8~~D0B2   P02~~X
3F 5A 75 3F 38 00 69 44 30 42 31 20 20 20 36 33   ?Zu?8~iD0B1   63
33 00 09 50 3F 5A 75 3F 38 00 72 44 30 42 31 39   3~~P?Zu?8~rD0B19
38 32 35 35 32 00 09 2D 14 5A 75 3F 39 00 3F 44   82552~~-~Zu?9~?D
30 42 31 38 38 20 44 52 4E 00 09 50 3F 5A 75 3F   0B188 DRN~~P?Zu?
39 00 58 44 30 42 31 39 38 32 35 35 32 00 00 06   9~XD0B1982552~~~
11 5A 75 3F 39 00 0E 44 30 42 32 20 20 20 47 41   ~Zu?9~~D0B2   GA
4D 00 09 4F 31 5A 75 3F 39 00 08 44 30 42 32 20   M~~O1Zu?9~~D0B2 
20 20 39 39 39 00 09 4E 3F 5A 75 3F 39 00 14 44     999~~N?Zu?9~~D
30 42 31 20 20 20 49 52 58 00 00 10 3F 5A 75 3F   0B1   IRX~~~?Zu?
39 00 20 44 30 42 31 38 38 20 4D 45 44 00 00 0F   9~ D0B188 MED~~~
12 5A 75 3F 3A 00 0C 44 30 42 31 45 46 20 41 34   ~Zu?:~~D0B1EF A4
20 00 00 10 3F 5A 75 3F 3A 00 13 44 30 42 32 20    ~~~?Zu?:~~D0B2 
20 20 41 44 56 00 09 29 6A 5A 75 3F 3A 00 3F 44     ADV~~)jZu?:~?D
30 42 31 48 42 20 35 34 20 00 00 0F 3F 5A 75 3F   0B1HB 54 ~~~?Zu?
3A 00 23 44 30 42 32 20 20 20 34 33 2D 00 00 4E   :~#D0B2   43-~~N
3F 5A 75 3F 3A 00 10 44 30 42 31 37 30 20 49 53   ?Zu?:~~D0B170 IS
20 00 09 4F 3F 5A 75 3F 3A 00 15 44 30 42 31 20    ~~O?Zu?:~~D0B1 
20 20 4F 50 30 00 00 2D 20 5A 75 3F 3B 00 3B 44     OP0~~- Zu?;~;D
30 42 31 20 20 20 42 43 54 00 09 50 3F 5A 75 3F   0B1   BCT~~P?Zu?
3B 00 15 44 30 42 32 20 20 20 4D 45 44 00 09 4F   ;~~D0B2   MED~~O
31 5A 75 3F 3B 00 1F 44 30 42 31 20 20 20 39 39   1Zu?;~~D0B1   99
39 00 00 0F 3F 5A 75 3F 3B 00 1A 44 30 42 31 37   9~~~?Zu?;~~D0B17
30 20 50 30 32 00 00 10 3F 5A 75 3F 3B 00 12 44   0 P02~~~?Zu?;~~D
30 42 31 37 30 20 4D 45 44 00 09 50 3F 5A 75 3F   0B170 MED~~P?Zu?
3C 00 1B 44 30 42 32 20 20 20 53 42 50 00 00 10   <~~D0B2   SBP~~~
3F 5A 75 3F 3C 00 26 44 30 42 31 20 20 20 41 44   ?Zu?<~&D0B1   AD
56 00 00 39 3F 5A 75 3F 3C 00 3F 44 30 45 31 20   V~~9?Zu?<~?D0E1 
20 20 43 4F 4D 00 00 58 3F 5A 75 3F 3C 00 40 44     COM~~X?Zu?<~@D
30 42 31 20 20 20 36 33 33 00 00 10 3F 5A 75 3F   0B1   633~~~?Zu?
3C 00 0A 44 30 42 32 20 20 20 4D 45 44 00 00 3C   <~~D0B2   MED~~<
3F 5A 75 3F 3C 00 6B 44 30 42 31 20 20 20 30 33   ?Zu?<~kD0B1   03
32 00 09 4F 31 5A 75 3F 3D 00 1D 44 30 42 31 37   2~~O1Zu?=~~D0B17
39 20 39 39 39 00 00 10 3F 5A 75 3F 3D 00 15 44   9 999~~~?Zu?=~~D
30 42 31 37 36 20 4D 45 44 00 00 3C 3F 5A 75 3F   0B176 MED~~<?Zu?
3D 00 48 44 30 42 31 20 20 20 30 33 32 00 09 29   =~HD0B1   032~~)
6A 5A 75 3F 3D 01 77 44 30 42 31 20 20 20 35 34   jZu?=~wD0B1   54
20 00 09 4F 31 5A 75 3F 3E 00 28 44 30 42 31 20    ~~O1Zu?>~(D0B1 
20 20 39 39 39 00 09 4F 31 5A 75 3F 3E 00 1A 44     999~~O1Zu?>~~D
30 42 31 20 20 20 39 39 39 00 09 4F 3F 5A 75 3F   0B1   999~~O?Zu?
3E 00 18 44 30 42 31 20 20 20 39 39 39 00 00 29   >~~D0B1   999~~)
53 5A 75 3F 3E 00 4C 44 30 42 31 20 20 20 4F 4B   SZu?>~LD0B1   OK
41 00 00 10 3F 5A 75 3F 3F 00 14 44 30 42 31 37   A~~~?Zu??~~D0B17
36 20 4D 45 44 00 00 3C 3F 5A 75 3F 3F 00 2A 44   6 MED~~<?Zu??~*D
30 42 32 20 20 20 30 33 32 00 00 4E 3F 5A 75 3F   0B2   032~~N?Zu?
3F 00 32 44 30 42 31 20 20 20 49 4E 20 00 00 10   ?~2D0B1   IN ~~~
3F 5A 75 3F 3F 00 29 44 30 42 31 20 20 20 4D 45   ?Zu??~)D0B1   ME
44 00 00 2D 20 5A 75 3F 40 00 2C 44 30 42 31 20   D~~- Zu?@~,D0B1 
20 20 49 4C 44 00 09 4E 3F 5A 75 3F 40 00 1B 44     ILD~~N?Zu?@~~D
30 42 31 37 58 20 20 20 20 00 09 50 3F 5A 75 3F   0B17X    ~~P?Zu?
40 00 36 44 30 42 31 20 20 20 53 42 50 00 09 50   @~6D0B1   SBP~~P
3F 5A 75 3F 40 00 0C 44 30 42 32 20 20 20 34 38   ?Zu?@~~D0B2   48
30 00 00 10 3F 5A 75 3F 40 00 23 44 30 42 31 20   0~~~?Zu?@~#D0B1 
20 20 41 44 56 00 00 10 3F 5A 75 3F 40 00 0E 44     ADV~~~?Zu?@~~D
30 42 31 37 37 20 4D 45 44 00 09 50 3F 5A 75 3F   0B177 MED~~P?Zu?
41 00 3F 44 30 42 31 37 35 20 42 43 42 00 00 3C   A~?D0B175 BCB~~<
3F 5A 75 3F 41 00 14 44 30 42 32 20 20 20 30 33   ?Zu?A~~D0B2   03
32 00 00 10 3F 5A 75 3F 41 00 22 44 30 42 31 36   2~~~?Zu?A~"D0B16
39 20 41 44 56 00 09 51 08 5A 75 3F 41 00 57 44   9 ADV~~Q~Zu?A~WD
30 42 31 20 20 20 44 52 58 00 00 3C 3F 5A 75 3F   0B1   DRX~~<?Zu?
41 00 1B 44 30 42 31 37 39 20 30 33 32 00 00 47   A~~D0B179 032~~G
3F 5A 75 3F 41 00 2C 44 30 42 32 20 20 20 4D 4E   ?Zu?A~,D0B2   MN
4D 00 00 0F 3F 5A 75 3F 42 00 10 44 30 42 31 20   M~~~?Zu?B~~D0B1 
20 20 50 30 32 00 09 4F 31 5A 75 3F 42 00 13 44     P02~~O1Zu?B~~D
30 42 31 36 39 20 39 39 39 00 00 10 3F 5A 75 3F   0B169 999~~~?Zu?
42 00 2F 44 30 42 31 37 36 20 41 44 56 00 00 60   B~/D0B176 ADV~~`
3F 5A 75 3F 42 00 46 44 30 42 31 37 39 20 47 52   ?Zu?B~FD0B179 GR
4E 00 09 29 6C 5A 75 3F 42 00 17 44 30 42 31 20   N~~)lZu?B~~D0B1 
20 20 30 37 36 00 00 3C 3F 5A 75 3F 42 00 0D 44     076~~<?Zu?B~~D
30 42 31 35 32 20 30 33 32 00 00 42 72 5A 75 3F   0B152 032~~BrZu?
43 00 0E 44 30 42 31 36 39 20 43 49 4D 00 00 2D   C~~D0B169 CIM~~-
3F 5A 75 3F 43 00 01 44 30 45 31 35 32 20 20 20   ?Zu?C~~D0E152   
20 00 09 4F 3F 5A 75 3F 43 00 07 44 30 42 32 20    ~~O?Zu?C~~D0B2 
20 20 4F 50 30 00 00 10 3F 5A 75 3F 43 00 11 44     OP0~~~?Zu?C~~D
30 42 31 20 20 20 41 44 56 00 09 4F 31 5A 75 3F   0B1   ADV~~O1Zu?
44 00 35 44 30 42 31 20 20 20 39 39 39 00 00 3C   D~5D0B1   999~~<
3F 5A 75 3F 44 00 3B 44 30 42 31 35 36 39 30 33   ?Zu?D~;D0B156903
32 00 09 4F 3F 5A 75 3F 45 00 0C 44 30 42 31 37   2~~O?Zu?E~~D0B17
36 20 4F 50 30 00 00 4E 3F 5A 75 3F 45 00 2F 44   6 OP0~~N?Zu?E~/D
30 42 31 20 20 20 49 53 20 00 00 10 3F 5A 75 3F   0B1   IS ~~~?Zu?
45 00 51 44 30 42 31 20 20 20 41 44 56 00 09 51   E~QD0B1   ADV~~Q
72 5A 75 3F 45 00 2D 44 30 42 32 20 20 20 41 42   rZu?E~-D0B2   AB
41 00 00 2D 09 5A 75 3F 45 00 09 44 30 42 32 20   A~~-~Zu?E~~D0B2 
20 20 50 30 32 00 00 49 3F 5A 75 3F 46 00 30 44     P02~~I?Zu?F~0D
30 42 31 20 20 20 45 4D 50 00 00 3C 3F 5A 75 3F   0B1   EMP~~<?Zu?
46 00 29 44 30 42 31 36 35 20 30 33 32 00 09 51   F~)D0B165 032~~Q
1F 5A 75 3F 47 00 1B 44 30 42 31 37 39 20 41 44   ~Zu?G~~D0B179 AD
56 00 06 1A 3F 5A 75 3F 47 00 1A 44 30 42 31 37   V~~~?Zu?G~~D0B17
39 20 30 31 30 00 00 4B 1F 5A 75 3F 47 00 39 44   9 010~~K~Zu?G~9D
30 42 31 20 20 20 54 48 53 00 00 12 3F 5A 75 3F   0B1   THS~~~?Zu?
47 00 3F 44 30 42 31 30 37 20 55 53 4D 00 00 17   G~?D0B107 USM~~~
3B 5A 75 3F 47 00 37 44 30 42 31 20 20 20 43 4C   ;Zu?G~7D0B1   CL
03                                                ~