
02 31 35 30 36 37 30 31 36 50 54 30 44 30 39 00   ~15067016PT0D09~
00 31 30 54 50 30 30 30 30 5A 58 31 34 45 4E 53   ~10TP0000ZX14ENS
53 1B 60 56 33 00 00 02 2F 02 2E 07 3F 00 02 00   S~`V3~~~/~.~?~~~
02 00 0D 00 29 00 2F 00 1D 00 00 00 23 55 3F 7A   ~~~~)~/~~~~~#U?z
3F 00 0A 00 32 00 00 1B 60 00 00 39 3F 5A 75 3F   ?~~~2~~~`~~9?Zu?
3F 00 12 44 30 45 31 4D 36 20 43 4F 4D 00 09 50   ?~~D0E1M6 COM~~P
3F 5A 75 3F 3F 00 4F 44 30 42 31 20 20 20 43 53   ?Zu??~OD0B1   CS
50 00 09 4F 24 5A 75 3F 3F 00 3F 44 30 42 31 20   P~~O$Zu??~?D0B1 
20 20 44 52 4D 00 00 19 3F 5A 75 3F 3F 00 01 44     DRM~~~?Zu??~~D
30 42 32 20 20 20 48 59 56 00 00 40 52 5A 75 3F   0B2   HYV~~@RZu?
3F 00 1B 44 30 42 32 20 20 20 53 43 44 00 00 27   ?~~D0B2   SCD~~'
3F 5A 75 3F 3F 00 06 44 30 42 31 20 20 20 50 50   ?Zu??~~D0B1   PP
52 00 00 3E 7B 5A 75 3F 3F 00 3F 44 30 42 31 20   R~~>{Zu??~?D0B1 
20 20 47 44 43 00 00 4C 3F 5A 75 3F 3F 00 33 44     GDC~~L?Zu??~3D
30 42 31 37 30 20 30 37 36 00 00 3E 31 5A 75 3F   0B170 076~~>1Zu?
3F 00 12 44 30 42 32 20 20 20 20 20 20 00 00 4E   ?~~D0B2      ~~N
3F 5A 75 3F 3F 00 17 44 30 42 31 20 20 20 49 53   ?Zu??~~D0B1   IS
20 00 00 10 3F 5A 75 3F 3F 00 25 44 30 42 31 20    ~~~?Zu??~%D0B1 
20 20 41 44 56 00 00 10 3F 5A 75 3F 3F 00 35 44     ADV~~~?Zu??~5D
30 42 31 20 20 20 4D 45 44 00 09 51 2A 5A 75 3F   0B1   MED~~Q*Zu?
3F 00 2B 44 30 42 32 20 20 20 4E 56 54 00 00 41   ?~+D0B2   NVT~~A
3F 5A 75 3F 3F 00 17 44 30 42 32 20 20 20 4D 48   ?Zu??~~D0B2   MH
49 00 00 58 3F 5A 75 3F 3F 00 3F 44 30 42 31 20   I~~X?Zu??~?D0B1 
20 20 36 33 33 00 09 4E 3F 5A 75 3F 3F 00 65 44     633~~N?Zu??~eD
30 42 31 20 20 20 4D 45 44 00 09 4F 31 5A 75 3F   0B1   MED~~O1Zu?
3F 00 2E 44 30 42 31 20 20 20 39 39 39 00 00 3C   ?~.D0B1   999~~<
3F 5A 75 3F 3F 00 0B 44 30 42 32 20 20 20 30 33   ?Zu??~~D0B2   03
32 00 09 50 4A 5A 75 3F 3F 00 3F 44 30 42 31 20   2~~PJZu??~?D0B1 
20 20 53 43 31 00 06 1A 3F 5A 75 3F 3F 00 3F 44     SC1~~~?Zu??~?D
30 42 31 20 20 20 30 30 32 00 09 4F 31 5A 75 3F   0B1   002~~O1Zu?
3F 00 13 44 30 42 32 20 20 20 39 39 39 00 00 42   ?~~D0B2   999~~B
72 5A 75 3F 3F 00 30 44 30 42 31 20 20 20 30 32   rZu??~0D0B1   02
31 00 00 37 3F 5A 75 3F 3F 00 17 44 30 42 32 20   1~~7?Zu??~~D0B2 
20 20 50 50 52 00 00 10 3F 5A 75 3F 3F 00 11 44     PPR~~~?Zu??~~D
30 42 32 20 20 20 41 44 56 00 00 10 3F 5A 75 3F   0B2   ADV~~~?Zu?
3F 00 29 44 30 42 31 37 30 20 4D 43 41 00 00 3E   ?~)D0B170 MCA~~>
7B 5A 75 3F 3F 02 3F 44 30 42 31 20 20 20 47 44   {Zu??~?D0B1   GD
43 00 00 10 3F 5A 75 3F 3F 00 0E 44 30 42 32 20   C~~~?Zu??~~D0B2 
20 20 4D 45 44 00 09 4F 31 5A 75 3F 3F 00 30 44     MED~~O1Zu??~0D
30 42 31 20 20 20 39 39 39 00 00 12 3F 5A 75 3F   0B1   999~~~?Zu?
3F 00 43 44 30 42 31 38 38 20 59 4A 4D 00 00 4E   ?~CD0B188 YJM~~N
3F 5A 75 3F 3F 00 1C 44 30 42 31 20 20 20 49 53   ?Zu??~~D0B1   IS
20 00 00 42 72 5A 75 3F 3F 00 4C 44 30 42 31 20    ~~BrZu??~LD0B1 
20 20 43 49 4D 00 09 52 24 5A 75 3F 3F 00 23 44     CIM~~R$Zu??~#D
30 42 32 20 20 20 43 48 4D 00 09 4F 31 5A 75 3F   0B2   CHM~~O1Zu?
3F 00 38 44 30 42 31 20 20 20 39 39 39 00 00 4D   ?~8D0B1   999~~M
3F 5A 75 3F 3F 00 3F 44 30 42 31 20 20 20 20 20   ?Zu??~?D0B1     
20 00 00 3C 3F 5A 75 3F 3F 00 31 44 30 42 31 20    ~~<?Zu??~1D0B1 
20 20 30 33 32 00 00 3C 3F 5A 75 3F 3F 00 2B 44     032~~<?Zu??~+D
30 42 31 20 20 20 30 33 32 00 00 42 72 5A 75 3F   0B1   032~~BrZu?
3F 00 3F 44 30 42 31 20 20 20 43 49 4D 00 00 49   ?~?D0B1   CIM~~I
3F 5A 75 3F 3F 01 10 44 30 42 31 36 47 20 33 46   ?Zu??~~D0B16G 3F
20 00 00 42 3F 5A 75 3F 3F 00 4B 44 30 42 31 37    ~~B?Zu??~KD0B17
35 20 41 53 50 00 00 26 3F 5A 75 3F 3F 00 53 44   5 ASP~~&?Zu??~SD
30 42 31 20 20 20 44 43 41 00 00 3C 3F 5A 75 3F   0B1   DCA~~<?Zu?
3F 00 28 44 30 42 31 20 20 20 30 33 32 00 00 3C   ?~(D0B1   032~~<
3F 5A 75 3F 3F 00 26 44 30 42 31 20 20 20 30 33   ?Zu??~&D0B1   03
32 00 00 10 3F 5A 75 3F 3F 00 2F 44 30 42 31 20   2~~~?Zu??~/D0B1 
20 20 4D 45 44 00 00 42 72 5A 75 3F 3F 00 27 44     MED~~BrZu??~'D
30 42 31 20 20 20 30 32 31 00 09 4F 3F 5A 75 3F   0B1   021~~O?Zu?
3F 00 27 44 30 42 31 37 30 20 39 39 39 00 00 42   ?~'D0B170 999~~B
72 5A 75 3F 3F 00 20 44 30 42 31 20 20 20 30 32   rZu??~ D0B1   02
31 00 00 2D 20 5A 75 3F 3F 00 67 44 30 42 31 20   1~~- Zu??~gD0B1 
20 20 42 43 54 00 00 25 53 5A 75 3F 00 01 0B 44     BCT~~%SZu?~~~D
30 42 31 37 43 20 4D 41 53 00 00 42 72 5A 75 3F   0B17C MAS~~BrZu?
00 00 3F 44 30 42 31 20 20 20 30 32 31 00 09 4E   ~~?D0B1   021~~N
3F 5A 75 3F 00 00 29 44 30 42 31 20 20 20 50 45   ?Zu?~~)D0B1   PE
55 00 00 10 3F 5A 75 3F 00 00 14 44 30 42 31 36   U~~~?Zu?~~~D0B16
38 20 41 44 56 00 00 10 3F 5A 75 3F 00 00 06 44   8 ADV~~~?Zu?~~~D
30 42 31 38 38 20 4D 45 44 00 00 10 3F 5A 75 3F   0B188 MED~~~?Zu?
00 00 2E 44 30 42 31 20 20 20 41 44 56 00 00 27   ~~.D0B1   ADV~~'
3F 5A 75 3F 00 00 06 44 30 42 32 20 20 20 50 50   ?Zu?~~~D0B2   PP
52 00 00 0F 12 5A 75 3F 00 00 39 44 30 42 31 37   R~~~~Zu?~~9D0B17
35 20 41 34 20 00 00 10 3F 5A 75 3F 00 00 11 44   5 A4 ~~~?Zu?~~~D
30 42 31 20 20 20 41 44 56 00 00 0F 12 5A 75 3F   0B1   ADV~~~~Zu?
00 00 1A 44 30 42 31 35 34 20 4D 44 20 00 00 10   ~~~D0B154 MD ~~~
3F 5A 75 3F 00 00 2E 44 30 42 31 37 35 20 4D 45   ?Zu?~~.D0B175 ME
44 00 09 51 2A 5A 75 3F 00 00 44 44 30 42 31 20   D~~Q*Zu?~~DD0B1 
20 20 4E 56 54 00 09 4F 31 5A 75 3F 00 00 37 44     NVT~~O1Zu?~~7D
30 42 31 20 20 20 39 39 39 00 09 4F 3F 5A 75 3F   0B1   999~~O?Zu?
00 00 2A 44 30 42 32 20 20 20 39 39 39 00 00 41   ~~*D0B2   999~~A
3F 5A 75 3F 00 00 0C 44 30 42 32 20 20 20 4D 48   ?Zu?~~~D0B2   MH
49 00 00 0E 01 5A 75 3F 00 00 6A 44 30 42 31 20   I~~~~Zu?~~jD0B1 
20 20 41 53 50 00 00 10 3F 5A 75 3F 00 00 0D 44     ASP~~~?Zu?~~~D
30 42 32 20 20 20 4D 45 44 00 00 12 3F 5A 75 3F   0B2   MED~~~?Zu?
01 00 20 44 30 42 32 20 20 20 4C 52 39 00 09 51   ~~ D0B2   LR9~~Q
2A 5A 75 3F 01 00 6D 44 30 42 31 20 20 20 4E 56   *Zu?~~mD0B1   NV
54 00 09 4F 31 5A 75 3F 01 00 1A 44 30 42 31 36   T~~O1Zu?~~~D0B16
35 20 39 39 39 00 00 4C 3F 5A 75 3F 01 00 30 44   5 999~~L?Zu?~~0D
30 42 32 20 20 20 30 36 31 00 09 4F 3F 5A 75 3F   0B2   061~~O?Zu?
01 00 22 44 30 42 31 37 35 20 46 45 50 00 00 3C   ~~"D0B175 FEP~~<
3F 5A 75 3F 01 00 2D 44 30 42 31 20 20 20 30 33   ?Zu?~~-D0B1   03
32 00 00 10 3F 5A 75 3F 01 00 06 44 30 42 31 31   2~~~?Zu?~~~D0B11
35 20 41 44 56 00 00 0F 3F 5A 75 3F 01 00 30 44   5 ADV~~~?Zu?~~0D
30 42 31 20 20 20 34 33 2D 00 00 10 3F 5A 75 3F   0B1   43-~~~?Zu?
01 00 29 44 30 42 31 37 33 20 41 44 56 00 00 10   ~~)D0B173 ADV~~~
3F 5A 75 3F 01 00 13 44 30 42 32 20 20 20 41 44   ?Zu?~~~D0B2   AD
56 00 09 2C 3F 5A 75 3F 01 00 6B 44 30 42 32 20   V~~,?Zu?~~kD0B2 
20 20 4F 48 43 00 00 3C 3F 5A 75 3F 01 00 28 44     OHC~~<?Zu?~~(D
30 42 31 20 20 20 30 33 32 00 00 19 3F 5A 75 3F   0B1   032~~~?Zu?
01 00 0F 44 30 42 31 37 35 20 20 20 20 00 09 4F   ~~~D0B175    ~~O
3F 5A 75 3F 01 00 2C 44 30 42 31 20 20 20 39 39   ?Zu?~~,D0B1   99
39 00 00 33 3F 5A 75 3F 01 00 04 44 30 42 31 20   9~~3?Zu?~~~D0B1 
20 20 20 20 20 00 09 4F 3F 5A 75 3F 01 00 3F 44        ~~O?Zu?~~?D
30 42 31 20 20 20 46 45 50 00 00 0F 12 5A 75 3F   0B1   FEP~~~~Zu?
01 00 3C 44 30 42 31 20 20 20 41 34 20 00 09 51   ~~<D0B1   A4 ~~Q
2A 5A 75 3F 01 00 22 44 30 42 32 20 20 20 4E 56   *Zu?~~"D0B2   NV
54 00 09 4E 3F 5A 75 3F 01 00 32 44 30 42 31 20   T~~N?Zu?~~2D0B1 
20 20 43 4F 50 00 09 50 3F 5A 75 3F 01 01 14 44     COP~~P?Zu?~~~D
30 42 31 20 20 20 48 4D 48 00 00 10 3F 5A 75 3F   0B1   HMH~~~?Zu?
02 00 1A 44 30 42 31 20 20 20 4D 43 41 00 09 50   ~~~D0B1   MCA~~P
3F 5A 75 3F 02 00 52 44 30 42 31 20 20 20 4D 43   ?Zu?~~RD0B1   MC
41 00 00 10 3F 5A 75 3F 02 00 3B 44 30 42 31 20   A~~~?Zu?~~;D0B1 
20 20 41 44 56 00 00 40 52 5A 75 3F 02 06 77 44     ADV~~@RZu?~~wD
30 42 32 39 32 20 53 43 44 00 09 4F 3F 5A 75 3F   0B292 SCD~~O?Zu?
02 00 27 44 30 42 31 20 20 20 39 39 39 00 00 10   ~~'D0B1   999~~~
3F 5A 75 3F 02 00 1F 44 30 42 31 20 20 20 4D 45   ?Zu?~~~D0B1   ME
44 00 00 0F 12 5A 75 3F 02 00 42 44 30 42 31 20   D~~~~Zu?~~BD0B1 
20 20 4D 44 20 00 00 0F 12 5A 75 3F 02 00 46 44     MD ~~~~Zu?~~FD
30 42 31 20 20 20 41 34 20 00 09 51 1F 5A 75 3F   0B1   A4 ~~Q~Zu?
02 00 18 44 30 42 31 20 20 20 41 44 56 00 00 10   ~~~D0B1   ADV~~~
3F 5A 75 3F 02 00 14 44 30 42 32 20 20 20 4D 45   ?Zu?~~~D0B2   ME
44 00 00 0F 12 5A 75 3F 02 00 26 44 30 42 31 20   D~~~~Zu?~~&D0B1 
20 20 4D 44 20 00 09 4E 3F 5A 75 3F 02 00 17 44     MD ~~N?Zu?~~~D
30 42 32 20 20 20 20 20 20 00 0C 35 08 5A 75 3F   0B2      ~~5~Zu?
02 00 17 44 30 42 31 37 39 20 20 20 20 00 09 50   ~~~D0B179    ~~P
3F 5A 75 3F 02 00 43 44 30 42 31 37 36 20 4D 45   ?Zu?~~CD0B176 ME
44 00 09 4F 31 5A 75 3F 02 00 3C 44 30 42 31 20   D~~O1Zu?~~<D0B1 
20 20 39 39 39 00 00 32 3F 5A 75 3F 02 00 05 44     999~~2?Zu?~~~D
30 42 32 20 20 20 43 41 53 00 09 50 3F 5A 75 3F   0B2   CAS~~P?Zu?
02 00 29 44 30 42 31 41 43 20 50 41 41 00 00 0F   ~~)D0B1AC PAA~~~
12 5A 75 3F 02 00 23 44 30 42 31 20 20 20 41 34   ~Zu?~~#D0B1   A4
20 00 09 4F 3F 5A 75 3F 02 00 3F 44 30 42 31 20    ~~O?Zu?~~?D0B1 
20 20 50 52 58 00 09 4F 3F 5A 75 3F 03 00 14 44     PRX~~O?Zu?~~~D
30 42 32 20 20 20 39 39 39 00 00 10 3F 5A 75 3F   0B2   999~~~?Zu?
03 00 2C 44 30 42 31 20 20 20 41 44 56 00 09 50   ~~,D0B1   ADV~~P
3F 5A 75 3F 03 00 20 44 30 42 31 20 20 20 4D 45   ?Zu?~~ D0B1   ME
44 00 00 3E 7B 5A 75 3F 03 00 3F 44 30 42 32 20   D~~>{Zu?~~?D0B2 
20 20 47 44 43 00 00 42 72 5A 75 3F 03 00 13 44     GDC~~BrZu?~~~D
30 42 32 20 20 20 43 49 4D 00 09 4F 3F 5A 75 3F   0B2   CIM~~O?Zu?
03 00 70 44 30 42 31 20 20 20 50 52 58 00 00 4E   ~~pD0B1   PRX~~N
3F 5A 75 3F 03 00 13 44 30 42 32 20 20 20 57 47   ?Zu?~~~D0B2   WG
20 00 09 4E 3F 5A 75 3F 03 00 3F 44 30 42 31 20    ~~N?Zu?~~?D0B1 
20 20 43 54 52 00 00 40 52 5A 75 3F 03 00 1B 44     CTR~~@RZu?~~~D
30 42 31 20 20 20 53 43 44 00 09 51 08 5A 75 3F   0B1   SCD~~Q~Zu?
03 01 1B 44 30 42 31 20 20 20 52 58 53 00 09 4F   ~~~D0B1   RXS~~O
3F 5A 75 3F 03 00 0A 44 30 42 31 35 32 20 39 39   ?Zu?~~~D0B152 99
39 00 00 19 3F 5A 75 3F 03 00 0B 44 30 42 31 20   9~~~?Zu?~~~D0B1 
20 20 48 59 56 00 00 0F 12 5A 75 3F 03 00 29 44     HYV~~~~Zu?~~)D
30 42 31 20 20 20 4D 41 20 00 09 50 3F 5A 75 3F   0B1   MA ~~P?Zu?
03 00 1D 44 30 42 31 37 30 20 30 30 36 00 00 10   ~~~D0B170 006~~~
3F 5A 75 3F 04 00 46 44 30 42 31 20 20 20 4D 45   ?Zu?~~FD0B1   ME
44 00 09 4F 3F 5A 75 3F 04 00 68 44 30 42 31 20   D~~O?Zu?~~hD0B1 
20 20 50 52 58 00 00 26 3F 5A 75 3F 04 00 68 44     PRX~~&?Zu?~~hD
30 42 31 20 20 20 52 4F 49 00 00 0F 12 5A 75 3F   0B1   ROI~~~~Zu?
04 00 3A 44 30 42 31 20 20 20 4D 41 20 00 00 49   ~~:D0B1   MA ~~I
3F 5A 75 3F 04 01 20 44 30 42 31 20 20 20 33 46   ?Zu?~~ D0B1   3F
20 00 09 4F 31 5A 75 3F 04 00 32 44 30 42 31 20    ~~O1Zu?~~2D0B1 
20 20 39 39 39 00 00 10 3F 5A 75 3F 04 00 2D 44     999~~~?Zu?~~-D
30 42 31 20 20 20 4D 45 44 00 00 2D 20 5A 75 3F   0B1   MED~~- Zu?
04 00 6A 44 30 42 31 37 36 20 49 4C 44 00 09 51   ~~jD0B176 ILD~~Q
2A 5A 75 3F 04 00 3F 44 30 42 31 20 20 20 45 47   *Zu?~~?D0B1   EG
57 00 00 10 3F 5A 75 3F 04 00 34 44 30 42 31 20   W~~~?Zu?~~4D0B1 
20 20 41 44 56 00 00 2F 62 5A 75 3F 04 00 30 44     ADV~~/bZu?~~0D
30 42 31 20 20 20 46 4C 54 00 00 40 73 5A 75 3F   0B1   FLT~~@sZu?
04 00 59 44 30 42 31 20 20 20 48 5A 52 00 09 50   ~~YD0B1   HZR~~P
6F 5A 75 3F 04 00 24 44 30 42 31 37 39 20 50 43   oZu?~~$D0B179 PC
53 00 09 4E 3F 5A 75 3F 05 00 5B 44 30 42 31 20   S~~N?Zu?~~[D0B1 
20 20 43 54 52 00 00 19 3F 5A 75 3F 05 00 05 44     CTR~~~?Zu?~~~D
30 42 32 20 20 20 48 59 56 00 09 4E 3F 5A 75 3F   0B2   HYV~~N?Zu?
05 00 3F 44 30 42 31 20 20 20 43 4F 50 00 00 4E   ~~?D0B1   COP~~N
3F 5A 75 3F 05 00 3B 44 30 42 31 20 20 20 57 47   ?Zu?~~;D0B1   WG
20 00 00 49 3F 5A 75 3F 05 01 46 44 30 42 31 20    ~~I?Zu?~~FD0B1 
20 20 33 46 20 00 00 4E 3F 5A 75 3F 05 00 2E 44     3F ~~N?Zu?~~.D
30 42 31 37 39 20 57 47 20 00 09 4F 24 5A 75 3F   0B179 WG ~~O$Zu?
05 00 49 44 30 42 31 35 32 20 52 58 53 00 00 44   ~~ID0B152 RXS~~D
29 5A 75 3F 05 00 4E 44 30 42 31 20 20 20 36 37   )Zu?~~ND0B1   67
39 00 09 50 4A 5A 75 3F 05 00 3F 44 30 42 31 20   9~~PJZu?~~?D0B1 
20 20 53 43 31 00 09 50 4A 5A 75 3F 05 00 33 44     SC1~~PJZu?~~3D
30 42 32 20 20 20 53 43 31 00 00 3E 31 5A 75 3F   0B2   SC1~~>1Zu?
05 00 2D 44 30 42 31 20 20 20 20 20 20 00 00 0E   ~~-D0B1      ~~~
01 5A 75 3F 05 00 1E 44 30 42 32 20 20 20 41 53   ~Zu?~~~D0B2   AS
50 00 00 0F 12 5A 75 3F 05 00 26 44 30 42 31 20   P~~~~Zu?~~&D0B1 
20 20 41 34 20 00 00 10 3F 5A 75 3F 05 00 24 44     A4 ~~~?Zu?~~$D
30 42 31 38 33 31 41 44 56 00 09 4F 31 5A 75 3F   0B1831ADV~~O1Zu?
05 00 2C 44 30 42 31 20 20 20 39 39 39 00 00 10   ~~,D0B1   999~~~
3F 5A 75 3F 05 00 2A 44 30 42 32 20 20 20 4D 45   ?Zu?~~*D0B2   ME
44 00 00 46 3F 5A 75 3F 05 00 40 44 30 42 32 20   D~~F?Zu?~~@D0B2 
20 20 31 30 30 00 00 4E 3F 5A 75 3F 05 00 1F 44     100~~N?Zu?~~~D
30 42 31 37 35 20 46 4D 20 00 00 54 3F 5A 75 3F   0B175 FM ~~T?Zu?
05 00 1F 44 30 42 31 4E 4E 20 42 43 4C 00 00 12   ~~~D0B1NN BCL~~~
3F 5A 75 3F 05 00 3F 44 30 42 31 20 20 20 55 53   ?Zu?~~?D0B1   US
4D 00 00 06 11 5A 75 3F 05 00 0D 44 30 42 32 20   M~~~~Zu?~~~D0B2 
20 20 54 4E 4D 00 09 4E 3F 5A 75 3F 05 00 27 44     TNM~~N?Zu?~~'D
30 42 31 20 20 20 50 45 55 00 00 10 3F 5A 75 3F   0B1   PEU~~~?Zu?
05 00 25 44 30 42 31 20 20 20 4D 45 44 00 00 12   ~~%D0B1   MED~~~
4A 5A 75 3F 05 00 3F 44 30 42 31 36 38 20 43 4E   JZu?~~?D0B168 CN
20 00 00 12 3F 5A 75 3F 05 00 2F 44 30 42 31 20    ~~~?Zu?~~/D0B1 
20 20 4C 52 39 00 00 4E 3F 5A 75 3F 06 00 2A 44     LR9~~N?Zu?~~*D
30 42 31 20 20 20 46 4D 20 00 00 0F 12 5A 75 3F   0B1   FM ~~~~Zu?
06 00 18 44 30 42 31 37 39 20 41 34 20 00 00 10   ~~~D0B179 A4 ~~~
3F 5A 75 3F 06 00 14 44 30 42 32 20 20 20 41 44   ?Zu?~~~D0B2   AD
56 00 09 4E 3F 5A 75 3F 06 00 35 44 30 42 31 20   V~~N?Zu?~~5D0B1 
20 20 49 52 58 00 00 4C 3F 5A 75 3F 06 00 4F 44     IRX~~L?Zu?~~OD
30 42 31 37 30 20 30 36 31 00 09 4E 3F 5A 75 3F   0B170 061~~N?Zu?
06 00 20 44 30 42 31 34 30 20 50 45 55 00 00 10   ~~ D0B140 PEU~~~
3F 5A 75 3F 06 00 25 44 30 42 31 20 20 20 4D 45   ?Zu?~~%D0B1   ME
44 00 00 2F 62 5A 75 3F 06 00 2E 44 30 42 32 20   D~~/bZu?~~.D0B2 
20 20 46 4C 54 00 00 10 3F 5A 75 3F 06 00 26 44     FLT~~~?Zu?~~&D
30 42 31 20 20 20 4D 45 44 00 00 0E 01 5A 75 3F   0B1   MED~~~~Zu?
06 00 42 44 30 42 31 20 20 20 41 53 50 00 09 50   ~~BD0B1   ASP~~P
3F 5A 75 3F 06 00 22 44 30 42 31 20 20 20 4D 45   ?Zu?~~"D0B1   ME
44 00 09 4E 3F 5A 75 3F 06 00 23 44 30 42 31 20   D~~N?Zu?~~#D0B1 
20 20 20 20 20 00 00 5E 3F 5A 75 3F 06 00 27 44        ~~^?Zu?~~'D
30 42 32 20 20 20 4F 48 52 00 00 0E 01 5A 75 3F   0B2   OHR~~~~Zu?
06 00 1F 44 30 42 32 20 20 20 32 34 30 00 09 4F   ~~~D0B2   240~~O
3F 5A 75 3F 06 00 3B 44 30 42 31 20 20 20 39 39   ?Zu?~~;D0B1   99
39 00 09 50 3F 5A 75 3F 06 00 30 44 30 42 31 20   9~~P?Zu?~~0D0B1 
20 20 34 38 34 00 09 4F 3F 5A 75 3F 06 00 25 44     484~~O?Zu?~~%D
30 42 31 37 36 20 39 39 39 00 00 4C 3F 5A 75 3F   0B176 999~~L?Zu?
06 00 1E 44 30 42 32 20 20 20 50 52 58 00 09 50   ~~~D0B2   PRX~~P
3F 5A 75 3F 06 00 23 44 30 42 31 36 35 20 39 39   ?Zu?~~#D0B165 99
39 00 09 50 3F 5A 75 3F 06 00 57 44 30 42 31 20   9~~P?Zu?~~WD0B1 
20 20 30 30 36 00 09 4E 3F 5A 75 3F 06 00 51 44     006~~N?Zu?~~QD
30 42 31 20 20 20 49 52 58 00 00 19 3F 5A 75 3F   0B1   IRX~~~?Zu?
06 00 08 44 30 42 31 20 20 20 48 59 56 00 09 4E   ~~~D0B1   HYV~~N
3F 5A 75 3F 06 00 26 44 30 42 32 20 20 20 20 20   ?Zu?~~&D0B2     
20 00 00 0E 01 5A 75 3F 06 00 12 44 30 42 32 20    ~~~~Zu?~~~D0B2 
20 20 41 53 50 00 00 2D 20 5A 75 3F 06 00 13 44     ASP~~- Zu?~~~D
30 42 31 36 39 20 42 43 54 00 00 4C 3F 5A 75 3F   0B169 BCT~~L?Zu?
07 00 1D 44 30 42 32 20 20 20 50 52 58 00 09 4E   ~~~D0B2   PRX~~N
3F 5A 75 3F 07 00 36 44 30 42 31 20 20 20 49 52   ?Zu?~~6D0B1   IR
58 00 00 10 3F 5A 75 3F 07 00 2F 44 30 42 31 20   X~~~?Zu?~~/D0B1 
20 20 4D 45 44 00 00 43 3F 5A 75 3F 07 00 23 44     MED~~C?Zu?~~#D
30 42 31 20 20 20 44 49 53 00 09 4F 3F 5A 75 3F   0B1   DIS~~O?Zu?
07 00 1E 44 30 42 32 20 20 20 39 39 39 00 09 4E   ~~~D0B2   999~~N
3F 5A 75 3F 07 00 2D 44 30 42 31 20 20 20 20 20   ?Zu?~~-D0B1     
20 00 00 10 3F 5A 75 3F 07 00 33 44 30 42 31 37    ~~~?Zu?~~3D0B17
39 20 41 44 56 00 09 50 3F 5A 75 3F 07 00 6F 44   9 ADV~~P?Zu?~~oD
30 42 31 20 20 20 4D 45 44 00 00 0F 12 5A 75 3F   0B1   MED~~~~Zu?
07 00 0C 44 30 42 32 20 20 20 41 34 20 00 09 4F   ~~~D0B2   A4 ~~O
31 5A 75 3F 07 00 2E 44 30 42 31 37 30 20 39 39   1Zu?~~.D0B170 99
39 00 00 10 3F 5A 75 3F 07 00 68 44 30 42 31 20   9~~~?Zu?~~hD0B1 
20 20 41 44 56 00 09 4E 3F 5A 75 3F 07 00 26 44     ADV~~N?Zu?~~&D
30 42 31 20 20 20 20 20 20 00 09 50 3F 5A 75 3F   0B1      ~~P?Zu?
07 00 39 44 30 42 32 20 20 20 48 4F 52 00 09 50   ~~9D0B2   HOR~~P
3F 5A 75 3F 07 00 11 44 30 42 31 37 39 20 30 30   ?Zu?~~~D0B179 00
36 00 00 42 72 5A 75 3F 07 00 23 44 30 42 31 20   6~~BrZu?~~#D0B1 
20 20 30 32 31 00 00 10 3F 5A 75 3F 07 00 0D 44     021~~~?Zu?~~~D
30 42 32 20 20 20 4D 45 44 00 09 50 3F 5A 75 3F   0B2   MED~~P?Zu?
07 00 3A 44 30 42 31 20 20 20 39 39 39 00 00 4C   ~~:D0B1   999~~L
3F 5A 75 3F 07 00 52 44 30 42 31 37 39 20 30 31   ?Zu?~~RD0B179 01
39 00 09 4F 3F 5A 75 3F 07 00 30 44 30 42 31 20   9~~O?Zu?~~0D0B1 
20 20 46 45 50 00 00 10 3F 5A 75 3F 07 00 29 44     FEP~~~?Zu?~~)D
30 42 31 20 20 20 41 44 56 00 09 4F 24 5A 75 3F   0B1   ADV~~O$Zu?
07 00 40 44 30 42 31 34 31 20 44 52 41 00 00 0F   ~~@D0B141 DRA~~~
12 5A 75 3F 07 00 25 44 30 42 32 20 20 20 41 34   ~Zu?~~%D0B2   A4
20 00 00 10 3F 5A 75 3F 07 00 22 44 30 42 31 37    ~~~?Zu?~~"D0B17
35 20 41 44 56 00 00 46 3F 5A 75 3F 07 00 38 44   5 ADV~~F?Zu?~~8D
30 42 31 20 20 20 31 30 30 00 00 10 3F 5A 75 3F   0B1   100~~~?Zu?
07 00 19 44 30 42 31 37 30 20 41 44 56 00 09 4F   ~~~D0B170 ADV~~O
3F 5A 75 3F 07 00 0E 44 30 42 31 4E 4E 20 46 45   ?Zu?~~~D0B1NN FE
50 00 00 10 3F 5A 75 3F 08 00 23 44 30 42 31 20   P~~~?Zu?~~#D0B1 
20 20 4D 43 41 00 09 4F 3F 5A 75 3F 08 00 3F 44     MCA~~O?Zu?~~?D
30 42 31 20 20 20 50 52 58 00 09 4F 31 5A 75 3F   0B1   PRX~~O1Zu?
08 00 28 44 30 42 31 20 20 20 39 39 39 00 00 10   ~~(D0B1   999~~~
3F 5A 75 3F 08 00 37 44 30 42 31 37 39 20 4D 45   ?Zu?~~7D0B179 ME
44 00 00 10 3F 5A 75 3F 08 00 24 44 30 42 31 20   D~~~?Zu?~~$D0B1 
20 20 4D 43 41 00 00 39 3F 5A 75 3F 08 00 2D 44     MCA~~9?Zu?~~-D
30 45 31 4D 36 20 43 4F 4D 00 09 4E 3F 5A 75 3F   0E1M6 COM~~N?Zu?
08 00 1C 44 30 42 32 20 20 20 50 45 55 00 00 10   ~~~D0B2   PEU~~~
3F 5A 75 3F 08 00 27 44 30 42 31 20 20 20 4D 43   ?Zu?~~'D0B1   MC
41 00 00 10 3F 5A 75 3F 08 00 01 44 30 42 31 38   A~~~?Zu?~~~D0B18
38 20 41 44 56 00 00 10 3F 5A 75 3F 08 00 1D 44   8 ADV~~~?Zu?~~~D
30 42 32 20 20 20 41 44 56 00 00 0F 12 5A 75 3F   0B2   ADV~~~~Zu?
08 00 0C 44 30 42 32 20 20 20 41 34 20 00 09 50   ~~~D0B2   A4 ~~P
3F 5A 75 3F 08 00 2A 44 30 42 31 4E 31 20 43 53   ?Zu?~~*D0B1N1 CS
50 00 00 32 3F 5A 75 3F 08 00 01 44 30 42 32 20   P~~2?Zu?~~~D0B2 
20 20 20 20 20 00 09 4F 31 5A 75 3F 08 00 43 44        ~~O1Zu?~~CD
30 42 31 20 20 20 39 39 39 00 00 48 3F 5A 75 3F   0B1   999~~H?Zu?
08 00 13 44 30 42 32 20 20 20 48 45 4C 00 09 4F   ~~~D0B2   HEL~~O
31 5A 75 3F 08 00 2B 44 30 42 31 20 20 20 39 39   1Zu?~~+D0B1   99
39 00 09 4E 3F 5A 75 3F 08 00 2B 44 30 42 31 20   9~~N?Zu?~~+D0B1 
20 20 4D 45 44 00 00 4E 3F 5A 75 3F 08 00 1A 44     MED~~N?Zu?~~~D
30 42 31 34 31 20 4E 45 20 00 00 40 52 5A 75 3F   0B141 NE ~~@RZu?
08 00 27 44 30 42 31 20 20 20 53 43 44 00 09 51   ~~'D0B1   SCD~~Q
1F 5A 75 3F 08 00 0B 44 30 42 32 20 20 20 41 44   ~Zu?~~~D0B2   AD
56 00 00 10 3F 5A 75 3F 09 00 31 44 30 42 31 20   V~~~?Zu?~~1D0B1 
20 20 41 44 56 00 09 4E 3F 5A 75 3F 09 00 12 44     ADV~~N?Zu?~~~D
30 42 31 37 36 20 50 45 55 00 00 45 3F 5A 75 3F   0B176 PEU~~E?Zu?
09 00 0F 44 30 42 31 34 31 20 56 54 50 00 00 26   ~~~D0B141 VTP~~&
09 5A 75 3F 09 00 48 44 30 42 31 38 38 20 50 30   ~Zu?~~HD0B188 P0
30 00 00 45 3F 5A 75 3F 09 00 18 44 30 42 31 20   0~~E?Zu?~~~D0B1 
20 20 56 54 50 00 00 42 72 5A 75 3F 09 00 26 44     VTP~~BrZu?~~&D
30 42 31 37 30 20 43 49 4D 00 00 0F 12 5A 75 3F   0B170 CIM~~~~Zu?
09 00 18 44 30 42 32 20 20 20 4D 41 20 00 00 10   ~~~D0B2   MA ~~~
3F 5A 75 3F 09 00 2E 44 30 42 31 20 20 20 4D 45   ?Zu?~~.D0B1   ME
44 00 09 50 3F 5A 75 3F 09 00 49 44 30 42 31 20   D~~P?Zu?~~ID0B1 
20 20 43 53 50 00 09 4F 24 5A 75 3F 09 00 3F 44     CSP~~O$Zu?~~?D
30 42 31 30 39 20 44 52 4D 00 00 49 10 5A 75 3F   0B109 DRM~~I~Zu?
09 00 25 44 30 42 32 20 20 20 43 50 58 00 09 4E   ~~%D0B2   CPX~~N
3F 5A 75 3F 09 00 1F 44 30 42 31 37 30 20 20 20   ?Zu?~~~D0B170   
20 00 00 10 3F 5A 75 3F 09 00 16 44 30 42 32 20    ~~~?Zu?~~~D0B2 
20 20 4D 43 41 00 00 10 3F 5A 75 3F 09 00 22 44     MCA~~~?Zu?~~"D
30 42 31 20 20 20 4D 45 44 00 00 10 3F 5A 75 3F   0B1   MED~~~?Zu?
09 00 23 44 30 42 31 41 43 20 41 44 56 00 09 4F   ~~#D0B1AC ADV~~O
3F 5A 75 3F 0A 00 0A 44 30 42 32 20 20 20 46 45   ?Zu?~~~D0B2   FE
50 00 00 44 29 5A 75 3F 0A 00 75 44 30 42 31 20   P~~D)Zu?~~uD0B1 
20 20 59 41 4C 00 00 10 3F 5A 75 3F 0A 00 42 44     YAL~~~?Zu?~~BD
30 42 31 20 20 20 41 44 56 00 00 3C 3F 5A 75 3F   0B1   ADV~~<?Zu?
0A 00 2B 44 30 42 31 20 20 20 30 33 32 00 00 0F   ~~+D0B1   032~~~
12 5A 75 3F 0A 00 16 44 30 42 31 20 20 20 41 34   ~Zu?~~~D0B1   A4
20 00 00 10 3F 5A 75 3F 0A 00 22 44 30 42 31 20    ~~~?Zu?~~"D0B1 
20 20 4D 43 41 00 00 0F 12 5A 75 3F 0A 00 32 44     MCA~~~~Zu?~~2D
30 42 31 20 20 20 41 34 20 00 00 3C 3F 5A 75 3F   0B1   A4 ~~<?Zu?
0A 00 0D 44 30 42 32 20 20 20 30 33 32 00 0C 35   ~~~D0B2   032~~5
08 5A 75 3F 0A 00 21 44 30 42 31 37 39 20 20 20   ~Zu?~~!D0B179   
20 00 09 4E 3F 5A 75 3F 0A 00 26 44 30 42 32 20    ~~N?Zu?~~&D0B2 
20 20 4D 45 44 00 00 0F 12 5A 75 3F 0A 00 1C 44     MED~~~~Zu?~~~D
30 42 32 20 20 20 4D 44 20 00 09 4E 3F 5A 75 3F   0B2   MD ~~N?Zu?
0A 00 1D 44 30 42 31 4D 52 20 43 4F 42 00 00 3C   ~~~D0B1MR COB~~<
3F 5A 75 3F 0A 00 0A 44 30 42 31 31 35 20 30 33   ?Zu?~~~D0B115 03
32 00 09 4E 3F 5A 75 3F 0A 00 52 44 30 42 31 37   2~~N?Zu?~~RD0B17
36 20 49 52 58 00 09 50 3F 5A 75 3F 0A 00 18 44   6 IRX~~P?Zu?~~~D
30 42 31 37 30 20 4C 4F 59 00 00 10 3F 5A 75 3F   0B170 LOY~~~?Zu?
0A 00 2D 44 30 42 31 35 32 20 41 44 56 00 00 39   ~~-D0B152 ADV~~9
3F 5A 75 3F 0B 00 10 44 30 45 31 4D 36 20 43 4F   ?Zu?~~~D0E1M6 CO
4D 00 00 10 3F 5A 75 3F 0B 00 23 44 30 42 31 37   M~~~?Zu?~~#D0B17
35 20 4D 45 44 00 09 4F 31 5A 75 3F 0B 00 4C 44   5 MED~~O1Zu?~~LD
30 42 31 37 39 20 39 39 39 00 00 10 3F 5A 75 3F   0B179 999~~~?Zu?
0B 00 2D 44 30 42 31 20 20 20 41 44 56 00 00 29   ~~-D0B1   ADV~~)
53 5A 75 3F 0B 00 24 44 30 42 31 37 37 20 4F 4B   SZu?~~$D0B177 OK
41 00 09 4F 3F 5A 75 3F 0B 00 0E 44 30 42 31 4E   A~~O?Zu?~~~D0B1N
4E 20 50 52 58 00 00 39 3F 5A 75 3F 0B 00 2D 44   N PRX~~9?Zu?~~-D
30 45 31 20 20 20 43 4F 4D 00 09 4E 3F 5A 75 3F   0E1   COM~~N?Zu?
0B 00 26 44 30 42 31 20 20 20 50 45 55 00 00 39   ~~&D0B1   PEU~~9
3F 5A 75 3F 0B 00 13 44 30 45 31 20 20 20 43 4F   ?Zu?~~~D0E1   CO
4D 00 00 2D 20 5A 75 3F 0B 00 37 44 30 42 31 20   M~~- Zu?~~7D0B1 
20 20 31 32 31 00 00 41 3F 5A 75 3F 0B 00 0F 44     121~~A?Zu?~~~D
30 42 31 20 20 20 4D 48 49 00 00 3C 3F 5A 75 3F   0B1   MHI~~<?Zu?
0B 00 3F 44 30 42 31 20 20 20 30 33 32 00 00 10   ~~?D0B1   032~~~
3F 5A 75 3F 0B 00 2E 44 30 42 31 20 20 20 41 44   ?Zu?~~.D0B1   AD
56 00 00 42 72 5A 75 3F 0B 00 14 44 30 42 31 20   V~~BrZu?~~~D0B1 
20 20 30 32 31 00 00 4C 3F 5A 75 3F 0C 00 61 44     021~~L?Zu?~~aD
30 42 31 20 20 20 50 52 58 00 00 10 3F 5A 75 3F   0B1   PRX~~~?Zu?
0C 00 1A 44 30 42 31 20 20 20 4D 45 44 00 00 45   ~~~D0B1   MED~~E
3F 5A 75 3F 0C 00 0F 44 30 42 32 20 20 20 56 54   ?Zu?~~~D0B2   VT
50 00 09 4E 3F 5A 75 3F 0C 00 09 44 30 42 31 31   P~~N?Zu?~~~D0B11
39 20 2A 20 20 00 09 4E 3F 5A 75 3F 0C 00 37 44   9 *  ~~N?Zu?~~7D
30 42 31 20 20 20 20 20 20 00 00 42 72 5A 75 3F   0B1      ~~BrZu?
0C 00 1B 44 30 42 32 20 20 20 43 49 4D 00 09 4F   ~~~D0B2   CIM~~O
24 5A 75 3F 0C 00 3F 44 30 42 31 20 20 20 44 52   $Zu?~~?D0B1   DR
4D 00 09 4F 31 5A 75 3F 0C 00 13 44 30 42 32 20   M~~O1Zu?~~~D0B2 
20 20 39 39 39 00 09 4F 24 5A 75 3F 0C 00 6F 44     999~~O$Zu?~~oD
30 42 31 20 20 20 50 43 53 00 00 4C 3F 5A 75 3F   0B1   PCS~~L?Zu?
0C 00 4F 44 30 42 31 20 20 20 50 52 58 00 09 50   ~~OD0B1   PRX~~P
3F 5A 75 3F 0C 00 25 44 30 42 32 20 20 20 4D 43   ?Zu?~~%D0B2   MC
41 00 09 4E 3F 5A 75 3F 0C 00 1A 44 30 42 31 38   A~~N?Zu?~~~D0B18
38 20 20 20 20 00 00 15 01 5A 75 3F 0C 00 3F 44   8    ~~~~Zu?~~?D
30 42 31 20 20 20 31 30 30 00 09 4F 31 5A 75 3F   0B1   100~~O1Zu?
0D 00 2F 44 30 42 31 20 20 20 39 39 39 00 00 0F   ~~/D0B1   999~~~
12 5A 75 3F 0D 00 2B 44 30 42 31 20 20 20 4D 41   ~Zu?~~+D0B1   MA
20 00 09 50 3F 5A 75 3F 0D 00 5C 44 30 42 31 38    ~~P?Zu?~~\D0B18
38 20 34 38 30 00 00 3E 7B 5A 75 3F 0D 00 3F 44   8 480~~>{Zu?~~?D
30 42 31 20 20 20 47 44 43 00 09 4F 3F 5A 75 3F   0B1   GDC~~O?Zu?
0D 00 1B 44 30 42 32 20 20 20 39 39 39 00 00 0F   ~~~D0B2   999~~~
12 5A 75 3F 0D 00 1C 44 30 42 31 35 34 20 4D 41   ~Zu?~~~D0B154 MA
20 00 00 3E 42 5A 75 3F 0D 00 19 44 30 42 31 20    ~~>BZu?~~~D0B1 
20 20 37 34 36 00 00 10 3F 5A 75 3F 0D 00 24 44     746~~~?Zu?~~$D
30 42 31 37 36 20 41 44 56 00 00 10 3F 5A 75 3F   0B176 ADV~~~?Zu?
0D 00 1A 44 30 42 32 20 20 20 4D 45 44 00 00 10   ~~~D0B2   MED~~~
3F 5A 75 3F 0D 00 25 44 30 42 31 20 20 20 4D 45   ?Zu?~~%D0B1   ME
44 00 00 0F 12 5A 75 3F 0D 00 31 44 30 42 31 20   D~~~~Zu?~~1D0B1 
20 20 41 34 20 00 09 50 3F 5A 75 3F 0D 00 27 44     A4 ~~P?Zu?~~'D
30 42 32 20 20 20 4C 4F 59 00 00 4E 3F 5A 75 3F   0B2   LOY~~N?Zu?
0D 00 08 44 30 42 31 45 37 20 51 4E 20 00 00 0F   ~~~D0B1E7 QN ~~~
12 5A 75 3F 0D 00 30 44 30 42 31 20 20 20 4D 44   ~Zu?~~0D0B1   MD
20 00 00 4E 3F 5A 75 3F 0D 00 1C 44 30 42 31 36    ~~N?Zu?~~~D0B16
39 20 46 4D 20 00 00 4E 3F 5A 75 3F 0D 00 32 44   9 FM ~~N?Zu?~~2D
30 42 31 37 39 20 46 4D 20 00 09 4F 31 5A 75 3F   0B179 FM ~~O1Zu?
0D 00 14 44 30 42 32 20 20 20 39 39 39 00 00 10   ~~~D0B2   999~~~
3F 5A 75 3F 0D 00 31 44 30 42 31 20 20 20 41 44   ?Zu?~~1D0B1   AD
56 00 00 39 3F 5A 75 3F 0E 00 09 44 30 45 31 4D   V~~9?Zu?~~~D0E1M
36 20 43 4F 4D 00 00 45 3F 5A 75 3F 0E 00 0F 44   6 COM~~E?Zu?~~~D
30 42 32 20 20 20 56 54 50 00 00 2D 20 5A 75 3F   0B2   VTP~~- Zu?
0E 00 14 44 30 42 32 20 20 20 31 32 31 00 09 4E   ~~~D0B2   121~~N
3F 5A 75 3F 0E 00 37 44 30 42 31 20 20 20 49 52   ?Zu?~~7D0B1   IR
58 00 00 39 3F 5A 75 3F 0E 00 47 44 30 45 31 20   X~~9?Zu?~~GD0E1 
20 20 43 4F 4D 00 00 27 3F 5A 75 3F 0E 00 05 44     COM~~'?Zu?~~~D
30 42 32 20 20 20 50 50 52 00 00 10 3F 5A 75 3F   0B2   PPR~~~?Zu?
0E 00 28 44 30 42 31 20 20 20 4D 45 44 00 00 41   ~~(D0B1   MED~~A
3F 5A 75 3F 0E 00 0E 44 30 42 31 20 20 20 4D 48   ?Zu?~~~D0B1   MH
49 00 09 4F 31 5A 75 3F 0E 00 0F 44 30 42 32 20   I~~O1Zu?~~~D0B2 
20 20 39 39 39 00 09 4E 3F 5A 75 3F 0E 00 25 44     999~~N?Zu?~~%D
30 42 31 20 20 20 50 45 55 00 00 2D 20 5A 75 3F   0B1   PEU~~- Zu?
0E 00 35 44 30 42 31 20 20 20 49 4C 44 00 00 42   ~~5D0B1   ILD~~B
72 5A 75 3F 0E 00 28 44 30 42 31 38 38 20 43 49   rZu?~~(D0B188 CI
4D 00 00 0F 12 5A 75 3F 0E 00 25 44 30 42 31 20   M~~~~Zu?~~%D0B1 
20 20 4D 44 20 00 09 4F 3F 5A 75 3F 0E 00 20 44     MD ~~O?Zu?~~ D
30 42 32 20 20 20 50 52 58 00 00 40 52 5A 75 3F   0B2   PRX~~@RZu?
0E 00 21 44 30 42 31 20 20 20 53 43 44 00 09 4F   ~~!D0B1   SCD~~O
3F 5A 75 3F 0E 00 7A 44 30 42 31 20 20 20 50 52   ?Zu?~~zD0B1   PR
58 00 00 10 3F 5A 75 3F 0E 00 18 44 30 42 31 38   X~~~?Zu?~~~D0B18
38 39 41 44 56 00 09 50 3F 5A 75 3F 0E 00 09 44   89ADV~~P?Zu?~~~D
30 42 32 20 20 20 34 38 30 00 09 4F 31 5A 75 3F   0B2   480~~O1Zu?
0F 00 14 44 30 42 32 20 20 20 39 39 39 00 00 3E   ~~~D0B2   999~~>
7B 5A 75 3F 0F 00 3F 44 30 42 32 20 20 20 47 44   {Zu?~~?D0B2   GD
43 00 09 4E 3F 5A 75 3F 0F 00 11 44 30 42 31 37   C~~N?Zu?~~~D0B17
39 20 43 4F 50 00 00 42 72 5A 75 3F 0F 00 27 44   9 COP~~BrZu?~~'D
30 42 32 20 20 20 30 32 31 00 00 32 3F 5A 75 3F   0B2   021~~2?Zu?
0F 00 05 44 30 42 31 20 20 20 20 20 20 00 00 54   ~~~D0B1      ~~T
3F 5A 75 3F 0F 00 1D 44 30 42 31 20 20 20 42 43   ?Zu?~~~D0B1   BC
4C 00 00 10 3F 5A 75 3F 0F 00 14 44 30 42 32 20   L~~~?Zu?~~~D0B2 
20 20 4D 45 44 00 09 4F 24 5A 75 3F 0F 00 61 44     MED~~O$Zu?~~aD
30 42 31 20 20 20 50 43 53 00 09 4F 3F 5A 75 3F   0B1   PCS~~O?Zu?
0F 00 5A 44 30 42 31 20 20 20 41 56 45 00 09 4E   ~~ZD0B1   AVE~~N
3F 5A 75 3F 0F 00 24 44 30 42 31 37 35 20 50 45   ?Zu?~~$D0B175 PE
55 00 09 4F 3F 5A 75 3F 0F 00 72 44 30 42 31 20   U~~O?Zu?~~rD0B1 
20 20 50 52 58 00 09 50 3F 5A 75 3F 0F 00 1A 44     PRX~~P?Zu?~~~D
30 42 32 20 20 20 30 30 36 00 00 12 3F 5A 75 3F   0B2   006~~~?Zu?
0F 01 14 44 30 42 31 45 52 20 55 53 4D 00 00 43   ~~~D0B1ER USM~~C
3F 5A 75 3F 0F 00 13 44 30 42 31 4E 4E 20 39 39   ?Zu?~~~D0B1NN 99
39 00 00 12 3F 5A 75 3F 0F 01 3F 44 30 42 31 20   9~~~?Zu?~~?D0B1 
20 20 55 53 4D 00 09 4F 3F 5A 75 3F 0F 00 2C 44     USM~~O?Zu?~~,D
30 42 31 20 20 20 39 39 39 00 00 0F 12 5A 75 3F   0B1   999~~~~Zu?
0F 00 27 44 30 42 31 20 20 20 4D 41 20 00 00 10   ~~'D0B1   MA ~~~
3F 5A 75 3F 10 00 08 44 30 42 31 4E 4E 20 54 45   ?Zu?~~~D0B1NN TE
4C 00 09 4E 3F 5A 75 3F 10 00 63 44 30 42 31 20   L~~N?Zu?~~cD0B1 
20 20 49 52 58 00 00 4C 3F 5A 75 3F 10 00 49 44     IRX~~L?Zu?~~ID
30 42 31 20 20 20 50 52 58 00 00 10 3F 5A 75 3F   0B1   PRX~~~?Zu?
10 00 29 44 30 42 31 20 20 20 41 44 56 00 09 50   ~~)D0B1   ADV~~P
3F 5A 75 3F 10 00 38 44 30 42 31 37 36 20 20 20   ?Zu?~~8D0B176   
20 00 00 39 3F 5A 75 3F 10 00 2B 44 30 45 31 20    ~~9?Zu?~~+D0E1 
20 20 43 4F 4D 00 09 4F 24 5A 75 3F 10 00 3F 44     COM~~O$Zu?~~?D
30 42 31 37 30 20 50 43 53 00 00 4E 3F 5A 75 3F   0B170 PCS~~N?Zu?
10 00 22 44 30 42 31 20 20 20 49 53 20 00 00 4E   ~~"D0B1   IS ~~N
3F 5A 75 3F 10 00 43 44 30 42 31 20 20 20 57 47   ?Zu?~~CD0B1   WG
20 00 00 0F 12 5A 75 3F 10 00 44 44 30 42 31 37    ~~~~Zu?~~DD0B17
30 20 41 34 20 00 00 3E 7B 5A 75 3F 10 00 3F 44   0 A4 ~~>{Zu?~~?D
30 42 31 20 20 20 47 44 43 00 09 4F 3F 5A 75 3F   0B1   GDC~~O?Zu?
10 00 11 44 30 42 32 20 20 20 39 39 39 00 00 0F   ~~~D0B2   999~~~
12 5A 75 3F 10 00 17 44 30 42 32 20 20 20 4D 44   ~Zu?~~~D0B2   MD
20 00 00 28 3F 5A 75 3F 10 00 01 44 30 42 32 20    ~~(?Zu?~~~D0B2 
20 20 50 50 52 00 00 45 3F 5A 75 3F 10 00 0B 44     PPR~~E?Zu?~~~D
30 42 31 32 35 20 56 54 50 00 00 25 53 5A 75 3F   0B125 VTP~~%SZu?
10 00 3F 44 30 42 31 20 20 20 4D 41 53 00 00 42   ~~?D0B1   MAS~~B
72 5A 75 3F 10 00 1F 44 30 42 31 4D 52 20 43 49   rZu?~~~D0B1MR CI
4D 00 00 3E 7B 5A 75 3F 10 00 3F 44 30 42 31 20   M~~>{Zu?~~?D0B1 
20 20 47 44 43 00 09 4E 3F 5A 75 3F 11 00 2E 44     GDC~~N?Zu?~~.D
30 42 31 20 20 20 43 54 52 00 00 0F 12 5A 75 3F   0B1   CTR~~~~Zu?
11 00 25 44 30 42 31 20 20 20 4D 44 20 00 09 4E   ~~%D0B1   MD ~~N
3F 5A 75 3F 11 00 5D 44 30 42 31 20 20 20 43 52   ?Zu?~~]D0B1   CR
4B 00 00 49 3F 5A 75 3F 11 00 5D 44 30 42 32 20   K~~I?Zu?~~]D0B2 
20 20 53 43 43 00 09 4F 4F 5A 75 3F 11 00 38 44     SCC~~OOZu?~~8D
30 42 31 20 20 20 30 31 39 00 00 10 3F 5A 75 3F   0B1   019~~~?Zu?
11 00 25 44 30 42 31 20 20 20 4D 45 44 00 09 51   ~~%D0B1   MED~~Q
2A 5A 75 3F 11 00 45 44 30 42 31 20 20 20 35 31   *Zu?~~ED0B1   51
30 00 09 4E 3F 5A 75 3F 11 00 14 44 30 42 31 36   0~~N?Zu?~~~D0B16
39 20 4D 45 44 00 00 3E 42 5A 75 3F 11 00 0C 44   9 MED~~>BZu?~~~D
30 42 32 20 20 20 37 34 36 00 00 0F 12 5A 75 3F   0B2   746~~~~Zu?
11 00 22 44 30 42 31 20 20 20 4D 41 20 00 00 4E   ~~"D0B1   MA ~~N
3F 5A 75 3F 11 00 34 44 30 42 31 20 20 20 46 4D   ?Zu?~~4D0B1   FM
20 00 00 32 11 5A 75 3F 11 00 01 44 30 42 32 20    ~~2~Zu?~~~D0B2 
20 20 4D 41 4E 00 09 4E 3F 5A 75 3F 11 00 36 44     MAN~~N?Zu?~~6D
30 42 31 20 20 20 43 52 4B 00 00 3E 7B 5A 75 3F   0B1   CRK~~>{Zu?
11 00 3F 44 30 42 31 20 20 20 47 44 43 00 00 0F   ~~?D0B1   GDC~~~
12 5A 75 3F 11 00 2D 44 30 42 31 20 20 20 4D 41   ~Zu?~~-D0B1   MA
20 00 09 50 3F 5A 75 3F 11 00 34 44 30 42 31 38    ~~P?Zu?~~4D0B18
30 20 34 38 30 00 00 3D 3F 5A 75 3F 11 00 3B 44   0 480~~=?Zu?~~;D
30 42 31 37 36 20 30 36 30 00 00 0F 12 5A 75 3F   0B176 060~~~~Zu?
11 00 40 44 30 42 31 20 20 20 4D 41 20 00 00 1C   ~~@D0B1   MA ~~~
3F 5A 75 3F 11 00 01 44 30 42 32 20 20 20 56 41   ?Zu?~~~D0B2   VA
4E 00 00 19 3F 5A 75 3F 11 00 11 44 30 42 31 44   N~~~?Zu?~~~D0B1D
56 20 20 20 20 00 00 3C 3F 5A 75 3F 11 00 3F 44   V    ~~<?Zu?~~?D
30 42 31 20 20 20 30 33 32 00 00 0F 12 5A 75 3F   0B1   032~~~~Zu?
11 00 24 44 30 42 32 20 20 20 41 34 20 00 09 4F   ~~$D0B2   A4 ~~O
31 5A 75 3F 12 00 3B 44 30 42 31 20 20 20 39 39   1Zu?~~;D0B1   99
39 00 00 42 3F 5A 75 3F 12 00 47 44 30 42 31 4D   9~~B?Zu?~~GD0B1M
52 20 41 53 50 00 00 42 3F 5A 75 3F 12 00 56 44   R ASP~~B?Zu?~~VD
30 42 31 20 20 20 4D 4E 50 00 09 4F 31 5A 75 3F   0B1   MNP~~O1Zu?
12 00 11 44 30 42 32 20 20 20 39 39 39 00 09 4F   ~~~D0B2   999~~O
31 5A 75 3F 12 00 35 44 30 42 31 37 39 20 39 39   1Zu?~~5D0B179 99
39 00 00 3C 3F 5A 75 3F 12 00 31 44 30 42 31 20   9~~<?Zu?~~1D0B1 
20 20 30 33 32 00 00 0F 12 5A 75 3F 12 00 13 44     032~~~~Zu?~~~D
30 42 31 37 39 20 4D 41 20 00 09 4F 31 5A 75 3F   0B179 MA ~~O1Zu?
12 00 07 44 30 42 32 20 20 20 39 39 39 00 09 4E   ~~~D0B2   999~~N
3F 5A 75 3F 12 00 1B 44 30 42 31 36 39 20 45 53   ?Zu?~~~D0B169 ES
49 00 00 5D 48 5A 75 3F 12 00 55 44 30 42 31 20   I~~]HZu?~~UD0B1 
20 20 4B 59 50 00 00 43 3F 5A 75 3F 12 00 26 44     KYP~~C?Zu?~~&D
30 42 31 20 20 20 44 49 53 00 00 19 3F 5A 75 3F   0B1   DIS~~~?Zu?
12 00 06 44 30 42 32 20 20 20 48 59 56 00 00 10   ~~~D0B2   HYV~~~
3F 5A 75 3F 12 00 18 44 30 42 31 35 32 20 41 44   ?Zu?~~~D0B152 AD
56 00 09 4F 24 5A 75 3F 12 00 42 44 30 42 31 37   V~~O$Zu?~~BD0B17
35 20 44 52 4D 00 09 51 2A 5A 75 3F 12 00 4C 44   5 DRM~~Q*Zu?~~LD
30 42 31 20 20 20 4E 56 54 00 09 29 6A 5A 75 3F   0B1   NVT~~)jZu?
12 03 35 44 30 42 31 20 20 20 35 34 20 00 00 3E   ~~5D0B1   54 ~~>
7B 5A 75 3F 12 00 3F 44 30 42 31 4E 4E 20 47 44   {Zu?~~?D0B1NN GD
43 00 09 4E 3F 5A 75 3F 12 00 12 44 30 42 31 4E   C~~N?Zu?~~~D0B1N
4E 20 43 54 52 00 00 40 52 5A 75 3F 12 00 1A 44   N CTR~~@RZu?~~~D
30 42 31 20 20 20 53 43 44 00 00 3C 3F 5A 75 3F   0B1   SCD~~<?Zu?
12 00 24 44 30 42 32 20 20 20 30 33 32 00 09 4F   ~~$D0B2   032~~O
3F 5A 75 3F 12 00 23 44 30 42 32 20 20 20 39 39   ?Zu?~~#D0B2   99
39 00 00 0E 01 5A 75 3F 12 00 12 44 30 42 31 4E   9~~~~Zu?~~~D0B1N
31 20 33 38 30 00 09 4E 3F 5A 75 3F 13 00 3C 44   1 380~~N?Zu?~~<D
30 42 31 20 20 20 20 20 20 00 00 40 52 5A 75 3F   0B1      ~~@RZu?
13 00 1A 44 30 42 32 20 20 20 53 43 44 00 00 42   ~~~D0B2   SCD~~B
72 5A 75 3F 13 00 16 44 30 42 32 20 20 20 43 49   rZu?~~~D0B2   CI
4D 00 00 40 52 5A 75 3F 13 00 1D 44 30 42 31 20   M~~@RZu?~~~D0B1 
20 20 53 43 44 00 09 4E 3F 5A 75 3F 13 00 22 44     SCD~~N?Zu?~~"D
30 42 31 37 39 20 43 4F 50 00 00 3E 7B 5A 75 3F   0B179 COP~~>{Zu?
13 00 3F 44 30 42 31 45 56 20 47 44 43 00 00 1E   ~~?D0B1EV GDC~~~
4B 5A 75 3F 13 00 15 44 30 42 31 20 20 20 50 50   KZu?~~~D0B1   PP
52 00 00 1E 11 5A 75 3F 13 00 08 44 30 42 32 20   R~~~~Zu?~~~D0B2 
20 20 42 52 42 00 00 3C 3F 5A 75 3F 13 00 63 44     BRB~~<?Zu?~~cD
30 42 31 20 20 20 30 33 32 00 00 10 3F 5A 75 3F   0B1   032~~~?Zu?
13 00 0E 44 30 42 32 20 20 20 4D 45 44 00 09 51   ~~~D0B2   MED~~Q
2A 5A 75 3F 13 00 5C 44 30 42 31 20 20 20 4E 56   *Zu?~~\D0B1   NV
54 00 09 4F 3F 5A 75 3F 13 00 3F 44 30 42 31 20   T~~O?Zu?~~?D0B1 
20 20 50 52 58 00 00 10 3F 5A 75 3F 13 00 15 44     PRX~~~?Zu?~~~D
30 42 31 20 20 20 41 44 56 00 09 4F 31 5A 75 3F   0B1   ADV~~O1Zu?
13 00 0F 44 30 42 32 20 20 20 39 39 39 00 0C 35   ~~~D0B2   999~~5
08 5A 75 3F 13 00 23 44 30 42 31 20 20 20 20 20   ~Zu?~~#D0B1     
20 00 00 19 3F 5A 75 3F 13 00 08 44 30 42 31 20    ~~~?Zu?~~~D0B1 
20 20 48 59 56 00 09 4E 3F 5A 75 3F 13 00 2D 44     HYV~~N?Zu?~~-D
30 42 31 20 20 20 50 45 55 00 00 10 3F 5A 75 3F   0B1   PEU~~~?Zu?
14 00 1F 44 30 42 31 34 59 20 4D 45 44 00 0C 35   ~~~D0B14Y MED~~5
08 5A 75 3F 14 00 48 44 30 42 31 37 36 20 20 20   ~Zu?~~HD0B176   
20 00 00 39 3F 5A 75 3F 14 00 25 44 30 45 31 4D    ~~9?Zu?~~%D0E1M
36 20 43 4F 4D 00 00 10 3F 5A 75 3F 14 00 3A 44   6 COM~~~?Zu?~~:D
30 42 31 20 20 20 4D 45 44 00 00 3E 7B 5A 75 3F   0B1   MED~~>{Zu?
14 00 3F 44 30 42 31 20 20 20 47 44 43 00 09 4F   ~~?D0B1   GDC~~O
3F 5A 75 3F 14 00 26 44 30 42 32 20 20 20 50 52   ?Zu?~~&D0B2   PR
58 00 00 0E 01 5A 75 3F 14 00 18 44 30 42 31 4E   X~~~~Zu?~~~D0B1N
31 20 41 53 50 00 00 45 3F 5A 75 3F 14 00 17 44   1 ASP~~E?Zu?~~~D
30 42 31 20 20 20 56 54 50 00 00 45 3F 5A 75 3F   0B1   VTP~~E?Zu?
14 00 15 44 30 42 31 37 35 20 56 54 50 00 00 42   ~~~D0B175 VTP~~B
3F 5A 75 3F 14 00 4E 44 30 42 31 20 20 20 4D 4E   ?Zu?~~ND0B1   MN
50 00 0C 35 08 5A 75 3F 14 00 2B 44 30 42 31 37   P~~5~Zu?~~+D0B17
36 20 20 20 20 00 00 26 3F 5A 75 3F 14 00 0F 44   6    ~~&?Zu?~~~D
30 42 31 30 36 20 52 4F 49 00 00 4E 3F 5A 75 3F   0B106 ROI~~N?Zu?
14 00 4B 44 30 42 31 20 20 20 57 47 20 00 09 50   ~~KD0B1   WG ~~P
3F 5A 75 3F 14 00 38 44 30 42 31 20 20 20 30 30   ?Zu?~~8D0B1   00
36 00 00 40 52 5A 75 3F 14 00 24 44 30 42 31 20   6~~@RZu?~~$D0B1 
20 20 53 43 44 00 00 10 3F 5A 75 3F 14 00 23 44     SCD~~~?Zu?~~#D
30 42 31 36 45 20 4D 43 41 00 00 40 52 5A 75 3F   0B16E MCA~~@RZu?
14 00 37 44 30 42 31 20 20 20 53 43 44 00 09 50   ~~7D0B1   SCD~~P
3F 5A 75 3F 14 00 34 44 30 42 31 20 20 20 4D 45   ?Zu?~~4D0B1   ME
44 00 00 39 3F 5A 75 3F 14 00 13 44 30 45 31 20   D~~9?Zu?~~~D0E1 
20 20 43 4F 4D 00 00 37 7B 5A 75 3F 14 01 7E 44     COM~~7{Zu?~~~D
30 42 31 37 30 20 4F 52 44 00 00 10 3F 5A 75 3F   0B170 ORD~~~?Zu?
14 00 2E 44 30 42 31 20 20 20 41 44 56 00 00 3E   ~~.D0B1   ADV~~>
7B 5A 75 3F 14 00 3F 44 30 42 31 20 20 20 47 44   {Zu?~~?D0B1   GD
43 00 00 45 3F 5A 75 3F 14 00 3F 44 30 42 31 20   C~~E?Zu?~~?D0B1 
20 20 49 4C 50 00 00 40 52 5A 75 3F 15 00 15 44     ILP~~@RZu?~~~D
30 42 32 20 20 20 53 43 44 00 00 54 3F 5A 75 3F   0B2   SCD~~T?Zu?
15 00 2B 44 30 42 31 20 20 20 20 20 20 00 09 4F   ~~+D0B1      ~~O
31 5A 75 3F 15 00 26 44 30 42 31 37 30 20 39 39   1Zu?~~&D0B170 99
39 00 00 1E 4B 5A 75 3F 15 00 02 44 30 42 32 20   9~~~KZu?~~~D0B2 
20 20 50 50 52 00 00 39 3F 5A 75 3F 15 00 31 44     PPR~~9?Zu?~~1D
30 45 31 20 20 20 43 4F 4D 00 00 1C 3F 5A 75 3F   0E1   COM~~~?Zu?
15 00 07 44 30 42 31 20 20 20 53 52 43 00 09 4E   ~~~D0B1   SRC~~N
3F 5A 75 3F 15 00 14 44 30 42 32 20 20 20 20 20   ?Zu?~~~D0B2     
20 00 09 4F 31 5A 75 3F 15 00 08 44 30 42 31 4E    ~~O1Zu?~~~D0B1N
4E 20 39 39 39 00 00 10 3F 5A 75 3F 15 00 21 44   N 999~~~?Zu?~~!D
30 42 31 37 36 20 4D 45 44 00 09 50 3F 5A 75 3F   0B176 MED~~P?Zu?
15 00 45 44 30 42 31 20 20 20 42 43 52 00 00 10   ~~ED0B1   BCR~~~
3F 5A 75 3F 15 00 3B 44 30 42 31 20 20 20 4D 45   ?Zu?~~;D0B1   ME
44 00 00 0E 01 5A 75 3F 15 00 19 44 30 42 31 4E   D~~~~Zu?~~~D0B1N
31 20 33 38 30 00 09 51 2A 5A 75 3F 15 00 50 44   1 380~~Q*Zu?~~PD
30 42 31 37 35 20 4D 43 44 00 00 0F 12 5A 75 3F   0B175 MCD~~~~Zu?
15 00 1E 44 30 42 31 35 32 20 4D 41 20 00 09 4F   ~~~D0B152 MA ~~O
3F 5A 75 3F 15 00 29 44 30 42 31 37 30 20 39 39   ?Zu?~~)D0B170 99
39 00 00 10 3F 5A 75 3F 15 00 36 44 30 42 31 20   9~~~?Zu?~~6D0B1 
20 20 4D 45 44 00 00 0E 01 5A 75 3F 15 00 6D 44     MED~~~~Zu?~~mD
30 42 31 20 20 20 41 53 50 00 09 4E 3F 5A 75 3F   0B1   ASP~~N?Zu?
15 00 24 44 30 42 32 20 20 20 20 20 20 00 00 42   ~~$D0B2      ~~B
72 5A 75 3F 15 00 33 44 30 42 31 20 20 20 30 35   rZu?~~3D0B1   05
31 00 00 10 3F 5A 75 3F 15 00 27 44 30 42 31 37   1~~~?Zu?~~'D0B17
30 20 4D 45 44 00 09 4F 31 5A 75 3F 15 00 24 44   0 MED~~O1Zu?~~$D
30 42 31 20 20 20 39 39 39 00 00 0E 01 5A 75 3F   0B1   999~~~~Zu?
15 00 59 44 30 42 31 37 39 20 32 34 30 00 09 4F   ~~YD0B179 240~~O
3F 5A 75 3F 15 00 18 44 30 42 31 30 36 20 39 39   ?Zu?~~~D0B106 99
39 00 09 50 3F 5A 75 3F 16 00 5C 44 30 42 31 36   9~~P?Zu?~~\D0B16
39 20 52 58 4E 00 09 4F 3F 5A 75 3F 16 00 3F 44   9 RXN~~O?Zu?~~?D
30 42 31 37 35 20 39 39 39 00 00 39 3F 5A 75 3F   0B175 999~~9?Zu?
16 00 32 44 30 45 31 20 20 20 43 4F 4D 00 09 4E   ~~2D0E1   COM~~N
3F 5A 75 3F 16 00 21 44 30 42 31 45 35 20 20 20   ?Zu?~~!D0B1E5   
20 00 00 5E 3F 5A 75 3F 16 00 47 44 30 42 31 20    ~~^?Zu?~~GD0B1 
20 20 4F 48 52 00 09 4E 3F 5A 75 3F 16 00 2A 44     OHR~~N?Zu?~~*D
30 42 31 20 20 20 20 20 20 00 09 4E 3F 5A 75 3F   0B1      ~~N?Zu?
16 00 10 44 30 42 32 20 20 20 43 54 52 00 09 4E   ~~~D0B2   CTR~~N
3F 5A 75 3F 16 00 26 44 30 42 31 20 20 20 4D 45   ?Zu?~~&D0B1   ME
44 00 00 10 3F 5A 75 3F 16 00 34 44 30 42 31 20   D~~~?Zu?~~4D0B1 
20 20 41 44 56 00 09 4E 3F 5A 75 3F 16 00 2D 44     ADV~~N?Zu?~~-D
30 42 31 20 20 20 49 52 58 00 00 2F 28 5A 75 3F   0B1   IRX~~/(Zu?
16 00 01 44 30 42 31 20 20 20 20 20 20 00 09 4F   ~~~D0B1      ~~O
3F 5A 75 3F 16 00 2E 44 30 42 31 20 20 20 46 45   ?Zu?~~.D0B1   FE
50 00 00 0E 01 5A 75 3F 16 00 3F 44 30 42 31 20   P~~~~Zu?~~?D0B1 
20 20 41 53 50 00 09 4E 3F 5A 75 3F 16 00 1A 44     ASP~~N?Zu?~~~D
30 42 31 20 20 20 39 39 39 00 09 50 4A 5A 75 3F   0B1   999~~PJZu?
16 00 3F 44 30 42 31 20 20 20 53 43 31 00 09 4F   ~~?D0B1   SC1~~O
3F 5A 75 3F 16 00 40 44 30 42 32 20 20 20 39 39   ?Zu?~~@D0B2   99
39 00 00 3E 7B 5A 75 3F 16 00 3F 44 30 42 31 20   9~~>{Zu?~~?D0B1 
20 20 47 44 43 00 00 1C 3F 5A 75 3F 16 00 07 44     GDC~~~?Zu?~~~D
30 42 31 20 20 20 56 41 4E 00 09 50 3F 5A 75 3F   0B1   VAN~~P?Zu?
16 00 22 44 30 42 31 36 38 20 31 30 31 00 09 4E   ~~"D0B168 101~~N
3F 5A 75 3F 16 00 27 44 30 42 31 20 20 20 20 20   ?Zu?~~'D0B1     
20 00 00 42 72 5A 75 3F 16 00 01 44 30 42 31 31    ~~BrZu?~~~D0B11
35 20 30 32 31 00 09 29 6C 5A 75 3F 16 00 0F 44   5 021~~)lZu?~~~D
30 42 31 36 35 20 30 36 38 00 09 50 3F 5A 75 3F   0B165 068~~P?Zu?
16 00 15 44 30 42 32 20 20 20 4D 45 44 00 00 06   ~~~D0B2   MED~~~
11 5A 75 3F 17 00 3C 44 30 42 31 20 20 20 54 4E   ~Zu?~~<D0B1   TN
4D 00 00 12 12 5A 75 3F 17 00 2A 44 30 42 31 38   M~~~~Zu?~~*D0B18
38 20 20 20 20 00 00 43 3F 5A 75 3F 17 00 1F 44   8    ~~C?Zu?~~~D
30 42 31 4E 4E 20 39 39 39 00 00 46 3F 5A 75 3F   0B1NN 999~~F?Zu?
17 00 49 44 30 42 32 20 20 20 31 30 30 00 09 4F   ~~ID0B2   100~~O
3F 5A 75 3F 17 00 3F 44 30 42 31 20 20 20 50 52   ?Zu?~~?D0B1   PR
58 00 00 4C 3F 5A 75 3F 17 00 45 44 30 42 31 20   X~~L?Zu?~~ED0B1 
20 20 30 31 39 00 00 0E 01 5A 75 3F 17 00 3F 44     019~~~~Zu?~~?D
30 42 31 20 20 20 41 53 50 00 00 39 3F 5A 75 3F   0B1   ASP~~9?Zu?
17 00 26 44 30 45 31 4D 36 20 43 4F 4D 00 00 0E   ~~&D0E1M6 COM~~~
01 5A 75 3F 17 00 14 44 30 42 32 20 20 20 41 53   ~Zu?~~~D0B2   AS
50 00 09 4F 3F 5A 75 3F 17 00 24 44 30 42 31 20   P~~O?Zu?~~$D0B1 
20 20 46 45 50 00 09 4E 3F 5A 75 3F 17 00 12 44     FEP~~N?Zu?~~~D
30 42 31 20 20 20 50 45 55 00 00 42 3F 5A 75 3F   0B1   PEU~~B?Zu?
17 00 52 44 30 42 31 37 30 20 4D 4E 50 00 00 0F   ~~RD0B170 MNP~~~
12 5A 75 3F 17 00 24 44 30 42 31 35 32 20 41 34   ~Zu?~~$D0B152 A4
20 00 00 3C 3F 5A 75 3F 17 00 6B 44 30 42 31 20    ~~<?Zu?~~kD0B1 
20 20 30 33 32 00 00 3E 7B 5A 75 3F 17 00 6D 44     032~~>{Zu?~~mD
30 42 32 20 20 20 47 44 43 00 00 10 3F 5A 75 3F   0B2   GDC~~~?Zu?
17 00 28 44 30 42 31 20 20 20 41 44 56 00 09 50   ~~(D0B1   ADV~~P
3F 5A 75 3F 17 00 28 44 30 42 31 20 20 20 39 39   ?Zu?~~(D0B1   99
39 00 00 4C 3F 5A 75 3F 17 00 3F 44 30 42 31 20   9~~L?Zu?~~?D0B1 
20 20 30 31 39 00 00 3C 3F 5A 75 3F 17 00 49 44     019~~<?Zu?~~ID
30 42 31 20 20 20 30 33 32 00 00 3C 3F 5A 75 3F   0B1   032~~<?Zu?
17 00 37 44 30 42 31 20 20 20 30 33 32 00 00 4E   ~~7D0B1   032~~N
3F 5A 75 3F 18 00 30 44 30 42 31 20 20 20 49 52   ?Zu?~~0D0B1   IR
58 00 09 29 6A 5A 75 3F 18 00 3F 44 30 42 31 37   X~~)jZu?~~?D0B17
51 20 35 34 20 00 00 10 3F 5A 75 3F 18 00 2E 44   Q 54 ~~~?Zu?~~.D
30 42 31 20 20 20 41 44 56 00 0C 35 08 5A 75 3F   0B1   ADV~~5~Zu?
18 00 20 44 30 42 31 20 20 20 20 20 20 00 09 50   ~~ D0B1      ~~P
3F 5A 75 3F 18 00 17 44 30 42 32 20 20 20 4D 45   ?Zu?~~~D0B2   ME
44 00 09 4F 31 5A 75 3F 18 00 38 44 30 42 31 37   D~~O1Zu?~~8D0B17
39 20 39 39 39 00 00 0E 01 5A 75 3F 18 00 3F 44   9 999~~~~Zu?~~?D
30 42 31 20 20 20 41 53 50 00 09 51 2A 5A 75 3F   0B1   ASP~~Q*Zu?
18 00 26 44 30 42 32 20 20 20 4E 56 54 00 00 4C   ~~&D0B2   NVT~~L
3F 5A 75 3F 18 00 3F 44 30 42 31 20 20 20 30 31   ?Zu?~~?D0B1   01
39 00 00 10 3F 5A 75 3F 18 00 0F 44 30 42 32 20   9~~~?Zu?~~~D0B2 
20 20 41 44 56 00 00 10 3F 5A 75 3F 18 00 09 44     ADV~~~?Zu?~~~D
30 42 32 20 20 20 41 44 56 00 00 42 72 5A 75 3F   0B2   ADV~~BrZu?
18 00 2D 44 30 42 31 20 20 20 43 49 4D 00 00 10   ~~-D0B1   CIM~~~
3F 5A 75 3F 18 00 21 44 30 42 31 37 33 20 41 44   ?Zu?~~!D0B173 AD
56 00 00 10 3F 5A 75 3F 18 00 2B 44 30 42 31 20   V~~~?Zu?~~+D0B1 
20 20 41 44 56 00 09 50 3F 5A 75 3F 18 00 37 44     ADV~~P?Zu?~~7D
30 42 31 20 20 20 30 30 36 00 00 10 3F 5A 75 3F   0B1   006~~~?Zu?
18 00 30 44 30 42 31 20 20 20 4D 45 44 00 09 50   ~~0D0B1   MED~~P
3F 5A 75 3F 18 00 21 44 30 42 32 20 20 20 20 20   ?Zu?~~!D0B2     
20 00 09 51 3F 5A 75 3F 18 00 14 44 30 42 31 20    ~~Q?Zu?~~~D0B1 
20 20 53 41 56 00 00 42 72 5A 75 3F 18 00 08 44     SAV~~BrZu?~~~D
30 42 31 31 39 20 43 49 4D 00 09 4E 3F 5A 75 3F   0B119 CIM~~N?Zu?
18 00 18 44 30 42 31 47 39 20 20 20 20 00 00 44   ~~~D0B1G9    ~~D
29 5A 75 3F 18 00 7F 44 30 42 31 20 20 20 36 37   )Zu?~~~D0B1   67
39 00 09 4E 3F 5A 75 3F 18 00 15 44 30 42 31 37   9~~N?Zu?~~~D0B17
30 20 49 52 58 00 09 4F 31 5A 75 3F 19 00 29 44   0 IRX~~O1Zu?~~)D
30 42 31 20 20 20 39 39 39 00 00 10 3F 5A 75 3F   0B1   999~~~?Zu?
19 00 0E 44 30 42 32 20 20 20 4D 45 44 00 09 50   ~~~D0B2   MED~~P
3F 5A 75 3F 19 00 19 44 30 42 31 38 38 39 34 32   ?Zu?~~~D0B188942
34 00 00 06 11 5A 75 3F 19 00 1D 44 30 42 31 20   4~~~~Zu?~~~D0B1 
20 20 54 4E 4D 00 00 40 52 5A 75 3F 19 00 01 44     TNM~~@RZu?~~~D
30 42 31 31 35 20 53 43 44 00 09 4F 31 5A 75 3F   0B115 SCD~~O1Zu?
19 00 39 44 30 42 31 20 20 20 39 39 39 00 0C 35   ~~9D0B1   999~~5
08 5A 75 3F 19 00 29 44 30 42 31 37 39 20 20 20   ~Zu?~~)D0B179   
20 00 09 4F 3F 5A 75 3F 19 00 27 44 30 42 31 20    ~~O?Zu?~~'D0B1 
20 20 46 45 50 00 09 4E 3F 5A 75 3F 19 00 41 44     FEP~~N?Zu?~~AD
30 42 31 37 36 20 2A 20 20 00 00 0F 12 5A 75 3F   0B176 *  ~~~~Zu?
19 00 3D 44 30 42 31 20 20 20 41 34 20 00 09 4F   ~~=D0B1   A4 ~~O
24 5A 75 3F 19 00 07 44 30 42 31 38 38 20 44 52   $Zu?~~~D0B188 DR
4D 00 00 3C 3F 5A 75 3F 19 00 3F 44 30 42 31 20   M~~<?Zu?~~?D0B1 
20 20 30 33 32 00 09 4F 31 5A 75 3F 19 00 3A 44     032~~O1Zu?~~:D
30 42 31 20 20 20 39 39 39 00 00 0E 01 5A 75 3F   0B1   999~~~~Zu?
19 00 72 44 30 42 31 37 30 20 41 53 50 00 09 50   ~~rD0B170 ASP~~P
3F 5A 75 3F 1A 00 2A 44 30 42 31 20 20 20 4C 4F   ?Zu?~~*D0B1   LO
59 00 00 42 3F 5A 75 3F 1A 00 62 44 30 42 31 37   Y~~B?Zu?~~bD0B17
30 20 4D 4E 50 00 09 4E 3F 5A 75 3F 1A 00 26 44   0 MNP~~N?Zu?~~&D
30 42 31 37 35 20 4D 45 44 00 00 45 3F 5A 75 3F   0B175 MED~~E?Zu?
1A 00 19 44 30 42 31 20 20 20 56 54 50 00 00 12   ~~~D0B1   VTP~~~
4A 5A 75 3F 1A 01 6D 44 30 42 31 37 30 20 43 4E   JZu?~~mD0B170 CN
20 00 09 33 3F 5A 75 3F 1A 00 17 44 30 42 31 37    ~~3?Zu?~~~D0B17
30 20 42 41 5A 00 00 2D 3F 5A 75 3F 1A 00 08 44   0 BAZ~~-?Zu?~~~D
30 45 31 35 32 20 32 32 32 00 00 30 39 5A 75 3F   0E152 222~~09Zu?
1A 00 3C 44 30 42 31 20 20 20 50 30 32 00 09 50   ~~<D0B1   P02~~P
3F 5A 75 3F 1A 00 31 44 30 42 31 20 20 20 39 39   ?Zu?~~1D0B1   99
39 00 09 4E 3F 5A 75 3F 1A 00 18 44 30 42 32 20   9~~N?Zu?~~~D0B2 
20 20 20 20 20 00 09 4E 3F 5A 75 3F 1A 00 21 44        ~~N?Zu?~~!D
30 42 31 37 36 20 49 52 58 00 09 4F 31 5A 75 3F   0B176 IRX~~O1Zu?
1A 00 3C 44 30 42 31 20 20 20 39 39 39 00 00 26   ~~<D0B1   999~~&
3F 5A 75 3F 1A 00 35 44 30 42 31 20 20 20 52 4F   ?Zu?~~5D0B1   RO
49 00 00 2D 3F 5A 75 3F 1A 00 07 44 30 45 31 35   I~~-?Zu?~~~D0E15
32 20 32 32 32 00 00 3C 3F 5A 75 3F 1A 00 31 44   2 222~~<?Zu?~~1D
30 42 31 20 20 20 30 33 32 00 09 50 3F 5A 75 3F   0B1   032~~P?Zu?
1A 00 62 44 30 42 31 20 20 20 48 4D 48 00 00 10   ~~bD0B1   HMH~~~
3F 5A 75 3F 1A 00 2B 44 30 42 31 20 20 20 4D 45   ?Zu?~~+D0B1   ME
44 00 09 52 0E 5A 75 3F 1B 00 24 44 30 42 31 4D   D~~R~Zu?~~$D0B1M
52 20 52 45 41 00 00 32 3F 5A 75 3F 3F 00 06 44   R REA~~2?Zu??~~D
30 42 31 20 20 20 50 4E 54 00 00 10 3F 5A 75 3F   0B1   PNT~~~?Zu?
3F 00 32 44 30 42 31 20 20 20 4D 45 44 00 00 3E   ?~2D0B1   MED~~>
42 5A 75 3F 3F 00 07 44 30 42 31 4E 4E 20 37 34   BZu??~~D0B1NN 74
36 00 00 4E 3F 5A 75 3F 3F 00 2A 44 30 42 31 20   6~~N?Zu??~*D0B1 
20 20 46 4D 20 00 00 10 3F 5A 75 3F 3F 00 15 44     FM ~~~?Zu??~~D
30 42 32 20 20 20 4D 43 41 00 09 4E 3F 5A 75 3F   0B2   MCA~~N?Zu?
3F 00 10 44 30 42 32 20 20 20 49 52 58 00 00 10   ?~~D0B2   IRX~~~
3F 5A 75 3F 3F 00 40 44 30 42 31 20 20 20 41 44   ?Zu??~@D0B1   AD
56 00 00 3E 7B 5A 75 3F 3F 00 3F 44 30 42 31 4E   V~~>{Zu??~?D0B1N
4E 20 47 44 43 00 00 0F 12 5A 75 3F 3F 00 18 44   N GDC~~~~Zu??~~D
30 42 32 20 20 20 41 34 20 00 00 10 3F 5A 75 3F   0B2   A4 ~~~?Zu?
3F 00 1E 44 30 42 31 36 39 20 4D 43 41 00 00 39   ?~~D0B169 MCA~~9
3F 5A 75 3F 3F 00 59 44 30 45 31 20 20 20 43 4F   ?Zu??~YD0E1   CO
4D 00 00 49 3F 5A 75 3F 3F 01 2E 44 30 42 31 34   M~~I?Zu??~.D0B14
31 20 33 46 20 00 00 0E 01 5A 75 3F 3F 01 26 44   1 3F ~~~~Zu??~&D
30 42 31 20 20 20 41 53 50 00 00 0F 12 5A 75 3F   0B1   ASP~~~~Zu?
3F 00 44 44 30 42 31 20 20 20 4D 41 20 00 09 4E   ?~DD0B1   MA ~~N
3F 5A 75 3F 3F 00 1B 44 30 42 31 37 33 20 20 20   ?Zu??~~D0B173   
20 00 09 4E 3F 5A 75 3F 3F 00 0F 44 30 42 32 20    ~~N?Zu??~~D0B2 
20 20 50 45 55 00 00 10 3F 5A 75 3F 3F 00 1F 44     PEU~~~?Zu??~~D
30 42 31 20 20 20 4D 45 44 00 00 10 3F 5A 75 3F   0B1   MED~~~?Zu?
3F 00 29 44 30 42 31 20 20 20 4D 45 44 00 00 12   ?~)D0B1   MED~~~
3F 5A 75 3F 3F 00 58 44 30 42 31 38 35 20 59 4A   ?Zu??~XD0B185 YJ
4B 00 00 0E 01 5A 75 3F 3F 00 22 44 30 42 31 36   K~~~~Zu??~"D0B16
39 20 37 34 30 00 00 10 3F 5A 75 3F 3F 00 30 44   9 740~~~?Zu??~0D
30 42 31 20 20 20 41 44 56 00 09 4E 3F 5A 75 3F   0B1   ADV~~N?Zu?
3F 00 15 44 30 42 32 20 20 20 43 52 4B 00 00 0F   ?~~D0B2   CRK~~~
12 5A 75 3F 3F 00 0C 44 30 42 32 20 20 20 41 34   ~Zu??~~D0B2   A4
20 00 09 4E 3F 5A 75 3F 3F 00 2A 44 30 42 31 37    ~~N?Zu??~*D0B17
36 20 49 52 58 00 00 10 3F 5A 75 3F 3F 00 20 44   6 IRX~~~?Zu??~ D
30 42 31 20 20 20 41 44 56 00 00 0E 01 5A 75 3F   0B1   ADV~~~~Zu?
3F 00 13 44 30 42 31 36 35 20 41 53 50 00 09 4E   ?~~D0B165 ASP~~N
3F 5A 75 3F 3F 00 13 44 30 42 31 36 35 20 20 20   ?Zu??~~D0B165   
20 00 00 42 72 5A 75 3F 3F 00 43 44 30 42 31 20    ~~BrZu??~CD0B1 
20 20 43 49 4D 00 00 0F 12 5A 75 3F 3F 00 22 44     CIM~~~~Zu??~"D
30 42 31 20 20 20 41 34 20 00 09 4E 3F 5A 75 3F   0B1   A4 ~~N?Zu?
3F 00 1F 44 30 42 31 20 20 20 20 20 20 00 09 33   ?~~D0B1      ~~3
3F 5A 75 3F 3F 00 02 44 30 42 31 32 35 20 42 41   ?Zu??~~D0B125 BA
5A 00 00 10 3F 5A 75 3F 3F 00 24 44 30 42 31 20   Z~~~?Zu??~$D0B1 
20 20 4D 43 41 00 09 4E 3F 5A 75 3F 3F 00 1E 44     MCA~~N?Zu??~~D
30 42 32 20 20 20 20 20 20 00 09 4E 3F 5A 75 3F   0B2      ~~N?Zu?
3F 00 0D 44 30 42 31 4E 4E 20 49 52 58 00 09 50   ?~~D0B1NN IRX~~P
3F 5A 75 3F 3F 00 27 44 30 42 32 20 20 20 50 41   ?Zu??~'D0B2   PA
41 00 09 4E 3F 5A 75 3F 3F 00 10 44 30 42 31 4E   A~~N?Zu??~~D0B1N
4E 20 4D 45 44 00 00 41 3F 5A 75 3F 3F 00 11 44   N MED~~A?Zu??~~D
30 42 31 20 20 20 4D 48 49 00 09 50 3F 5A 75 3F   0B1   MHI~~P?Zu?
3F 00 34 44 30 42 31 38 30 20 34 38 30 00 00 10   ?~4D0B180 480~~~
3F 5A 75 3F 3F 00 21 44 30 42 31 20 20 20 4D 45   ?Zu??~!D0B1   ME
44 00 09 4E 3F 5A 75 3F 3F 00 13 44 30 42 31 37   D~~N?Zu??~~D0B17
36 20 50 45 55 00 00 39 3F 5A 75 3F 3F 00 2B 44   6 PEU~~9?Zu??~+D
30 45 31 4D 36 20 43 4F 4D 00 00 10 3F 5A 75 3F   0E1M6 COM~~~?Zu?
3F 00 14 44 30 42 32 20 20 20 4D 45 44 00 00 25   ?~~D0B2   MED~~%
53 5A 75 3F 3F 00 19 44 30 42 31 4E 4E 20 4D 41   SZu??~~D0B1NN MA
53 00 09 4E 3F 5A 75 3F 3F 00 3F 44 30 42 31 20   S~~N?Zu??~?D0B1 
20 20 20 20 20 00 09 4E 3F 5A 75 3F 3F 00 3F 44        ~~N?Zu??~?D
30 42 31 20 20 20 4D 45 44 00 00 10 3F 5A 75 3F   0B1   MED~~~?Zu?
3F 00 20 44 30 42 32 20 20 20 4D 45 44 00 09 50   ?~ D0B2   MED~~P
3F 5A 75 3F 3F 00 67 44 30 42 31 20 20 20 43 42   ?Zu??~gD0B1   CB
43 00 00 39 3F 5A 75 3F 3F 00 2B 44 30 45 31 20   C~~9?Zu??~+D0E1 
20 20 43 4F 4D 00 00 10 3F 5A 75 3F 3F 03 24 44     COM~~~?Zu??~$D
30 42 31 20 20 20 57 41 4C 00 00 0F 12 5A 75 3F   0B1   WAL~~~~Zu?
3F 00 2E 44 30 42 31 20 20 20 4D 41 20 00 00 10   ?~.D0B1   MA ~~~
3F 5A 75 3F 3F 00 23 44 30 42 31 37 30 20 41 44   ?Zu??~#D0B170 AD
56 00 00 2E 53 5A 75 3F 3F 00 4C 44 30 42 31 20   V~~.SZu??~LD0B1 
20 20 4D 41 43 00 09 4F 3F 5A 75 3F 3F 00 3F 44     MAC~~O?Zu??~?D
30 42 31 20 20 20 50 52 58 00 00 0E 01 5A 75 3F   0B1   PRX~~~~Zu?
3F 00 5B 44 30 42 31 20 20 20 41 53 50 00 09 4E   ?~[D0B1   ASP~~N
3F 5A 75 3F 3F 00 3D 44 30 42 31 20 20 20 20 20   ?Zu??~=D0B1     
20 00 00 0F 12 5A 75 3F 3F 00 1E 44 30 42 31 20    ~~~~Zu??~~D0B1 
20 20 4D 44 20 00 00 4E 3F 5A 75 3F 3F 00 6E 44     MD ~~N?Zu??~nD
30 42 31 20 20 20 49 53 20 00 09 4F 3F 5A 75 3F   0B1   IS ~~O?Zu?
3F 00 27 44 30 42 31 20 20 20 46 45 50 00 00 10   ?~'D0B1   FEP~~~
3F 5A 75 3F 3F 00 2D 44 30 42 31 20 20 20 41 44   ?Zu??~-D0B1   AD
56 00 00 10 3F 5A 75 3F 3F 00 0F 44 30 42 32 20   V~~~?Zu??~~D0B2 
20 20 41 44 56 00 09 4F 31 5A 75 3F 3F 00 1E 44     ADV~~O1Zu??~~D
30 42 31 20 20 20 39 39 39 00 09 4E 3F 5A 75 3F   0B1   999~~N?Zu?
3F 00 21 44 30 42 31 20 20 20 49 52 58 00 00 4E   ?~!D0B1   IRX~~N
3F 5A 75 3F 3F 00 2E 44 30 42 31 20 20 20 46 4D   ?Zu??~.D0B1   FM
20 00 00 0E 01 5A 75 3F 3F 00 71 44 30 42 31 20    ~~~~Zu??~qD0B1 
20 20 32 34 30 00 00 10 3F 5A 75 3F 3F 00 1E 44     240~~~?Zu??~~D
30 42 31 34 31 20 41 44 56 00 00 39 3F 5A 75 3F   0B141 ADV~~9?Zu?
3F 00 24 44 30 45 31 4D 36 20 43 4F 4D 00 09 4F   ?~$D0E1M6 COM~~O
3F 5A 75 3F 3F 00 7D 44 30 42 31 20 20 20 50 52   ?Zu??~}D0B1   PR
58 00 00 10 3F 5A 75 3F 3F 00 20 44 30 42 31 20   X~~~?Zu??~ D0B1 
20 20 41 44 56 00 00 3E 7B 5A 75 3F 3F 00 3F 44     ADV~~>{Zu??~?D
30 42 31 20 20 20 47 44 43 00 00 42 72 5A 75 3F   0B1   GDC~~BrZu?
3F 00 18 44 30 42 32 20 20 20 30 35 31 00 09 50   ?~~D0B2   051~~P
3F 5A 75 3F 3F 00 36 44 30 42 31 37 39 20 4D 45   ?Zu??~6D0B179 ME
44 00 09 4E 3F 5A 75 3F 3F 00 1D 44 30 42 32 20   D~~N?Zu??~~D0B2 
20 20 20 20 20 00 00 10 3F 5A 75 3F 3F 00 37 44        ~~~?Zu??~7D
30 42 31 37 35 20 41 44 56 00 00 4C 3F 5A 75 3F   0B175 ADV~~L?Zu?
3F 00 4B 44 30 42 31 20 20 20 30 31 39 00 00 0F   ?~KD0B1   019~~~
12 5A 75 3F 3F 00 3E 44 30 42 31 20 20 20 4D 41   ~Zu??~>D0B1   MA
20 00 00 10 3F 5A 75 3F 3F 00 3F 44 30 42 31 20    ~~~?Zu??~?D0B1 
20 20 54 45 4C 00 00 10 3F 5A 75 3F 3F 00 1E 44     TEL~~~?Zu??~~D
30 42 31 20 20 20 41 44 56 00 00 0F 12 5A 75 3F   0B1   ADV~~~~Zu?
3F 00 23 44 30 42 31 20 20 20 4D 44 20 00 00 29   ?~#D0B1   MD ~~)
53 5A 75 3F 3F 00 65 44 30 42 31 20 20 20 4F 4B   SZu??~eD0B1   OK
41 00 00 45 3F 5A 75 3F 3F 00 0B 44 30 42 31 38   A~~E?Zu??~~D0B18
32 20 56 54 50 00 00 0F 12 5A 75 3F 3F 00 2D 44   2 VTP~~~~Zu??~-D
30 42 31 20 20 20 4D 41 20 00 00 0E 01 5A 75 3F   0B1   MA ~~~~Zu?
3F 00 3C 44 30 42 31 20 20 20 41 53 50 00 00 10   ?~<D0B1   ASP~~~
3F 5A 75 3F 3F 00 0D 44 30 42 32 20 20 20 4D 45   ?Zu??~~D0B2   ME
44 00 00 3D 3F 5A 75 3F 3F 00 4E 44 30 42 31 20   D~~=?Zu??~ND0B1 
20 20 55 54 50 00 00 4A 3F 5A 75 3F 3F 00 2C 44     UTP~~J?Zu??~,D
30 42 31 38 57 20 43 4E 52 00 09 4E 3F 5A 75 3F   0B18W CNR~~N?Zu?
3F 00 2C 44 30 42 31 4D 52 20 20 20 20 00 09 4E   ?~,D0B1MR    ~~N
3F 5A 75 3F 3F 00 29 44 30 42 31 20 20 20 43 54   ?Zu??~)D0B1   CT
52 00 00 0E 01 5A 75 3F 3F 00 22 44 30 42 32 20   R~~~~Zu??~"D0B2 
20 20 41 53 50 00 09 50 3F 5A 75 3F 3F 00 3F 44     ASP~~P?Zu??~?D
30 42 32 20 20 20 39 39 39 00 00 10 3F 5A 75 3F   0B2   999~~~?Zu?
3F 00 24 44 30 42 31 20 20 20 41 44 56 00 00 0F   ?~$D0B1   ADV~~~
12 5A 75 3F 3F 00 22 44 30 42 31 20 20 20 41 34   ~Zu??~"D0B1   A4
20 00 00 0F 3F 5A 75 3F 3F 00 08 44 30 42 31 45    ~~~?Zu??~~D0B1E
37 20 34 33 2D 00 09 4E 3F 5A 75 3F 3F 00 20 44   7 43-~~N?Zu??~ D
30 42 31 20 20 20 48 50 48 00 09 4F 3F 5A 75 3F   0B1   HPH~~O?Zu?
3F 00 3F 44 30 42 31 20 20 20 50 52 58 00 00 42   ?~?D0B1   PRX~~B
72 5A 75 3F 3F 00 40 44 30 42 31 20 20 20 43 49   rZu??~@D0B1   CI
4D 00 0C 35 08 5A 75 3F 3F 00 34 44 30 42 31 20   M~~5~Zu??~4D0B1 
20 20 20 20 20 00 09 4F 3F 5A 75 3F 3F 00 1D 44        ~~O?Zu??~~D
30 42 31 20 20 20 39 39 39 00 00 39 3F 5A 75 3F   0B1   999~~9?Zu?
3F 00 0D 44 30 45 31 4D 36 20 43 4F 4D 00 00 10   ?~~D0E1M6 COM~~~
3F 5A 75 3F 3F 00 32 44 30 42 31 20 20 20 41 44   ?Zu??~2D0B1   AD
56 00 09 50 4A 5A 75 3F 3F 00 3F 44 30 42 31 20   V~~PJZu??~?D0B1 
20 20 53 43 31 00 09 4F 3F 5A 75 3F 3F 00 32 44     SC1~~O?Zu??~2D
30 42 31 20 20 20 39 39 39 00 00 0F 12 5A 75 3F   0B1   999~~~~Zu?
3F 00 1A 44 30 42 31 20 20 20 4D 41 20 00 00 10   ?~~D0B1   MA ~~~
3F 5A 75 3F 3F 00 0F 44 30 42 32 20 20 20 41 44   ?Zu??~~D0B2   AD
56 00 09 4E 3F 5A 75 3F 3F 00 10 44 30 42 32 20   V~~N?Zu??~~D0B2 
20 20 49 52 58 00 09 51 3F 5A 75 3F 3F 00 23 44     IRX~~Q?Zu??~#D
30 42 32 20 20 20 37 37 37 00 00 0F 12 5A 75 3F   0B2   777~~~~Zu?
3F 00 38 44 30 42 31 20 20 20 44 45 20 00 00 10   ?~8D0B1   DE ~~~
3F 5A 75 3F 3F 00 1C 44 30 42 31 37 30 20 4D 45   ?Zu??~~D0B170 ME
44 00 09 4F 3F 5A 75 3F 3F 00 06 44 30 42 31 38   D~~O?Zu??~~D0B18
38 20 50 52 58 00 00 3E 7B 5A 75 3F 3F 00 3F 44   8 PRX~~>{Zu??~?D
30 42 32 20 20 20 47 44 43 00 00 1C 3F 5A 75 3F   0B2   GDC~~~?Zu?
3F 00 02 44 30 42 31 20 20 20 56 41 4E 00 00 0F   ?~~D0B1   VAN~~~
3F 5A 75 3F 3F 00 40 44 30 42 31 20 20 20 34 33   ?Zu??~@D0B1   43
2D 00 09 29 6C 5A 75 3F 3F 00 1A 44 30 42 31 35   -~~)lZu??~~D0B15
35 37 30 36 32 00 09 50 4A 5A 75 3F 3F 00 3F 44   57062~~PJZu??~?D
30 42 31 20 20 20 53 43 31 00 00 10 3F 5A 75 3F   0B1   SC1~~~?Zu?
3F 00 1C 44 30 42 32 20 20 20 41 44 56 00 00 42   ?~~D0B2   ADV~~B
72 5A 75 3F 3F 00 21 44 30 42 31 20 20 20 30 32   rZu??~!D0B1   02
31 00 09 4F 24 5A 75 3F 3F 00 29 44 30 42 31 35   1~~O$Zu??~)D0B15
32 20 52 58 53 00 09 50 3F 5A 75 3F 3F 00 52 44   2 RXS~~P?Zu??~RD
30 42 32 20 20 20 43 53 50 00 00 10 3F 5A 75 3F   0B2   CSP~~~?Zu?
3F 00 29 44 30 42 31 20 20 20 4D 45 44 00 00 4C   ?~)D0B1   MED~~L
3F 5A 75 3F 3F 00 07 44 30 42 31 4E 4E 20 30 36   ?Zu??~~D0B1NN 06
31 00 09 4F 3F 5A 75 3F 3F 00 25 44 30 42 31 20   1~~O?Zu??~%D0B1 
20 20 39 39 39 00 09 4F 3F 5A 75 3F 3F 00 74 44     999~~O?Zu??~tD
30 42 31 20 20 20 50 52 58 00 09 4E 3F 5A 75 3F   0B1   PRX~~N?Zu?
3F 00 55 44 30 42 31 20 20 20 49 52 58 00 00 4E   ?~UD0B1   IRX~~N
3F 5A 75 3F 3F 00 30 44 30 42 31 20 20 20 46 4D   ?Zu??~0D0B1   FM
20 00 09 4E 3F 5A 75 3F 3F 00 24 44 30 42 31 37    ~~N?Zu??~$D0B17
39 20 50 45 55 00 09 50 3F 5A 75 3F 3F 00 2F 44   9 PEU~~P?Zu??~/D
30 42 31 20 20 20 39 39 39 00 00 40 52 5A 75 3F   0B1   999~~@RZu?
3F 00 0B 44 30 42 32 20 20 20 53 43 44 00 00 0E   ?~~D0B2   SCD~~~
01 5A 75 3F 3F 00 19 44 30 42 31 4E 31 20 33 38   ~Zu??~~D0B1N1 38
30 00 00 10 3F 5A 75 3F 3F 00 2E 44 30 42 31 20   0~~~?Zu??~.D0B1 
20 20 4D 43 41 00 09 50 3F 5A 75 3F 3F 00 44 44     MCA~~P?Zu??~DD
30 42 31 20 20 20 30 30 36 00 09 4F 3F 5A 75 3F   0B1   006~~O?Zu?
3F 00 4B 44 30 42 31 20 20 20 39 39 39 00 00 10   ?~KD0B1   999~~~
3F 5A 75 3F 3F 00 32 44 30 42 31 20 20 20 4D 43   ?Zu??~2D0B1   MC
41 00 09 4E 3F 5A 75 3F 3F 00 1B 44 30 42 31 37   A~~N?Zu??~~D0B17
39 20 39 39 39 00 00 25 53 5A 75 3F 3F 00 4B 44   9 999~~%SZu??~KD
30 42 32 20 20 20 4D 41 53 00 00 2B 18 5A 75 3F   0B2   MAS~~+~Zu?
3F 00 09 44 30 42 31 20 20 20 43 41 53 00 09 50   ?~~D0B1   CAS~~P
3F 5A 75 3F 3F 00 3B 44 30 42 31 20 20 20 4D 45   ?Zu??~;D0B1   ME
44 00 00 27 3F 5A 75 3F 3F 00 06 44 30 42 32 20   D~~'?Zu??~~D0B2 
20 20 50 50 52 00 00 10 3F 5A 75 3F 3F 00 2E 44     PPR~~~?Zu??~.D
30 42 31 20 20 20 4D 45 44 00 09 4F 31 5A 75 3F   0B1   MED~~O1Zu?
3F 00 5A 44 30 42 31 20 20 20 39 39 39 00 09 4F   ?~ZD0B1   999~~O
3F 5A 75 3F 3F 00 50 44 30 42 32 20 20 20 39 39   ?Zu??~PD0B2   99
39 00 09 50 3F 5A 75 3F 3F 00 3E 44 30 42 31 20   9~~P?Zu??~>D0B1 
20 20 20 20 20 00 00 10 3F 5A 75 3F 3F 00 25 44        ~~~?Zu??~%D
30 42 31 20 20 20 4D 45 44 00 09 4F 24 5A 75 3F   0B1   MED~~O$Zu?
3F 00 72 44 30 42 31 20 20 20 44 52 4D 00 09 4E   ?~rD0B1   DRM~~N
3F 5A 75 3F 3F 00 2B 44 30 42 31 20 20 20 43 4F   ?Zu??~+D0B1   CO
50 00 00 27 3F 5A 75 3F 3F 00 07 44 30 42 31 20   P~~'?Zu??~~D0B1 
20 20 50 50 52 00 09 51 1F 5A 75 3F 3F 00 23 44     PPR~~Q~Zu??~#D
30 42 31 20 20 20 41 44 56 00 09 4E 3F 5A 75 3F   0B1   ADV~~N?Zu?
3F 00 2D 44 30 42 31 37 35 20 20 20 20 00 00 3C   ?~-D0B175    ~~<
3F 5A 75 3F 3F 00 35 44 30 42 31 20 20 20 30 33   ?Zu??~5D0B1   03
32 00 00 40 52 5A 75 3F 3F 00 29 44 30 42 31 32   2~~@RZu??~)D0B12
31 20 53 43 44 00 09 52 24 5A 75 3F 3F 00 61 44   1 SCD~~R$Zu??~aD
30 42 31 20 20 20 43 48 4D 00 00 28 3F 5A 75 3F   0B1   CHM~~(?Zu?
3F 00 01 44 30 42 32 20 20 20 50 50 52 00 00 12   ?~~D0B2   PPR~~~
12 5A 75 3F 3F 00 2D 44 30 42 31 20 20 20 20 20   ~Zu??~-D0B1     
20 00 00 40 52 5A 75 3F 3F 00 19 44 30 42 32 20    ~~@RZu??~~D0B2 
20 20 53 43 44 00 00 10 3F 5A 75 3F 3F 00 24 44     SCD~~~?Zu??~$D
30 42 31 37 35 20 4D 43 41 00 09 4F 31 5A 75 3F   0B175 MCA~~O1Zu?
3F 00 32 44 30 42 31 20 20 20 39 39 39 00 09 2C   ?~2D0B1   999~~,
3F 5A 75 3F 3F 00 3F 44 30 42 31 20 20 20 4F 48   ?Zu??~?D0B1   OH
43 00 09 4F 24 5A 75 3F 3F 00 19 44 30 42 31 4E   C~~O$Zu??~~D0B1N
4E 20 44 52 4D 00 00 42 3F 5A 75 3F 3F 00 3E 44   N DRM~~B?Zu??~>D
30 42 31 41 43 20 41 53 50 00 09 4F 3F 5A 75 3F   0B1AC ASP~~O?Zu?
3F 00 24 44 30 42 31 20 20 20 39 39 39 00 00 58   ?~$D0B1   999~~X
3F 5A 75 3F 3F 00 3F 44 30 42 31 20 20 20 36 33   ?Zu??~?D0B1   63
33 00 00 42 72 5A 75 3F 3F 00 26 44 30 42 31 20   3~~BrZu??~&D0B1 
20 20 30 35 31 00 00 3C 3F 5A 75 3F 3F 00 47 44     051~~<?Zu??~GD
30 42 31 20 20 20 30 33 32 00 00 5D 48 5A 75 3F   0B1   032~~]HZu?
3F 00 19 44 30 42 32 20 20 20 4B 59 50 00 00 10   ?~~D0B2   KYP~~~
3F 5A 75 3F 3F 00 12 44 30 42 31 36 39 20 4D 45   ?Zu??~~D0B169 ME
44 00 00 2D 20 5A 75 3F 3F 00 33 44 30 42 31 20   D~~- Zu??~3D0B1 
20 20 42 43 54 00 09 50 3F 5A 75 3F 3F 00 29 44     BCT~~P?Zu??~)D
30 42 31 20 20 20 4D 45 44 00 00 3C 3F 5A 75 3F   0B1   MED~~<?Zu?
3F 00 27 44 30 42 31 35 36 39 30 33 32 00 00 39   ?~'D0B1569032~~9
3F 5A 75 3F 3F 00 26 44 30 45 31 20 20 20 43 4F   ?Zu??~&D0E1   CO
4D 00 00 10 3F 5A 75 3F 3F 00 30 44 30 42 31 20   M~~~?Zu??~0D0B1 
20 20 4D 45 44 00 00 0F 12 5A 75 3F 3F 00 1D 44     MED~~~~Zu??~~D
30 42 31 20 20 20 41 34 20 00 00 0F 12 5A 75 3F   0B1   A4 ~~~~Zu?
3F 00 24 44 30 42 31 20 20 20 41 34 20 00 09 50   ?~$D0B1   A4 ~~P
3F 5A 75 3F 3F 00 3F 44 30 42 31 20 20 20 20 20   ?Zu??~?D0B1     
20 00 09 4F 31 5A 75 3F 3F 00 15 44 30 42 32 20    ~~O1Zu??~~D0B2 
20 20 39 39 39 00 09 50 3F 5A 75 3F 3F 00 49 44     999~~P?Zu??~ID
30 42 31 20 20 20 39 39 39 00 09 50 3F 5A 75 3F   0B1   999~~P?Zu?
3F 00 5D 44 30 42 31 20 20 20 4D 45 44 00 00 42   ?~]D0B1   MED~~B
72 5A 75 3F 3F 00 19 44 30 42 31 37 30 20 43 49   rZu??~~D0B170 CI
4D 00 00 19 3F 5A 75 3F 3F 00 05 44 30 42 32 20   M~~~?Zu??~~D0B2 
20 20 48 59 56 00 09 51 21 5A 75 3F 3F 00 0D 44     HYV~~Q!Zu??~~D
30 42 31 36 39 20 53 58 43 00 09 4E 3F 5A 75 3F   0B169 SXC~~N?Zu?
3F 00 31 44 30 42 31 20 20 20 20 20 20 00 00 10   ?~1D0B1      ~~~
3F 5A 75 3F 3F 00 23 44 30 42 31 37 36 20 41 44   ?Zu??~#D0B176 AD
56 00 00 42 72 5A 75 3F 3F 00 2C 44 30 42 31 20   V~~BrZu??~,D0B1 
20 20 43 49 4D 00 00 12 3F 5A 75 3F 3F 00 2A 44     CIM~~~?Zu??~*D
30 42 31 20 20 20 59 4A 4B 00 09 4F 3F 5A 75 3F   0B1   YJK~~O?Zu?
3F 00 3F 44 30 42 31 20 20 20 50 52 58 00 09 4E   ?~?D0B1   PRX~~N
3F 5A 75 3F 3F 00 1C 44 30 42 31 20 20 20 50 45   ?Zu??~~D0B1   PE
55 00 09 50 3F 5A 75 3F 3F 00 1D 44 30 42 32 20   U~~P?Zu??~~D0B2 
20 20 30 30 36 00 00 40 73 5A 75 3F 3F 00 25 44     006~~@sZu??~%D
30 42 31 36 39 20 48 5A 52 00 09 33 3F 5A 75 3F   0B169 HZR~~3?Zu?
3F 00 02 44 30 42 31 32 35 20 42 41 5A 00 00 4E   ?~~D0B125 BAZ~~N
3F 5A 75 3F 3F 00 30 44 30 42 31 20 20 20 49 53   ?Zu??~0D0B1   IS
20 00 00 48 3F 5A 75 3F 3F 00 2B 44 30 42 31 20    ~~H?Zu??~+D0B1 
20 20 48 45 4C 00 00 0E 01 5A 75 3F 3F 01 17 44     HEL~~~~Zu??~~D
30 42 31 20 20 20 41 53 50 00 09 4F 31 5A 75 3F   0B1   ASP~~O1Zu?
3F 00 3A 44 30 42 31 20 20 20 39 39 39 00 00 42   ?~:D0B1   999~~B
72 5A 75 3F 3F 00 1F 44 30 42 31 37 39 20 43 49   rZu??~~D0B179 CI
03                                                ~