
02 31 35 30 36 37 30 31 36 34 35 43 56 30 39 00   ~1506701645CV09~
00 31 30 54 50 30 30 30 30 5A 58 31 34 45 4E 53   ~10TP0000ZX14ENS
53 1C 3F 56 33 00 00 01 39 01 38 07 3F 00 02 00   S~?V3~~~9~8~?~~~
02 00 0D 00 22 00 31 00 55 00 00 00 23 55 3F 3F   ~~~~"~1~U~~~#U??
3F 00 0D 00 32 00 00 1B 60 00 00 0F 12 5A 75 3F   ?~~~2~~~`~~~~Zu?
65 00 27 44 30 42 31 20 20 20 53 43 20 00 00 3E   e~'D0B1   SC ~~>
7B 5A 75 3F 65 00 3F 44 30 42 32 20 20 20 47 44   {Zu?e~?D0B2   GD
43 00 00 3E 7B 5A 75 3F 65 00 3F 44 30 42 31 20   C~~>{Zu?e~?D0B1 
20 20 47 44 43 00 09 50 3F 5A 75 3F 65 00 40 44     GDC~~P?Zu?e~@D
30 42 31 20 20 20 30 30 36 00 00 42 72 5A 75 3F   0B1   006~~BrZu?
65 00 1B 44 30 42 31 36 39 20 43 49 4D 00 00 1C   e~~D0B169 CIM~~~
3F 5A 75 3F 65 00 02 44 30 42 31 20 20 20 56 41   ?Zu?e~~D0B1   VA
4E 00 00 1E 4B 5A 75 3F 65 00 14 44 30 42 31 4E   N~~~KZu?e~~D0B1N
4E 20 45 50 41 00 00 0F 12 5A 75 3F 65 00 1F 44   N EPA~~~~Zu?e~~D
30 42 32 20 20 20 41 34 20 00 00 10 3F 5A 75 3F   0B2   A4 ~~~?Zu?
65 00 20 44 30 42 32 20 20 20 41 44 56 00 09 51   e~ D0B2   ADV~~Q
1F 5A 75 3F 66 00 2B 44 30 42 31 20 20 20 41 44   ~Zu?f~+D0B1   AD
56 00 09 4E 3F 5A 75 3F 66 00 2D 44 30 42 31 20   V~~N?Zu?f~-D0B1 
20 20 20 20 20 00 00 4E 69 5A 75 3F 66 00 3A 44        ~~NiZu?f~:D
30 42 31 37 39 20 20 20 20 00 00 0F 12 5A 75 3F   0B179    ~~~~Zu?
66 00 18 44 30 42 32 20 20 20 4D 44 20 00 00 5E   f~~D0B2   MD ~~^
3F 5A 75 3F 66 00 79 44 30 42 31 20 20 20 4F 48   ?Zu?f~yD0B1   OH
52 00 00 39 3F 5A 75 3F 66 00 0D 44 30 45 31 4D   R~~9?Zu?f~~D0E1M
36 20 43 4F 4D 00 09 4F 31 5A 75 3F 66 00 29 44   6 COM~~O1Zu?f~)D
30 42 31 20 20 20 39 39 39 00 00 10 3F 5A 75 3F   0B1   999~~~?Zu?
66 00 3C 44 30 42 31 20 20 20 4D 45 44 00 09 4E   f~<D0B1   MED~~N
3F 5A 75 3F 66 00 22 44 30 42 31 20 20 20 49 52   ?Zu?f~"D0B1   IR
58 00 00 44 3F 5A 75 3F 66 00 30 44 30 42 32 20   X~~D?Zu?f~0D0B2 
20 20 50 30 32 00 09 4F 3F 5A 75 3F 66 00 3B 44     P02~~O?Zu?f~;D
30 42 31 20 20 20 46 45 50 00 09 4F 24 5A 75 3F   0B1   FEP~~O$Zu?
67 00 5E 44 30 42 31 20 20 20 50 52 4F 00 09 51   g~^D0B1   PRO~~Q
0F 5A 75 3F 67 00 15 44 30 42 31 36 39 20 30 30   ~Zu?g~~D0B169 00
38 00 09 4E 3F 5A 75 3F 67 00 17 44 30 42 31 20   8~~N?Zu?g~~D0B1 
20 20 20 20 20 00 09 29 6A 5A 75 3F 67 00 3F 44        ~~)jZu?g~?D
30 42 31 20 20 20 35 34 20 00 00 1E 4B 5A 75 3F   0B1   54 ~~~KZu?
67 00 07 44 30 42 32 20 20 20 50 50 52 00 00 3C   g~~D0B2   PPR~~<
49 5A 75 3F 67 00 3F 44 30 42 31 20 20 20 53 53   IZu?g~?D0B1   SS
4E 00 00 06 11 5A 75 3F 67 00 26 44 30 42 31 20   N~~~~Zu?g~&D0B1 
20 20 54 4E 4D 00 09 50 3F 5A 75 3F 67 00 2E 44     TNM~~P?Zu?g~.D
30 42 31 20 20 20 34 33 34 00 00 12 3F 5A 75 3F   0B1   434~~~?Zu?
67 00 1B 44 30 42 31 20 20 20 59 52 42 00 00 42   g~~D0B1   YRB~~B
72 5A 75 3F 67 00 2D 44 30 42 31 20 20 20 43 49   rZu?g~-D0B1   CI
4D 00 00 10 3F 5A 75 3F 67 00 1F 44 30 42 31 20   M~~~?Zu?g~~D0B1 
20 20 4D 45 44 00 09 29 6C 5A 75 3F 67 00 1A 44     MED~~)lZu?g~~D
30 42 31 20 20 20 31 30 36 00 00 10 3F 5A 75 3F   0B1   106~~~?Zu?
67 00 05 44 30 42 31 31 35 20 4D 43 41 00 00 5A   g~~D0B115 MCA~~Z
3F 5A 75 3F 67 00 52 44 30 42 31 37 35 20 50 4D   ?Zu?g~RD0B175 PM
4E 00 00 0F 3F 5A 75 3F 67 00 26 44 30 42 31 37   N~~~?Zu?g~&D0B17
36 20 34 33 2D 00 00 42 72 5A 75 3F 68 00 08 44   6 43-~~BrZu?h~~D
30 42 31 4E 4E 20 30 32 31 00 00 42 72 5A 75 3F   0B1NN 021~~BrZu?
68 00 1C 44 30 42 31 20 20 20 30 32 31 00 00 3C   h~~D0B1   021~~<
3F 5A 75 3F 68 00 14 44 30 42 32 20 20 20 30 33   ?Zu?h~~D0B2   03
32 00 09 4E 3F 5A 75 3F 68 00 2E 44 30 42 31 20   2~~N?Zu?h~.D0B1 
20 20 20 20 20 00 00 10 3F 5A 75 3F 68 00 2B 44        ~~~?Zu?h~+D
30 42 31 20 20 20 41 44 56 00 00 0F 12 5A 75 3F   0B1   ADV~~~~Zu?
68 00 1D 44 30 42 31 20 20 20 41 34 20 00 09 50   h~~D0B1   A4 ~~P
3F 5A 75 3F 68 00 2E 44 30 42 31 41 46 20 20 20   ?Zu?h~.D0B1AF   
20 00 09 4F 3F 5A 75 3F 68 00 1C 44 30 42 31 20    ~~O?Zu?h~~D0B1 
20 20 46 45 50 00 00 42 72 5A 75 3F 68 00 18 44     FEP~~BrZu?h~~D
30 42 31 45 35 20 30 32 31 00 00 10 3F 5A 75 3F   0B1E5 021~~~?Zu?
68 00 2E 44 30 42 31 20 20 20 4D 45 44 00 09 29   h~.D0B1   MED~~)
6A 5A 75 3F 68 01 52 44 30 42 31 20 20 20 4A 50   jZu?h~RD0B1   JP
20 00 09 4F 31 5A 75 3F 68 00 0C 44 30 42 31 34    ~~O1Zu?h~~D0B14
58 20 39 39 39 00 00 46 3F 5A 75 3F 68 00 43 44   X 999~~F?Zu?h~CD
30 42 32 20 20 20 31 30 30 00 09 4F 31 5A 75 3F   0B2   100~~O1Zu?
68 00 41 44 30 42 31 20 20 20 39 39 39 00 09 4F   h~AD0B1   999~~O
3F 5A 75 3F 68 00 1D 44 30 42 31 38 38 20 39 39   ?Zu?h~~D0B188 99
39 00 09 50 3F 5A 75 3F 68 00 3F 44 30 42 31 30   9~~P?Zu?h~?D0B10
39 20 43 42 43 00 00 10 3F 5A 75 3F 68 00 26 44   9 CBC~~~?Zu?h~&D
30 42 31 20 20 20 4D 45 44 00 00 3C 3F 5A 75 3F   0B1   MED~~<?Zu?
69 00 1B 44 30 42 32 20 20 20 41 53 50 00 00 3C   i~~D0B2   ASP~~<
3F 5A 75 3F 69 00 12 44 30 42 31 35 36 39 30 33   ?Zu?i~~D0B156903
32 00 00 10 3F 5A 75 3F 69 00 24 44 30 42 31 37   2~~~?Zu?i~$D0B17
30 20 41 44 56 00 00 12 12 5A 75 3F 69 00 20 44   0 ADV~~~~Zu?i~ D
30 42 31 20 20 20 20 20 20 00 09 4F 3F 5A 75 3F   0B1      ~~O?Zu?
69 00 19 44 30 42 32 38 37 20 46 45 50 00 00 10   i~~D0B287 FEP~~~
3F 5A 75 3F 69 00 13 44 30 42 32 20 20 20 4D 43   ?Zu?i~~D0B2   MC
41 00 09 4F 4F 5A 75 3F 69 00 15 44 30 42 32 20   A~~OOZu?i~~D0B2 
20 20 30 31 39 00 00 10 3F 5A 75 3F 69 00 2C 44     019~~~?Zu?i~,D
30 42 31 20 20 20 4D 45 44 00 00 25 53 5A 75 3F   0B1   MED~~%SZu?
69 00 4F 44 30 42 32 20 20 20 4D 41 53 00 00 4C   i~OD0B2   MAS~~L
3F 5A 75 3F 69 00 20 44 30 42 32 20 20 20 50 52   ?Zu?i~ D0B2   PR
58 00 00 46 3F 5A 75 3F 69 00 49 44 30 42 31 20   X~~F?Zu?i~ID0B1 
20 20 31 30 30 00 09 50 3F 5A 75 3F 69 00 3E 44     100~~P?Zu?i~>D
30 42 31 20 20 20 45 4E 45 00 00 10 3F 5A 75 3F   0B1   ENE~~~?Zu?
6A 00 42 44 30 42 31 20 20 20 4D 45 44 00 00 39   j~BD0B1   MED~~9
3F 5A 75 3F 6A 00 3D 44 30 45 31 20 20 20 43 4F   ?Zu?j~=D0E1   CO
4D 00 00 4E 3F 5A 75 3F 6A 00 12 44 30 42 32 20   M~~N?Zu?j~~D0B2 
20 20 4E 45 20 00 00 3E 7B 5A 75 3F 6A 00 3F 44     NE ~~>{Zu?j~?D
30 42 32 20 20 20 47 44 43 00 00 10 3F 5A 75 3F   0B2   GDC~~~?Zu?
6A 00 07 44 30 42 32 20 20 20 41 44 56 00 00 4A   j~~D0B2   ADV~~J
3F 5A 75 3F 6A 00 14 44 30 42 31 38 57 20 43 4E   ?Zu?j~~D0B18W CN
52 00 00 2D 20 5A 75 3F 6A 00 6E 44 30 42 31 37   R~~- Zu?j~nD0B17
58 20 49 4C 44 00 00 46 3F 5A 75 3F 6A 00 3A 44   X ILD~~F?Zu?j~:D
30 42 32 20 20 20 31 30 30 00 00 3C 3F 5A 75 3F   0B2   100~~<?Zu?
6A 00 52 44 30 42 31 20 20 20 30 33 32 00 00 42   j~RD0B1   032~~B
72 5A 75 3F 6A 00 25 44 30 42 31 20 20 20 43 49   rZu?j~%D0B1   CI
4D 00 00 0E 01 5A 75 3F 6A 00 7A 44 30 42 31 20   M~~~~Zu?j~zD0B1 
20 20 32 34 30 00 00 60 30 5A 75 3F 6B 00 76 44     240~~`0Zu?k~vD
30 42 31 20 20 20 4D 44 31 00 00 10 3F 5A 75 3F   0B1   MD1~~~?Zu?
6B 00 56 44 30 42 31 20 20 20 4D 43 41 00 00 40   k~VD0B1   MCA~~@
52 5A 75 3F 6B 00 2D 44 30 42 31 20 20 20 53 43   RZu?k~-D0B1   SC
44 00 00 17 3B 5A 75 3F 6B 00 05 44 30 42 31 31   D~~~;Zu?k~~D0B11
35 20 43 4C 41 00 09 50 3F 5A 75 3F 6B 00 39 44   5 CLA~~P?Zu?k~9D
30 42 31 20 20 20 4D 45 44 00 00 1E 3F 5A 75 3F   0B1   MED~~~?Zu?
6B 00 3E 44 30 42 32 20 20 20 49 44 4D 00 09 4F   k~>D0B2   IDM~~O
3F 5A 75 3F 6B 00 2E 44 30 42 31 20 20 20 46 45   ?Zu?k~.D0B1   FE
50 00 09 50 3F 5A 75 3F 6B 00 36 44 30 42 31 37   P~~P?Zu?k~6D0B17
36 20 30 30 36 00 00 10 3F 5A 75 3F 6B 00 26 44   6 006~~~?Zu?k~&D
30 42 31 20 20 20 41 44 56 00 09 50 3F 5A 75 3F   0B1   ADV~~P?Zu?
6B 00 07 44 30 42 31 38 38 20 30 30 36 00 00 45   k~~D0B188 006~~E
3F 5A 75 3F 6B 00 18 44 30 42 31 34 31 20 56 54   ?Zu?k~~D0B141 VT
50 00 0C 35 08 5A 75 3F 6B 00 01 44 30 42 31 31   P~~5~Zu?k~~D0B11
35 20 20 20 20 00 00 45 3F 5A 75 3F 6B 00 12 44   5    ~~E?Zu?k~~D
30 42 31 20 20 20 56 54 50 00 00 0F 12 5A 75 3F   0B1   VTP~~~~Zu?
6B 00 09 44 30 42 31 4E 4E 20 4D 41 20 00 00 10   k~~D0B1NN MA ~~~
3F 5A 75 3F 6B 00 12 44 30 42 32 20 20 20 41 44   ?Zu?k~~D0B2   AD
56 00 00 10 3F 5A 75 3F 6C 00 12 44 30 42 31 37   V~~~?Zu?l~~D0B17
30 20 4D 43 41 00 00 32 21 5A 75 3F 6C 00 2F 44   0 MCA~~2!Zu?l~/D
30 42 31 37 30 20 46 4C 42 00 09 4E 3F 5A 75 3F   0B170 FLB~~N?Zu?
6C 00 28 44 30 42 31 35 32 20 50 58 58 00 00 12   l~(D0B152 PXX~~~
3F 5A 75 3F 6C 00 3F 44 30 42 31 33 39 20 55 53   ?Zu?l~?D0B139 US
4D 00 09 50 3F 5A 75 3F 6C 02 3F 44 30 42 31 41   M~~P?Zu?l~?D0B1A
47 20 20 20 20 00 00 0F 12 5A 75 3F 6C 00 27 44   G    ~~~~Zu?l~'D
30 42 31 20 20 20 4D 44 20 00 00 39 3F 5A 75 3F   0B1   MD ~~9?Zu?
6C 00 33 44 30 45 31 20 20 20 43 4F 4D 00 09 29   l~3D0E1   COM~~)
6A 5A 75 3F 6C 01 35 44 30 42 31 36 38 20 35 34   jZu?l~5D0B168 54
20 00 00 3C 3F 5A 75 3F 6C 00 54 44 30 42 31 20    ~~<?Zu?l~TD0B1 
20 20 30 33 32 00 09 4E 3F 5A 75 3F 6C 00 0F 44     032~~N?Zu?l~~D
30 42 31 35 32 20 50 45 55 00 09 4F 31 5A 75 3F   0B152 PEU~~O1Zu?
6C 00 36 44 30 42 31 20 20 20 39 39 39 00 09 4F   l~6D0B1   999~~O
31 5A 75 3F 6C 00 17 44 30 42 32 20 20 20 39 39   1Zu?l~~D0B2   99
39 00 00 46 3F 5A 75 3F 6C 00 3D 44 30 42 32 20   9~~F?Zu?l~=D0B2 
20 20 31 30 30 00 09 50 3F 5A 75 3F 6C 00 46 44     100~~P?Zu?l~FD
30 42 31 20 20 20 30 30 36 00 00 10 3F 5A 75 3F   0B1   006~~~?Zu?
6D 00 08 44 30 42 32 20 20 20 41 44 56 00 00 10   m~~D0B2   ADV~~~
3F 5A 75 3F 6D 00 21 44 30 42 31 20 20 20 41 44   ?Zu?m~!D0B1   AD
56 00 09 4E 3F 5A 75 3F 6D 00 0A 44 30 42 32 20   V~~N?Zu?m~~D0B2 
20 20 43 54 52 00 00 12 3F 5A 75 3F 6D 00 54 44     CTR~~~?Zu?m~TD
30 42 32 20 20 20 55 53 4D 00 09 4F 31 5A 75 3F   0B2   USM~~O1Zu?
6D 00 3B 44 30 42 31 20 20 20 39 39 39 00 00 10   m~;D0B1   999~~~
3F 5A 75 3F 6D 00 35 44 30 42 31 20 20 20 41 44   ?Zu?m~5D0B1   AD
56 00 09 4E 3F 5A 75 3F 6D 00 24 44 30 42 31 20   V~~N?Zu?m~$D0B1 
20 20 43 54 52 00 00 45 3F 5A 75 3F 6D 00 06 44     CTR~~E?Zu?m~~D
30 42 31 31 35 20 56 54 50 00 00 19 3F 5A 75 3F   0B115 VTP~~~?Zu?
6D 00 1A 44 30 42 31 20 20 20 20 20 20 00 09 4E   m~~D0B1      ~~N
3F 5A 75 3F 6D 00 38 44 30 42 31 37 36 20 49 52   ?Zu?m~8D0B176 IR
58 00 00 10 3F 5A 75 3F 6D 00 1B 44 30 42 31 37   X~~~?Zu?m~~D0B17
30 20 4D 45 44 00 00 3C 3F 5A 75 3F 6D 00 33 44   0 MED~~<?Zu?m~3D
30 42 31 20 20 20 30 33 32 00 09 50 3F 5A 75 3F   0B1   032~~P?Zu?
6D 00 1F 44 30 42 31 20 20 20 4D 45 44 00 09 4E   m~~D0B1   MED~~N
3F 5A 75 3F 6D 00 49 44 30 42 31 20 20 20 43 54   ?Zu?m~ID0B1   CT
52 00 00 10 3F 5A 75 3F 6D 00 1D 44 30 42 31 20   R~~~?Zu?m~~D0B1 
20 20 4D 43 41 00 09 50 3F 5A 75 3F 6D 00 4D 44     MCA~~P?Zu?m~MD
30 42 31 20 20 20 30 30 36 00 00 0E 01 5A 75 3F   0B1   006~~~~Zu?
6D 00 5A 44 30 42 31 37 58 20 41 53 50 00 00 39   m~ZD0B17X ASP~~9
3F 5A 75 3F 6D 00 31 44 30 45 31 4D 36 20 43 4F   ?Zu?m~1D0E1M6 CO
4D 00 09 4F 3F 5A 75 3F 6D 00 29 44 30 42 31 20   M~~O?Zu?m~)D0B1 
20 20 39 39 39 00 00 0F 12 5A 75 3F 6E 00 0D 44     999~~~~Zu?n~~D
30 42 31 4E 4E 20 41 34 20 00 09 4F 24 5A 75 3F   0B1NN A4 ~~O$Zu?
6E 00 4D 44 30 42 31 34 31 20 44 52 41 00 00 3E   n~MD0B141 DRA~~>
7B 5A 75 3F 6E 00 3F 44 30 42 31 20 20 20 47 44   {Zu?n~?D0B1   GD
43 00 09 4E 3F 5A 75 3F 6E 00 2B 44 30 42 31 20   C~~N?Zu?n~+D0B1 
20 20 43 54 52 00 00 06 11 5A 75 3F 6E 00 25 44     CTR~~~~Zu?n~%D
30 42 31 20 20 20 54 4E 4D 00 09 4E 3F 5A 75 3F   0B1   TNM~~N?Zu?
6E 00 3D 44 30 42 32 20 20 20 49 52 58 00 00 10   n~=D0B2   IRX~~~
3F 5A 75 3F 6E 00 37 44 30 42 31 20 20 20 41 44   ?Zu?n~7D0B1   AD
56 00 09 4F 3F 5A 75 3F 6E 00 31 44 30 42 31 20   V~~O?Zu?n~1D0B1 
20 20 46 45 50 00 09 4E 3F 5A 75 3F 6E 00 68 44     FEP~~N?Zu?n~hD
30 42 31 20 20 20 43 54 52 00 00 39 3F 5A 75 3F   0B1   CTR~~9?Zu?
6E 00 31 44 30 45 31 20 20 20 43 4F 4D 00 00 0F   n~1D0E1   COM~~~
12 5A 75 3F 6E 00 1B 44 30 42 31 20 20 20 41 34   ~Zu?n~~D0B1   A4
20 00 09 50 3F 5A 75 3F 6E 03 3F 44 30 42 31 38    ~~P?Zu?n~?D0B18
38 20 20 20 20 00 09 4E 3F 5A 75 3F 6E 00 43 44   8    ~~N?Zu?n~CD
30 42 31 20 20 20 20 20 20 00 00 40 73 5A 75 3F   0B1      ~~@sZu?
6E 00 62 44 30 42 31 20 20 20 48 5A 52 00 00 10   n~bD0B1   HZR~~~
3F 5A 75 3F 6E 00 25 44 30 42 31 37 30 20 41 44   ?Zu?n~%D0B170 AD
56 00 00 3D 3F 5A 75 3F 6E 00 16 44 30 42 31 37   V~~=?Zu?n~~D0B17
36 20 55 54 50 00 00 10 3F 5A 75 3F 6E 00 14 44   6 UTP~~~?Zu?n~~D
30 42 32 20 20 20 41 44 56 00 00 47 3F 5A 75 3F   0B2   ADV~~G?Zu?
6F 00 04 44 30 42 31 4E 4E 20 4D 4E 4D 00 00 12   o~~D0B1NN MNM~~~
12 5A 75 3F 6F 00 21 44 30 42 31 20 20 20 20 20   ~Zu?o~!D0B1     
20 00 00 12 3F 5A 75 3F 6F 01 0F 44 30 42 31 20    ~~~?Zu?o~~D0B1 
20 20 55 53 4D 00 09 4E 3F 5A 75 3F 6F 00 26 44     USM~~N?Zu?o~&D
30 42 31 20 20 20 4D 45 44 00 09 4E 3F 5A 75 3F   0B1   MED~~N?Zu?
6F 00 0D 44 30 42 31 36 39 20 50 45 55 00 00 4C   o~~D0B169 PEU~~L
3F 5A 75 3F 6F 00 50 44 30 42 31 37 30 20 30 36   ?Zu?o~PD0B170 06
31 00 09 4F 3F 5A 75 3F 6F 00 11 44 30 42 32 20   1~~O?Zu?o~~D0B2 
20 20 46 45 50 00 09 50 3F 5A 75 3F 6F 03 3F 44     FEP~~P?Zu?o~?D
30 42 31 38 38 20 20 20 20 00 09 4F 24 5A 75 3F   0B188    ~~O$Zu?
6F 00 3F 44 30 42 31 20 20 20 44 52 4D 00 09 4F   o~?D0B1   DRM~~O
3F 5A 75 3F 6F 00 7B 44 30 42 31 20 20 20 50 52   ?Zu?o~{D0B1   PR
58 00 09 4F 31 5A 75 3F 6F 00 26 44 30 42 31 36   X~~O1Zu?o~&D0B16
35 20 39 39 39 00 00 32 3F 5A 75 3F 6F 00 05 44   5 999~~2?Zu?o~~D
30 42 31 20 20 20 20 20 20 00 09 4F 3F 5A 75 3F   0B1      ~~O?Zu?
6F 00 1D 44 30 42 31 20 20 20 39 39 39 00 00 10   o~~D0B1   999~~~
3F 5A 75 3F 6F 00 19 44 30 42 32 20 20 20 4D 45   ?Zu?o~~D0B2   ME
44 00 00 10 3F 5A 75 3F 6F 00 17 44 30 42 31 20   D~~~?Zu?o~~D0B1 
20 20 4D 43 41 00 09 4F 4F 5A 75 3F 6F 00 51 44     MCA~~OOZu?o~QD
30 42 31 20 20 20 30 31 39 00 0C 35 08 5A 75 3F   0B1   019~~5~Zu?
6F 00 67 44 30 42 31 20 20 20 20 20 20 00 09 4E   o~gD0B1      ~~N
3F 5A 75 3F 6F 00 2D 44 30 42 31 20 20 20 43 54   ?Zu?o~-D0B1   CT
52 00 00 0F 12 5A 75 3F 70 00 19 44 30 42 32 20   R~~~~Zu?p~~D0B2 
20 20 41 34 20 00 09 4F 31 5A 75 3F 70 00 3F 44     A4 ~~O1Zu?p~?D
30 42 31 20 20 20 39 39 39 00 00 45 3F 5A 75 3F   0B1   999~~E?Zu?
70 00 14 44 30 42 31 20 20 20 56 54 50 00 00 10   p~~D0B1   VTP~~~
3F 5A 75 3F 70 00 20 44 30 42 31 37 30 20 4D 45   ?Zu?p~ D0B170 ME
44 00 00 1D 08 5A 75 3F 70 00 12 44 30 42 31 20   D~~~~Zu?p~~D0B1 
20 20 41 46 53 00 00 10 3F 5A 75 3F 70 00 1C 44     AFS~~~?Zu?p~~D
30 42 31 20 20 20 4D 45 44 00 00 0F 12 5A 75 3F   0B1   MED~~~~Zu?
70 00 3F 44 30 42 31 20 20 20 41 34 20 00 00 0F   p~?D0B1   A4 ~~~
12 5A 75 3F 70 00 66 44 30 42 31 20 20 20 53 43   ~Zu?p~fD0B1   SC
20 00 09 4E 3F 5A 75 3F 71 00 2F 44 30 42 31 20    ~~N?Zu?q~/D0B1 
20 20 43 4F 50 00 09 4E 3F 5A 75 3F 71 00 15 44     COP~~N?Zu?q~~D
30 42 31 20 20 20 50 45 55 00 00 2D 20 5A 75 3F   0B1   PEU~~- Zu?
71 00 47 44 30 42 31 20 20 20 42 43 54 00 00 10   q~GD0B1   BCT~~~
3F 5A 75 3F 71 00 0C 44 30 42 31 32 32 20 4D 45   ?Zu?q~~D0B122 ME
44 00 00 10 3F 5A 75 3F 71 00 26 44 30 42 31 20   D~~~?Zu?q~&D0B1 
20 20 41 44 56 00 09 50 3F 5A 75 3F 71 00 19 44     ADV~~P?Zu?q~~D
30 42 32 20 20 20 4D 45 44 00 00 0F 12 5A 75 3F   0B2   MED~~~~Zu?
71 00 23 44 30 42 31 45 35 20 41 34 20 00 00 0F   q~#D0B1E5 A4 ~~~
3F 5A 75 3F 71 00 2F 44 30 42 31 20 20 20 50 30   ?Zu?q~/D0B1   P0
32 00 00 10 3F 5A 75 3F 71 00 13 44 30 42 31 20   2~~~?Zu?q~~D0B1 
20 20 41 44 56 00 00 1C 3F 5A 75 3F 71 00 07 44     ADV~~~?Zu?q~~D
30 42 31 20 20 20 56 41 4E 00 09 4E 3F 5A 75 3F   0B1   VAN~~N?Zu?
71 00 20 44 30 42 31 37 35 20 39 39 39 00 00 10   q~ D0B175 999~~~
3F 5A 75 3F 71 00 13 44 30 42 32 20 20 20 41 44   ?Zu?q~~D0B2   AD
56 00 00 10 3F 5A 75 3F 71 00 48 44 30 42 31 20   V~~~?Zu?q~HD0B1 
20 20 4D 45 44 00 00 10 3F 5A 75 3F 71 00 29 44     MED~~~?Zu?q~)D
30 42 31 37 35 20 4D 43 41 00 00 41 3F 5A 75 3F   0B175 MCA~~A?Zu?
71 00 0B 44 30 42 31 20 20 20 4D 48 49 00 09 51   q~~D0B1   MHI~~Q
08 5A 75 3F 71 00 5D 44 30 42 31 36 38 20 52 58   ~Zu?q~]D0B168 RX
53 00 00 10 3F 5A 75 3F 71 00 14 44 30 42 31 52   S~~~?Zu?q~~D0B1R
36 20 41 44 56 00 00 39 3F 5A 75 3F 71 00 0C 44   6 ADV~~9?Zu?q~~D
30 45 31 4D 36 20 43 4F 4D 00 00 0F 12 5A 75 3F   0E1M6 COM~~~~Zu?
71 00 21 44 30 42 31 38 39 31 41 34 20 00 09 4E   q~!D0B1891A4 ~~N
3F 5A 75 3F 71 00 17 44 30 42 31 37 39 20 50 45   ?Zu?q~~D0B179 PE
55 00 00 0F 12 5A 75 3F 71 00 19 44 30 42 32 20   U~~~~Zu?q~~D0B2 
20 20 41 34 20 00 00 1E 4B 5A 75 3F 72 00 11 44     A4 ~~~KZu?r~~D
30 42 31 20 20 20 50 50 52 00 09 4F 3F 5A 75 3F   0B1   PPR~~O?Zu?
72 00 0E 44 30 42 32 20 20 20 37 37 37 00 09 4F   r~~D0B2   777~~O
55 5A 75 3F 72 00 26 44 30 42 32 20 20 20 57 41   UZu?r~&D0B2   WA
55 00 09 50 3F 5A 75 3F 72 00 2C 44 30 42 31 38   U~~P?Zu?r~,D0B18
38 20 34 34 30 00 00 3E 42 5A 75 3F 72 00 16 44   8 440~~>BZu?r~~D
30 42 32 20 20 20 37 34 36 00 09 4F 3F 5A 75 3F   0B2   746~~O?Zu?
72 00 27 44 30 42 31 36 39 20 46 45 50 00 09 4F   r~'D0B169 FEP~~O
3F 5A 75 3F 72 00 33 44 30 42 31 20 20 20 46 45   ?Zu?r~3D0B1   FE
50 00 00 32 3F 5A 75 3F 72 00 01 44 30 42 31 20   P~~2?Zu?r~~D0B1 
20 20 43 41 53 00 09 50 3F 5A 75 3F 72 00 07 44     CAS~~P?Zu?r~~D
30 42 31 31 35 20 34 38 30 00 00 10 3F 5A 75 3F   0B115 480~~~?Zu?
72 00 37 44 30 42 31 20 20 20 4D 45 44 00 00 39   r~7D0B1   MED~~9
3F 5A 75 3F 72 00 3E 44 30 45 31 20 20 20 43 4F   ?Zu?r~>D0E1   CO
4D 00 09 4F 3F 5A 75 3F 72 00 3E 44 30 42 31 20   M~~O?Zu?r~>D0B1 
20 20 39 39 39 00 00 3E 7B 5A 75 3F 72 00 3F 44     999~~>{Zu?r~?D
30 42 31 4E 4E 20 47 44 43 00 09 4F 3F 5A 75 3F   0B1NN GDC~~O?Zu?
72 00 3F 44 30 42 31 20 20 20 50 52 58 00 09 4F   r~?D0B1   PRX~~O
24 5A 75 3F 73 00 3F 44 30 42 31 34 31 20 44 52   $Zu?s~?D0B141 DR
41 00 00 14 3F 5A 75 3F 73 00 39 44 30 42 31 37   A~~~?Zu?s~9D0B17
38 20 41 43 42 00 09 50 3F 5A 75 3F 73 00 44 44   8 ACB~~P?Zu?s~DD
30 42 32 20 20 20 43 53 50 00 09 4F 3F 5A 75 3F   0B2   CSP~~O?Zu?
73 00 37 44 30 42 31 20 20 20 46 45 50 00 00 0E   s~7D0B1   FEP~~~
01 5A 75 3F 73 00 3F 44 30 42 31 36 30 38 41 53   ~Zu?s~?D0B1608AS
50 00 09 50 3F 5A 75 3F 73 00 27 44 30 42 31 37   P~~P?Zu?s~'D0B17
39 20 30 30 36 00 09 50 3F 5A 75 3F 73 00 76 44   9 006~~P?Zu?s~vD
30 42 31 20 20 20 48 4D 48 00 00 4E 3F 5A 75 3F   0B1   HMH~~N?Zu?
73 00 18 44 30 42 32 20 20 20 46 4D 20 00 00 10   s~~D0B2   FM ~~~
3F 5A 75 3F 73 00 26 44 30 42 31 20 20 20 4D 45   ?Zu?s~&D0B1   ME
44 00 00 0E 01 5A 75 3F 73 00 7C 44 30 42 31 20   D~~~~Zu?s~|D0B1 
20 20 32 34 30 00 09 4E 3F 5A 75 3F 73 00 3D 44     240~~N?Zu?s~=D
30 42 31 20 20 20 20 20 20 00 00 0F 12 5A 75 3F   0B1      ~~~~Zu?
73 00 2D 44 30 42 31 20 20 20 4D 44 20 00 0C 35   s~-D0B1   MD ~~5
08 5A 75 3F 73 00 21 44 30 42 31 37 39 20 36 30   ~Zu?s~!D0B179 60
36 00 00 3E 7B 5A 75 3F 73 00 3F 44 30 42 31 20   6~~>{Zu?s~?D0B1 
20 20 47 44 43 00 09 50 3F 5A 75 3F 74 00 3D 44     GDC~~P?Zu?t~=D
30 42 31 20 20 20 34 38 30 00 09 4E 3F 5A 75 3F   0B1   480~~N?Zu?
74 00 1B 44 30 42 32 20 20 20 49 52 58 00 00 40   t~~D0B2   IRX~~@
52 5A 75 3F 74 00 19 44 30 42 32 20 20 20 53 43   RZu?t~~D0B2   SC
44 00 00 3E 7B 5A 75 3F 74 01 15 44 30 42 31 20   D~~>{Zu?t~~D0B1 
20 20 47 44 43 00 00 25 53 5A 75 3F 74 00 3F 44     GDC~~%SZu?t~?D
30 42 31 20 20 20 4D 41 53 00 00 10 3F 5A 75 3F   0B1   MAS~~~?Zu?
74 00 21 44 30 42 31 37 39 20 4D 45 44 00 09 50   t~!D0B179 MED~~P
3F 5A 75 3F 74 00 15 44 30 42 31 30 34 20 34 33   ?Zu?t~~D0B104 43
30 00 00 3E 10 5A 75 3F 74 00 0E 44 30 42 32 20   0~~>~Zu?t~~D0B2 
20 20 4E 4D 43 00 00 39 3F 5A 75 3F 74 00 18 44     NMC~~9?Zu?t~~D
30 45 31 20 20 20 43 4F 4D 00 00 10 3F 5A 75 3F   0E1   COM~~~?Zu?
74 00 12 44 30 42 31 35 32 20 41 44 56 00 00 0F   t~~D0B152 ADV~~~
12 5A 75 3F 74 00 16 44 30 42 31 20 20 20 41 34   ~Zu?t~~D0B1   A4
20 00 00 46 3F 5A 75 3F 74 00 3F 44 30 42 31 20    ~~F?Zu?t~?D0B1 
20 20 31 30 30 00 00 0E 01 5A 75 3F 74 00 18 44     100~~~~Zu?t~~D
30 42 31 4E 4E 20 37 34 30 00 00 42 72 5A 75 3F   0B1NN 740~~BrZu?
74 00 2D 44 30 42 31 4D 52 20 43 49 4D 00 09 4F   t~-D0B1MR CIM~~O
31 5A 75 3F 74 00 27 44 30 42 31 20 20 20 39 39   1Zu?t~'D0B1   99
39 00 00 3E 7B 5A 75 3F 74 00 3F 44 30 42 32 20   9~~>{Zu?t~?D0B2 
20 20 47 44 43 00 09 50 3F 5A 75 3F 74 00 25 44     GDC~~P?Zu?t~%D
30 42 31 37 36 20 30 30 36 00 00 4E 3F 5A 75 3F   0B176 006~~N?Zu?
75 00 16 44 30 42 32 20 20 20 49 53 20 00 00 10   u~~D0B2   IS ~~~
3F 5A 75 3F 75 00 20 44 30 42 31 37 39 20 4D 45   ?Zu?u~ D0B179 ME
44 00 00 0E 01 5A 75 3F 75 00 49 44 30 42 31 20   D~~~~Zu?u~ID0B1 
20 20 32 38 39 00 00 12 3F 5A 75 3F 75 01 06 44     289~~~?Zu?u~~D
30 42 31 45 52 20 55 53 4D 00 00 42 72 5A 75 3F   0B1ER USM~~BrZu?
75 00 1F 44 30 42 32 20 20 20 43 49 4D 00 00 10   u~~D0B2   CIM~~~
3F 5A 75 3F 75 00 44 44 30 42 31 20 20 20 41 44   ?Zu?u~DD0B1   AD
56 00 09 4E 3F 5A 75 3F 75 00 41 44 30 42 31 20   V~~N?Zu?u~AD0B1 
20 20 43 4F 50 00 00 0E 01 5A 75 3F 75 00 3F 44     COP~~~~Zu?u~?D
30 42 31 37 58 20 41 53 50 00 00 10 3F 5A 75 3F   0B17X ASP~~~?Zu?
75 00 61 44 30 42 31 20 20 20 4D 45 44 00 09 4E   u~aD0B1   MED~~N
3F 5A 75 3F 75 00 37 44 30 42 31 20 20 20 20 20   ?Zu?u~7D0B1     
20 00 00 10 3F 5A 75 3F 75 00 1D 44 30 42 31 20    ~~~?Zu?u~~D0B1 
20 20 41 44 56 00 09 50 3F 5A 75 3F 75 00 2D 44     ADV~~P?Zu?u~-D
30 42 31 20 20 20 34 38 30 00 09 4F 3F 5A 75 3F   0B1   480~~O?Zu?
75 00 2B 44 30 42 31 20 20 20 39 39 39 00 09 50   u~+D0B1   999~~P
4A 5A 75 3F 75 00 3F 44 30 42 31 20 20 20 53 43   JZu?u~?D0B1   SC
31 00 09 51 58 5A 75 3F 75 00 40 44 30 42 31 37   1~~QXZu?u~@D0B17
58 20 30 31 38 00 00 4E 3F 5A 75 3F 75 00 54 44   X 018~~N?Zu?u~TD
30 42 31 20 20 20 57 47 20 00 09 4E 3F 5A 75 3F   0B1   WG ~~N?Zu?
75 00 2B 44 30 42 31 37 35 20 20 20 20 00 09 50   u~+D0B175    ~~P
3F 5A 75 3F 75 00 06 44 30 42 31 38 38 20 48 4D   ?Zu?u~~D0B188 HM
48 00 00 10 3F 5A 75 3F 75 00 27 44 30 42 31 20   H~~~?Zu?u~'D0B1 
20 20 41 44 56 00 09 4F 3F 5A 75 3F 75 00 12 44     ADV~~O?Zu?u~~D
30 42 32 20 20 20 46 45 50 00 09 4F 31 5A 75 3F   0B2   FEP~~O1Zu?
75 00 27 44 30 42 31 38 38 20 39 39 39 00 09 50   u~'D0B188 999~~P
3F 5A 75 3F 76 00 29 44 30 42 31 37 43 20 50 41   ?Zu?v~)D0B17C PA
41 00 00 1C 3F 5A 75 3F 76 00 03 44 30 42 31 20   A~~~?Zu?v~~D0B1 
20 20 53 52 43 00 00 3C 3F 5A 75 3F 76 00 42 44     SRC~~<?Zu?v~BD
30 42 31 20 20 20 30 33 32 00 09 50 3F 5A 75 3F   0B1   032~~P?Zu?
76 00 49 44 30 42 31 20 20 20 43 53 50 00 09 50   v~ID0B1   CSP~~P
3F 5A 75 3F 76 00 1A 44 30 42 32 20 20 20 4D 45   ?Zu?v~~D0B2   ME
44 00 09 4E 3F 5A 75 3F 76 00 3E 44 30 42 31 44   D~~N?Zu?v~>D0B1D
56 20 50 44 4D 00 09 50 3F 5A 75 3F 76 00 3F 44   V PDM~~P?Zu?v~?D
30 42 32 20 20 20 4D 43 41 00 00 39 3F 5A 75 3F   0B2   MCA~~9?Zu?
76 00 18 44 30 45 31 4D 36 20 43 4F 4D 00 09 4E   v~~D0E1M6 COM~~N
3F 5A 75 3F 76 00 24 44 30 42 31 20 20 20 4D 45   ?Zu?v~$D0B1   ME
44 00 09 4E 3F 5A 75 3F 76 00 10 44 30 42 32 20   D~~N?Zu?v~~D0B2 
20 20 49 52 58 00 00 3C 3F 5A 75 3F 76 00 36 44     IRX~~<?Zu?v~6D
30 42 31 20 20 20 30 33 32 00 00 10 3F 5A 75 3F   0B1   032~~~?Zu?
76 00 16 44 30 42 31 37 30 20 4D 45 44 00 00 0F   v~~D0B170 MED~~~
12 5A 75 3F 76 00 23 44 30 42 31 20 20 20 41 34   ~Zu?v~#D0B1   A4
20 00 09 4E 3F 5A 75 3F 76 00 30 44 30 42 31 37    ~~N?Zu?v~0D0B17
39 20 43 52 4B 00 09 4F 24 5A 75 3F 76 00 62 44   9 CRK~~O$Zu?v~bD
30 42 31 20 20 20 44 52 4D 00 00 10 3F 5A 75 3F   0B1   DRM~~~?Zu?
76 00 0F 44 30 42 32 20 20 20 4D 45 44 00 00 0E   v~~D0B2   MED~~~
01 5A 75 3F 76 00 24 44 30 42 31 37 39 20 41 53   ~Zu?v~$D0B179 AS
50 00 09 50 3F 5A 75 3F 76 00 1F 44 30 42 31 20   P~~P?Zu?v~~D0B1 
20 20 53 45 52 00 09 50 3F 5A 75 3F 76 00 3F 44     SER~~P?Zu?v~?D
30 42 31 38 38 20 20 20 20 00 09 4F 26 5A 75 3F   0B188    ~~O&Zu?
76 00 27 44 30 42 31 20 20 20 48 54 20 00 09 4F   v~'D0B1   HT ~~O
3F 5A 75 3F 77 00 6B 44 30 42 31 20 20 20 39 39   ?Zu?w~kD0B1   99
39 00 09 4F 31 5A 75 3F 77 00 39 44 30 42 31 37   9~~O1Zu?w~9D0B17
39 20 39 39 39 00 09 51 2A 5A 75 3F 77 00 55 44   9 999~~Q*Zu?w~UD
30 42 31 37 39 20 4E 56 54 00 00 42 72 5A 75 3F   0B179 NVT~~BrZu?
77 00 1B 44 30 42 31 20 20 20 30 32 31 00 09 50   w~~D0B1   021~~P
3F 5A 75 3F 77 00 3D 44 30 42 31 20 20 20 39 39   ?Zu?w~=D0B1   99
39 00 00 4B 3F 5A 75 3F 77 00 2B 44 30 42 31 20   9~~K?Zu?w~+D0B1 
20 20 37 32 38 00 00 26 09 5A 75 3F 77 00 58 44     728~~&~Zu?w~XD
30 42 31 20 20 20 50 30 30 00 00 10 3F 5A 75 3F   0B1   P00~~~?Zu?
77 00 09 44 30 42 32 20 20 20 41 44 56 00 09 4F   w~~D0B2   ADV~~O
3F 5A 75 3F 77 00 25 44 30 42 31 20 20 20 39 39   ?Zu?w~%D0B1   99
39 00 09 50 3F 5A 75 3F 77 00 10 44 30 42 31 37   9~~P?Zu?w~~D0B17
30 20 4C 4F 59 00 09 4E 3F 5A 75 3F 78 00 1C 44   0 LOY~~N?Zu?x~~D
30 42 31 37 58 20 50 45 55 00 09 4F 3F 5A 75 3F   0B17X PEU~~O?Zu?
78 00 26 44 30 42 32 20 20 20 39 39 39 00 00 46   x~&D0B2   999~~F
3F 5A 75 3F 78 00 63 44 30 42 31 20 20 20 31 30   ?Zu?x~cD0B1   10
30 00 00 12 3F 5A 75 3F 78 00 3F 44 30 42 31 30   0~~~?Zu?x~?D0B10
37 20 55 53 46 00 09 4E 3F 5A 75 3F 78 00 4D 44   7 USF~~N?Zu?x~MD
30 42 31 37 39 20 43 54 52 00 00 10 3F 5A 75 3F   0B179 CTR~~~?Zu?
78 00 0F 44 30 42 32 20 20 20 4D 43 41 00 00 3C   x~~D0B2   MCA~~<
3F 5A 75 3F 78 00 24 44 30 42 31 20 20 20 30 33   ?Zu?x~$D0B1   03
32 00 00 45 3F 5A 75 3F 78 00 0F 44 30 42 31 20   2~~E?Zu?x~~D0B1 
20 20 56 54 50 00 00 10 3F 5A 75 3F 78 00 3E 44     VTP~~~?Zu?x~>D
30 42 31 20 20 20 4D 45 44 00 00 40 52 5A 75 3F   0B1   MED~~@RZu?
78 00 1A 44 30 42 32 20 20 20 53 43 44 00 00 46   x~~D0B2   SCD~~F
3F 5A 75 3F 78 00 3F 44 30 42 31 20 20 20 31 30   ?Zu?x~?D0B1   10
30 00 09 50 4A 5A 75 3F 78 00 3F 44 30 42 31 20   0~~PJZu?x~?D0B1 
20 20 53 43 31 00 00 56 06 5A 75 3F 78 00 3F 44     SC1~~V~Zu?x~?D
30 42 31 20 20 20 49 43 53 00 09 2C 3F 5A 75 3F   0B1   ICS~~,?Zu?
78 00 58 44 30 42 31 37 30 20 4F 48 53 00 09 4F   x~XD0B170 OHS~~O
3F 5A 75 3F 78 00 22 44 30 42 31 37 35 20 46 45   ?Zu?x~"D0B175 FE
50 00 00 0E 01 5A 75 3F 78 00 16 44 30 42 31 4E   P~~~~Zu?x~~D0B1N
4E 20 37 34 30 00 00 31 5B 5A 75 3F 78 00 43 44   N 740~~1[Zu?x~CD
30 42 31 20 20 20 20 20 20 00 00 40 52 5A 75 3F   0B1      ~~@RZu?
78 00 32 44 30 42 31 20 20 20 53 43 44 00 09 50   x~2D0B1   SCD~~P
3F 5A 75 3F 79 00 29 44 30 42 32 20 20 20 43 53   ?Zu?y~)D0B2   CS
50 00 09 4F 3F 5A 75 3F 79 00 37 44 30 42 31 34   P~~O?Zu?y~7D0B14
34 20 39 39 39 00 09 29 6A 5A 75 3F 79 00 3F 44   4 999~~)jZu?y~?D
30 42 31 37 30 20 35 34 20 00 00 1E 11 5A 75 3F   0B170 54 ~~~~Zu?
79 00 08 44 30 42 31 20 20 20 42 52 42 00 00 4E   y~~D0B1   BRB~~N
3F 5A 75 3F 79 00 27 44 30 42 31 20 20 20 43 53   ?Zu?y~'D0B1   CS
20 00 00 10 3F 5A 75 3F 79 00 30 44 30 42 31 37    ~~~?Zu?y~0D0B17
30 20 41 44 56 00 09 4F 3F 5A 75 3F 79 00 49 44   0 ADV~~O?Zu?y~ID
30 42 31 20 20 20 39 39 39 00 09 51 2E 5A 75 3F   0B1   999~~Q.Zu?
79 00 4F 44 30 42 31 20 20 20 48 4D 43 00 00 2E   y~OD0B1   HMC~~.
73 5A 75 3F 79 00 0F 44 30 42 31 30 39 20 20 20   sZu?y~~D0B109   
20 00 00 0F 12 5A 75 3F 79 00 1A 44 30 42 32 20    ~~~~Zu?y~~D0B2 
20 20 4D 44 20 00 09 50 07 5A 75 3F 79 00 3F 44     MD ~~P~Zu?y~?D
30 42 32 20 20 20 4D 44 31 00 00 0E 01 5A 75 3F   0B2   MD1~~~~Zu?
79 00 5B 44 30 42 31 20 20 20 41 53 50 00 09 4F   y~[D0B1   ASP~~O
3F 5A 75 3F 49 00 3F 44 30 42 31 20 20 20 50 52   ?Zu?I~?D0B1   PR
58 00 00 06 11 5A 75 3F 49 00 0C 44 30 42 32 20   X~~~~Zu?I~~D0B2 
20 20 54 4E 4D 00 00 06 11 5A 75 3F 49 00 23 44     TNM~~~~Zu?I~#D
30 42 32 20 20 20 54 4E 4D 00 00 10 3F 5A 75 3F   0B2   TNM~~~?Zu?
49 00 22 44 30 42 31 20 20 20 41 44 56 00 00 37   I~"D0B1   ADV~~7
63 5A 75 3F 4A 00 33 44 30 42 31 20 20 20 39 37   cZu?J~3D0B1   97
34 00 09 4F 24 5A 75 3F 4A 00 4B 44 30 42 31 20   4~~O$Zu?J~KD0B1 
20 20 4D 50 53 00 00 4C 3F 5A 75 3F 4A 00 4B 44     MPS~~L?Zu?J~KD
30 42 31 37 30 20 30 36 31 00 00 0E 01 5A 75 3F   0B170 061~~~~Zu?
4A 00 15 44 30 42 32 20 20 20 41 53 50 00 00 10   J~~D0B2   ASP~~~
3F 5A 75 3F 4A 00 3F 44 30 42 31 30 39 20 54 45   ?Zu?J~?D0B109 TE
4C 00 09 4F 31 5A 75 3F 4A 00 15 44 30 42 32 20   L~~O1Zu?J~~D0B2 
20 20 39 39 39 00 09 50 3F 5A 75 3F 4A 00 2E 44     999~~P?Zu?J~.D
30 42 31 38 33 31 34 32 34 00 09 4F 3F 5A 75 3F   0B1831424~~O?Zu?
4A 00 0B 44 30 42 32 20 20 20 39 39 39 00 09 4E   J~~D0B2   999~~N
3F 5A 75 3F 4A 00 37 44 30 42 31 20 20 20 43 4F   ?Zu?J~7D0B1   CO
50 00 00 0F 12 5A 75 3F 4A 00 10 44 30 42 32 20   P~~~~Zu?J~~D0B2 
20 20 4D 41 20 00 00 12 3F 5A 75 3F 4A 00 48 44     MA ~~~?Zu?J~HD
30 42 31 20 20 20 59 4A 4B 00 00 3E 7B 5A 75 3F   0B1   YJK~~>{Zu?
4A 00 3F 44 30 42 31 20 20 20 47 44 43 00 00 39   J~?D0B1   GDC~~9
3F 5A 75 3F 4A 00 30 44 30 45 31 4D 36 20 43 4F   ?Zu?J~0D0E1M6 CO
4D 00 09 4F 4F 5A 75 3F 4A 00 15 44 30 42 32 20   M~~OOZu?J~~D0B2 
20 20 30 31 39 00 00 4E 3F 5A 75 3F 4A 00 07 44     019~~N?Zu?J~~D
30 42 32 20 20 20 49 53 20 00 00 10 3F 5A 75 3F   0B2   IS ~~~?Zu?
4A 00 3D 44 30 42 31 20 20 20 4D 45 44 00 00 40   J~=D0B1   MED~~@
52 5A 75 3F 4B 00 0E 44 30 42 32 20 20 20 53 43   RZu?K~~D0B2   SC
44 00 00 10 3F 5A 75 3F 4B 00 14 44 30 42 31 4E   D~~~?Zu?K~~D0B1N
4E 20 41 44 56 00 00 0E 01 5A 75 3F 4B 00 43 44   N ADV~~~~Zu?K~CD
30 42 31 20 20 20 41 53 50 00 00 08 3F 5A 75 3F   0B1   ASP~~~?Zu?
4B 00 7D 44 30 42 31 20 20 20 30 30 30 00 00 10   K~}D0B1   000~~~
3F 5A 75 3F 4B 00 10 44 30 42 32 20 20 20 41 44   ?Zu?K~~D0B2   AD
56 00 00 0F 12 5A 75 3F 4B 00 26 44 30 42 31 20   V~~~~Zu?K~&D0B1 
20 20 4D 44 20 00 00 0E 01 5A 75 3F 4B 00 15 44     MD ~~~~Zu?K~~D
30 42 32 20 20 20 41 53 50 00 09 4F 3F 5A 75 3F   0B2   ASP~~O?Zu?
4B 00 14 44 30 42 32 20 20 20 46 45 50 00 00 3E   K~~D0B2   FEP~~>
7B 5A 75 3F 4B 00 3F 44 30 42 32 20 20 20 47 44   {Zu?K~?D0B2   GD
43 00 09 4E 3F 5A 75 3F 4B 00 2A 44 30 42 31 37   C~~N?Zu?K~*D0B17
39 20 20 20 20 00 00 2D 20 5A 75 3F 4B 00 54 44   9    ~~- Zu?K~TD
30 42 31 20 20 20 49 4C 44 00 00 2F 62 5A 75 3F   0B1   ILD~~/bZu?
4B 00 3F 44 30 42 32 20 20 20 52 57 53 00 00 0F   K~?D0B2   RWS~~~
12 5A 75 3F 4B 00 24 44 30 42 31 20 20 20 4D 41   ~Zu?K~$D0B1   MA
20 00 09 4F 31 5A 75 3F 4B 00 42 44 30 42 31 37    ~~O1Zu?K~BD0B17
39 20 39 39 39 00 09 4E 3F 5A 75 3F 4B 00 10 44   9 999~~N?Zu?K~~D
30 42 31 33 39 20 20 20 20 00 00 4E 3F 5A 75 3F   0B139    ~~N?Zu?
4B 00 12 44 30 42 32 20 20 20 49 53 20 00 09 50   K~~D0B2   IS ~~P
3F 5A 75 3F 4B 00 2F 44 30 42 31 20 20 20 50 41   ?Zu?K~/D0B1   PA
52 00 00 4E 3F 5A 75 3F 4B 00 4F 44 30 42 31 20   R~~N?Zu?K~OD0B1 
20 20 57 47 20 00 09 4E 3F 5A 75 3F 4C 00 14 44     WG ~~N?Zu?L~~D
30 42 32 20 20 20 4D 45 44 00 00 0F 12 5A 75 3F   0B2   MED~~~~Zu?
4C 00 55 44 30 42 31 34 31 20 41 34 20 00 00 3E   L~UD0B141 A4 ~~>
7B 5A 75 3F 4C 00 3F 44 30 42 31 20 20 20 47 44   {Zu?L~?D0B1   GD
43 00 00 4B 3F 5A 75 3F 4C 00 30 44 30 42 31 20   C~~K?Zu?L~0D0B1 
20 20 37 32 38 00 09 4E 3F 5A 75 3F 4C 00 31 44     728~~N?Zu?L~1D
30 42 31 37 35 20 50 45 55 00 09 4F 31 5A 75 3F   0B175 PEU~~O1Zu?
4C 00 22 44 30 42 31 20 20 20 39 39 39 00 00 42   L~"D0B1   999~~B
72 5A 75 3F 4C 00 14 44 30 42 31 37 36 20 30 32   rZu?L~~D0B176 02
31 00 00 4C 3F 5A 75 3F 4C 00 66 44 30 42 31 20   1~~L?Zu?L~fD0B1 
20 20 30 36 31 00 00 0F 12 5A 75 3F 4C 00 1A 44     061~~~~Zu?L~~D
30 42 32 20 20 20 4D 41 20 00 09 4F 31 5A 75 3F   0B2   MA ~~O1Zu?
4C 00 34 44 30 42 31 20 20 20 39 39 39 00 09 4F   L~4D0B1   999~~O
31 5A 75 3F 4C 00 1D 44 30 42 32 20 20 20 39 39   1Zu?L~~D0B2   99
39 00 00 26 09 5A 75 3F 4C 00 38 44 30 42 31 38   9~~&~Zu?L~8D0B18
38 39 50 30 30 00 00 3E 10 5A 75 3F 4C 00 13 44   89P00~~>~Zu?L~~D
30 42 31 20 20 20 4E 4D 43 00 09 4F 3F 5A 75 3F   0B1   NMC~~O?Zu?
4C 00 3C 44 30 42 32 20 20 20 50 52 58 00 00 58   L~<D0B2   PRX~~X
3F 5A 75 3F 4C 00 4A 44 30 42 31 20 20 20 36 33   ?Zu?L~JD0B1   63
33 00 00 10 3F 5A 75 3F 4D 00 13 44 30 42 31 32   3~~~?Zu?M~~D0B12
32 20 4D 45 44 00 00 0F 12 5A 75 3F 4D 00 24 44   2 MED~~~~Zu?M~$D
30 42 31 20 20 20 41 34 20 00 09 4E 3F 5A 75 3F   0B1   A4 ~~N?Zu?
4D 00 29 44 30 42 31 20 20 20 4D 45 44 00 00 3D   M~)D0B1   MED~~=
63 5A 75 3F 4D 00 3F 44 30 42 32 20 20 20 53 53   cZu?M~?D0B2   SS
20 00 09 4F 3F 5A 75 3F 4D 00 45 44 30 42 31 20    ~~O?Zu?M~ED0B1 
20 20 46 45 50 00 00 10 3F 5A 75 3F 4D 00 2A 44     FEP~~~?Zu?M~*D
30 42 31 20 20 20 41 44 56 00 00 3C 3F 5A 75 3F   0B1   ADV~~<?Zu?
4D 00 25 44 30 42 31 20 20 20 30 33 32 00 00 30   M~%D0B1   032~~0
39 5A 75 3F 4D 00 34 44 30 42 31 20 20 20 50 30   9Zu?M~4D0B1   P0
32 00 00 0F 3F 5A 75 3F 4D 00 0E 44 30 42 31 39   2~~~?Zu?M~~D0B19
47 20 34 33 2D 00 09 4F 24 5A 75 3F 4D 00 4E 44   G 43-~~O$Zu?M~ND
30 42 31 20 20 20 44 52 4D 00 00 42 72 5A 75 3F   0B1   DRM~~BrZu?
4D 00 43 44 30 42 31 20 20 20 43 49 4D 00 09 50   M~CD0B1   CIM~~P
3F 5A 75 3F 4D 00 2C 44 30 42 31 31 33 20 4C 4F   ?Zu?M~,D0B113 LO
59 00 00 39 3F 5A 75 3F 4D 00 27 44 30 45 31 20   Y~~9?Zu?M~'D0E1 
20 20 43 4F 4D 00 00 10 3F 5A 75 3F 4D 00 34 44     COM~~~?Zu?M~4D
30 42 31 20 20 20 41 44 56 00 09 4F 31 5A 75 3F   0B1   ADV~~O1Zu?
4E 00 43 44 30 42 31 37 30 20 39 39 39 00 00 12   N~CD0B170 999~~~
4A 5A 75 3F 4E 01 3F 44 30 42 31 20 20 20 43 4E   JZu?N~?D0B1   CN
20 00 09 4E 3F 5A 75 3F 4E 00 36 44 30 42 31 37    ~~N?Zu?N~6D0B17
30 20 49 52 58 00 00 10 3F 5A 75 3F 4E 00 21 44   0 IRX~~~?Zu?N~!D
30 42 31 20 20 20 41 44 56 00 09 4E 3F 5A 75 3F   0B1   ADV~~N?Zu?
4E 00 42 44 30 42 31 20 20 20 49 52 58 00 00 10   N~BD0B1   IRX~~~
3F 5A 75 3F 4E 00 3F 44 30 42 31 20 20 20 41 44   ?Zu?N~?D0B1   AD
56 00 09 4F 24 5A 75 3F 4E 00 3F 44 30 42 31 20   V~~O$Zu?N~?D0B1 
20 20 52 58 53 00 09 50 4A 5A 75 3F 4E 00 3F 44     RXS~~PJZu?N~?D
30 42 31 20 20 20 53 43 31 00 00 10 3F 5A 75 3F   0B1   SC1~~~?Zu?
4E 00 3F 44 30 42 31 20 20 20 41 44 56 00 00 3C   N~?D0B1   ADV~~<
3F 5A 75 3F 4F 00 5C 44 30 42 31 20 20 20 30 33   ?Zu?O~\D0B1   03
32 00 00 10 3F 5A 75 3F 4F 00 33 44 30 42 31 20   2~~~?Zu?O~3D0B1 
20 20 41 44 56 00 00 10 3F 5A 75 3F 4F 00 24 44     ADV~~~?Zu?O~$D
30 42 31 20 20 20 4D 45 44 00 09 4F 31 5A 75 3F   0B1   MED~~O1Zu?
4F 00 3D 44 30 42 31 37 36 20 39 39 39 00 09 4E   O~=D0B176 999~~N
3F 5A 75 3F 4F 00 21 44 30 42 31 36 39 20 20 20   ?Zu?O~!D0B169   
20 00 00 10 3F 5A 75 3F 4F 00 3C 44 30 42 31 20    ~~~?Zu?O~<D0B1 
20 20 41 44 56 00 09 4E 3F 5A 75 3F 4F 00 41 44     ADV~~N?Zu?O~AD
30 42 31 20 20 20 50 45 55 00 00 10 3F 5A 75 3F   0B1   PEU~~~?Zu?
4F 00 3F 44 30 42 31 20 20 20 41 44 56 00 00 5A   O~?D0B1   ADV~~Z
3F 5A 75 3F 4F 00 3F 44 30 42 31 37 35 20 56 52   ?Zu?O~?D0B175 VR
58 00 09 4E 3F 5A 75 3F 4F 00 2C 44 30 42 31 20   X~~N?Zu?O~,D0B1 
20 20 49 52 58 00 00 0F 12 5A 75 3F 4F 00 0D 44     IRX~~~~Zu?O~~D
30 42 31 36 35 20 41 34 20 00 00 2D 20 5A 75 3F   0B165 A4 ~~- Zu?
4F 00 24 44 30 42 31 4E 31 20 49 4C 44 00 09 51   O~$D0B1N1 ILD~~Q
08 5A 75 3F 4F 00 3F 44 30 42 31 20 20 20 52 58   ~Zu?O~?D0B1   RX
53 00 00 32 52 5A 75 3F 4F 00 44 44 30 42 31 35   S~~2RZu?O~DD0B15
30 20 4B 50 50 00 00 1D 08 5A 75 3F 4F 00 07 44   0 KPP~~~~Zu?O~~D
30 42 31 20 20 20 41 46 53 00 00 5E 3F 5A 75 3F   0B1   AFS~~^?Zu?
4F 01 27 44 30 42 31 41 47 20 4F 48 52 00 00 0F   O~'D0B1AG OHR~~~
12 5A 75 3F 4F 00 1E 44 30 42 31 20 20 20 4D 41   ~Zu?O~~D0B1   MA
20 00 00 0F 12 5A 75 3F 4F 00 3D 44 30 42 31 20    ~~~~Zu?O~=D0B1 
20 20 53 43 20 00 00 10 3F 5A 75 3F 4F 00 10 44     SC ~~~?Zu?O~~D
30 42 32 20 20 20 4D 45 44 00 00 08 3F 5A 75 3F   0B2   MED~~~?Zu?
4F 00 34 44 30 42 31 20 20 20 30 30 30 00 09 4F   O~4D0B1   000~~O
3F 5A 75 3F 4F 00 3F 44 30 42 31 20 20 20 50 52   ?Zu?O~?D0B1   PR
58 00 09 4F 3F 5A 75 3F 4F 00 15 44 30 42 32 20   X~~O?Zu?O~~D0B2 
20 20 46 45 50 00 00 10 3F 5A 75 3F 4F 01 24 44     FEP~~~?Zu?O~$D
30 42 31 20 20 20 41 44 56 00 00 19 3F 5A 75 3F   0B1   ADV~~~?Zu?
50 00 0B 44 30 42 32 20 20 20 48 59 56 00 00 10   P~~D0B2   HYV~~~
3F 5A 75 3F 50 00 2C 44 30 42 31 20 20 20 4D 45   ?Zu?P~,D0B1   ME
44 00 00 10 3F 5A 75 3F 50 00 1D 44 30 42 32 20   D~~~?Zu?P~~D0B2 
20 20 54 45 4C 00 00 0F 12 5A 75 3F 50 00 2E 44     TEL~~~~Zu?P~.D
30 42 31 20 20 20 41 34 20 00 09 4F 3F 5A 75 3F   0B1   A4 ~~O?Zu?
50 00 28 44 30 42 31 36 39 20 39 39 39 00 09 4F   P~(D0B169 999~~O
24 5A 75 3F 50 00 3F 44 30 42 31 20 20 20 43 4C   $Zu?P~?D0B1   CL
41 00 00 4C 3F 5A 75 3F 50 00 48 44 30 42 31 36   A~~L?Zu?P~HD0B16
39 20 30 31 39 00 00 4E 3F 5A 75 3F 50 00 2D 44   9 019~~N?Zu?P~-D
30 42 31 34 33 20 43 53 20 00 00 10 3F 5A 75 3F   0B143 CS ~~~?Zu?
50 00 30 44 30 42 31 20 20 20 41 44 56 00 00 0F   P~0D0B1   ADV~~~
12 5A 75 3F 50 00 20 44 30 42 31 20 20 20 41 34   ~Zu?P~ D0B1   A4
20 00 00 0F 12 5A 75 3F 51 00 2C 44 30 42 31 20    ~~~~Zu?Q~,D0B1 
20 20 41 34 20 00 00 3E 7B 5A 75 3F 51 01 3F 44     A4 ~~>{Zu?Q~?D
30 42 31 20 20 20 47 44 43 00 00 0F 12 5A 75 3F   0B1   GDC~~~~Zu?
51 00 01 44 30 42 31 31 35 20 41 34 20 00 00 2D   Q~~D0B115 A4 ~~-
20 5A 75 3F 51 00 54 44 30 42 31 39 34 33 42 43    Zu?Q~TD0B1943BC
54 00 00 10 3F 5A 75 3F 51 00 2D 44 30 42 31 20   T~~~?Zu?Q~-D0B1 
20 20 4D 45 44 00 00 4E 3F 5A 75 3F 51 00 23 44     MED~~N?Zu?Q~#D
30 42 31 20 20 20 46 4D 20 00 00 40 52 5A 75 3F   0B1   FM ~~@RZu?
51 00 29 44 30 42 31 31 35 20 53 43 44 00 09 4F   Q~)D0B115 SCD~~O
3F 5A 75 3F 51 00 21 44 30 42 32 20 20 20 39 39   ?Zu?Q~!D0B2   99
39 00 09 4E 3F 5A 75 3F 51 00 13 44 30 42 31 45   9~~N?Zu?Q~~D0B1E
37 20 49 52 58 00 00 10 3F 5A 75 3F 51 00 09 44   7 IRX~~~?Zu?Q~~D
30 42 32 20 20 20 41 44 56 00 00 32 3F 5A 75 3F   0B2   ADV~~2?Zu?
51 00 06 44 30 42 31 20 20 20 20 20 20 00 00 40   Q~~D0B1      ~~@
52 5A 75 3F 51 00 19 44 30 42 32 20 20 20 53 43   RZu?Q~~D0B2   SC
44 00 00 0F 12 5A 75 3F 51 00 23 44 30 42 31 20   D~~~~Zu?Q~#D0B1 
20 20 4D 44 20 00 09 4F 3F 5A 75 3F 51 00 35 44     MD ~~O?Zu?Q~5D
30 42 31 20 20 20 46 45 50 00 00 39 3F 5A 75 3F   0B1   FEP~~9?Zu?
51 00 09 44 30 45 31 4D 36 20 43 4F 4D 00 00 4E   Q~~D0E1M6 COM~~N
3F 5A 75 3F 51 00 41 44 30 42 31 20 20 20 46 4D   ?Zu?Q~AD0B1   FM
20 00 00 40 52 5A 75 3F 51 00 17 44 30 42 31 20    ~~@RZu?Q~~D0B1 
20 20 53 43 44 00 00 10 3F 5A 75 3F 51 00 22 44     SCD~~~?Zu?Q~"D
30 42 31 20 20 20 4D 43 41 00 09 4F 31 5A 75 3F   0B1   MCA~~O1Zu?
52 00 25 44 30 42 31 37 36 20 39 39 39 00 09 50   R~%D0B176 999~~P
3F 5A 75 3F 52 00 2D 44 30 42 32 20 20 20 39 39   ?Zu?R~-D0B2   99
39 00 09 4F 3F 5A 75 3F 52 00 48 44 30 42 32 20   9~~O?Zu?R~HD0B2 
20 20 50 52 58 00 00 10 3F 5A 75 3F 52 00 11 44     PRX~~~?Zu?R~~D
30 42 32 20 20 20 41 44 56 00 00 39 3F 5A 75 3F   0B2   ADV~~9?Zu?
52 00 22 44 30 45 31 20 20 20 43 4F 4D 00 09 4F   R~"D0E1   COM~~O
26 5A 75 3F 52 00 1E 44 30 42 31 20 20 20 20 20   &Zu?R~~D0B1     
20 00 09 4F 3F 5A 75 3F 52 00 2C 44 30 42 31 20    ~~O?Zu?R~,D0B1 
20 20 46 45 50 00 00 10 3F 5A 75 3F 52 00 28 44     FEP~~~?Zu?R~(D
30 42 31 20 20 20 4D 45 44 00 00 3E 42 5A 75 3F   0B1   MED~~>BZu?
52 00 3F 44 30 42 31 4D 52 20 37 34 36 00 00 10   R~?D0B1MR 746~~~
3F 5A 75 3F 52 00 15 44 30 42 32 20 20 20 41 44   ?Zu?R~~D0B2   AD
56 00 09 4F 3F 5A 75 3F 52 00 3F 44 30 42 31 20   V~~O?Zu?R~?D0B1 
20 20 50 52 58 00 00 0F 12 5A 75 3F 52 00 1B 44     PRX~~~~Zu?R~~D
30 42 32 20 20 20 41 34 20 00 00 12 3F 5A 75 3F   0B2   A4 ~~~?Zu?
52 00 3F 44 30 42 31 38 35 20 59 4A 43 00 00 3C   R~?D0B185 YJC~~<
3F 5A 75 3F 53 00 11 44 30 42 32 20 20 20 30 33   ?Zu?S~~D0B2   03
32 00 00 10 3F 5A 75 3F 53 00 1C 44 30 42 31 37   2~~~?Zu?S~~D0B17
30 20 4D 45 44 00 00 39 3F 5A 75 3F 53 00 35 44   0 MED~~9?Zu?S~5D
30 45 31 20 20 20 43 4F 4D 00 09 4F 3F 5A 75 3F   0E1   COM~~O?Zu?
53 00 08 44 30 42 31 4E 4E 20 39 39 39 00 00 0F   S~~D0B1NN 999~~~
12 5A 75 3F 53 00 0F 44 30 42 32 20 20 20 4D 41   ~Zu?S~~D0B2   MA
20 00 00 3E 7B 5A 75 3F 53 00 3F 44 30 42 32 20    ~~>{Zu?S~?D0B2 
20 20 47 44 43 00 09 50 3F 5A 75 3F 53 00 2E 44     GDC~~P?Zu?S~.D
30 42 31 20 20 20 30 30 36 00 09 4F 31 5A 75 3F   0B1   006~~O1Zu?
53 00 44 44 30 42 31 20 20 20 39 39 39 00 00 32   S~DD0B1   999~~2
3F 5A 75 3F 53 00 06 44 30 42 31 20 20 20 43 41   ?Zu?S~~D0B1   CA
53 00 09 4F 3F 5A 75 3F 53 00 2D 44 30 42 32 20   S~~O?Zu?S~-D0B2 
20 20 50 52 58 00 00 10 3F 5A 75 3F 53 00 39 44     PRX~~~?Zu?S~9D
30 42 31 20 20 20 4D 45 44 00 09 4E 3F 5A 75 3F   0B1   MED~~N?Zu?
53 00 32 44 30 42 31 47 39 20 20 20 20 00 00 2D   S~2D0B1G9    ~~-
20 5A 75 3F 53 00 3F 44 30 42 31 20 20 20 54 58    Zu?S~?D0B1   TX
43 00 09 4F 3F 5A 75 3F 53 00 26 44 30 42 31 20   C~~O?Zu?S~&D0B1 
20 20 46 45 50 00 00 10 3F 5A 75 3F 53 00 1D 44     FEP~~~?Zu?S~~D
30 42 31 20 20 20 4D 43 41 00 00 3C 3F 5A 75 3F   0B1   MCA~~<?Zu?
53 00 31 44 30 42 31 20 20 20 30 33 32 00 09 4E   S~1D0B1   032~~N
3F 5A 75 3F 53 00 25 44 30 42 31 20 20 20 50 45   ?Zu?S~%D0B1   PE
55 00 00 4E 3F 5A 75 3F 54 00 38 44 30 42 31 37   U~~N?Zu?T~8D0B17
39 20 57 47 20 00 09 50 3F 5A 75 3F 54 00 42 44   9 WG ~~P?Zu?T~BD
30 42 31 20 20 20 4D 43 41 00 00 10 3F 5A 75 3F   0B1   MCA~~~?Zu?
54 00 24 44 30 42 31 37 39 20 4D 45 44 00 09 4E   T~$D0B179 MED~~N
3F 5A 75 3F 54 00 32 44 30 42 31 20 20 20 20 20   ?Zu?T~2D0B1     
20 00 00 40 52 5A 75 3F 54 00 20 44 30 42 31 20    ~~@RZu?T~ D0B1 
20 20 53 43 44 00 00 60 30 5A 75 3F 54 00 5F 44     SCD~~`0Zu?T~_D
30 42 32 20 20 20 4D 44 31 00 00 10 3F 5A 75 3F   0B2   MD1~~~?Zu?
54 00 53 44 30 42 31 20 20 20 41 44 56 00 00 2D   T~SD0B1   ADV~~-
20 5A 75 3F 54 00 3F 44 30 42 31 20 20 20 54 58    Zu?T~?D0B1   TX
43 00 09 4E 3F 5A 75 3F 54 00 3E 44 30 42 31 20   C~~N?Zu?T~>D0B1 
20 20 20 20 20 00 00 10 3F 5A 75 3F 54 00 0F 44        ~~~?Zu?T~~D
30 42 31 33 39 20 41 44 56 00 09 4E 3F 5A 75 3F   0B139 ADV~~N?Zu?
54 00 14 44 30 42 31 32 32 20 43 52 4B 00 00 0E   T~~D0B122 CRK~~~
01 5A 75 3F 54 00 14 44 30 42 32 20 20 20 41 53   ~Zu?T~~D0B2   AS
50 00 09 50 3F 5A 75 3F 54 00 44 44 30 42 31 37   P~~P?Zu?T~DD0B17
58 20 4D 43 41 00 00 42 72 5A 75 3F 54 00 1D 44   X MCA~~BrZu?T~~D
30 42 32 20 20 20 30 32 31 00 00 10 3F 5A 75 3F   0B2   021~~~?Zu?
54 00 1E 44 30 42 31 52 36 20 41 44 56 00 09 4F   T~~D0B1R6 ADV~~O
3F 5A 75 3F 54 00 37 44 30 42 31 20 20 20 39 39   ?Zu?T~7D0B1   99
39 00 00 10 3F 5A 75 3F 55 00 1D 44 30 42 31 36   9~~~?Zu?U~~D0B16
38 20 41 44 56 00 00 10 3F 5A 75 3F 55 00 1C 44   8 ADV~~~?Zu?U~~D
30 42 32 20 20 20 41 44 56 00 00 4E 3F 5A 75 3F   0B2   ADV~~N?Zu?
55 00 3F 44 30 42 31 20 20 20 49 53 20 00 09 4F   U~?D0B1   IS ~~O
3F 5A 75 3F 55 00 6E 44 30 42 31 20 20 20 50 52   ?Zu?U~nD0B1   PR
58 00 09 4F 31 5A 75 3F 55 00 18 44 30 42 32 20   X~~O1Zu?U~~D0B2 
20 20 39 39 39 00 00 0E 01 5A 75 3F 55 00 0E 44     999~~~~Zu?U~~D
30 42 32 20 20 20 41 53 50 00 09 4F 31 5A 75 3F   0B2   ASP~~O1Zu?
55 00 02 44 30 42 31 31 35 20 39 39 39 00 09 4E   U~~D0B115 999~~N
3F 5A 75 3F 55 00 1D 44 30 42 31 20 20 20 39 39   ?Zu?U~~D0B1   99
39 00 00 0F 3F 5A 75 3F 55 00 4B 44 30 42 31 20   9~~~?Zu?U~KD0B1 
20 20 34 33 2D 00 00 10 3F 5A 75 3F 55 00 2D 44     43-~~~?Zu?U~-D
30 42 32 20 20 20 4D 45 44 00 09 4F 31 5A 75 3F   0B2   MED~~O1Zu?
55 00 25 44 30 42 31 20 20 20 39 39 39 00 00 37   U~%D0B1   999~~7
63 5A 75 3F 55 00 16 44 30 42 32 20 20 20 39 37   cZu?U~~D0B2   97
34 00 00 39 3F 5A 75 3F 55 00 1B 44 30 45 31 4D   4~~9?Zu?U~~D0E1M
36 20 43 4F 4D 00 00 3C 3F 5A 75 3F 55 00 1E 44   6 COM~~<?Zu?U~~D
30 42 31 35 36 39 30 33 32 00 09 4F 3F 5A 75 3F   0B1569032~~O?Zu?
55 00 39 44 30 42 31 20 20 20 39 39 39 00 00 42   U~9D0B1   999~~B
72 5A 75 3F 55 00 35 44 30 42 31 20 20 20 43 49   rZu?U~5D0B1   CI
4D 00 00 4E 3F 5A 75 3F 55 00 3D 44 30 42 31 20   M~~N?Zu?U~=D0B1 
20 20 57 47 20 00 00 13 33 5A 75 3F 55 00 19 44     WG ~~~3Zu?U~~D
30 42 31 36 39 20 20 20 20 00 09 4E 3F 5A 75 3F   0B169    ~~N?Zu?
56 00 11 44 30 42 31 36 39 20 50 45 55 00 00 0F   V~~D0B169 PEU~~~
12 5A 75 3F 56 00 37 44 30 42 31 20 20 20 41 34   ~Zu?V~7D0B1   A4
20 00 00 3C 3F 5A 75 3F 56 00 46 44 30 42 31 20    ~~<?Zu?V~FD0B1 
20 20 41 53 50 00 00 41 3F 5A 75 3F 56 00 12 44     ASP~~A?Zu?V~~D
30 42 32 20 20 20 4D 48 49 00 00 10 3F 5A 75 3F   0B2   MHI~~~?Zu?
56 00 26 44 30 42 31 20 20 20 41 44 56 00 00 0E   V~&D0B1   ADV~~~
01 5A 75 3F 56 00 2B 44 30 42 31 20 20 20 41 53   ~Zu?V~+D0B1   AS
50 00 00 12 12 5A 75 3F 56 00 37 44 30 42 31 20   P~~~~Zu?V~7D0B1 
20 20 20 20 20 00 00 3E 7B 5A 75 3F 56 00 3F 44        ~~>{Zu?V~?D
30 42 31 20 20 20 47 44 43 00 00 4C 3F 5A 75 3F   0B1   GDC~~L?Zu?
56 00 3F 44 30 42 31 20 20 20 30 36 30 00 00 0F   V~?D0B1   060~~~
12 5A 75 3F 56 00 0F 44 30 42 32 20 20 20 41 34   ~Zu?V~~D0B2   A4
20 00 09 4E 3F 5A 75 3F 56 00 26 44 30 42 31 20    ~~N?Zu?V~&D0B1 
20 20 50 45 55 00 09 29 6A 5A 75 3F 56 00 12 44     PEU~~)jZu?V~~D
30 42 31 33 39 20 35 34 20 00 09 50 4A 5A 75 3F   0B139 54 ~~PJZu?
56 00 3F 44 30 42 31 20 20 20 53 43 31 00 00 2D   V~?D0B1   SC1~~-
20 5A 75 3F 57 00 3F 44 30 42 31 37 30 20 49 4C    Zu?W~?D0B170 IL
44 00 09 4E 3F 5A 75 3F 57 00 24 44 30 42 31 20   D~~N?Zu?W~$D0B1 
20 20 49 52 58 00 09 4E 3F 5A 75 3F 57 00 52 44     IRX~~N?Zu?W~RD
30 42 31 35 32 20 50 58 58 00 09 4F 31 5A 75 3F   0B152 PXX~~O1Zu?
57 00 19 44 30 42 32 20 20 20 39 39 39 00 00 4E   W~~D0B2   999~~N
3F 5A 75 3F 57 00 11 44 30 42 32 20 20 20 43 53   ?Zu?W~~D0B2   CS
20 00 09 4F 31 5A 75 3F 57 00 23 44 30 42 31 20    ~~O1Zu?W~#D0B1 
20 20 39 39 39 00 00 12 3F 5A 75 3F 57 01 02 44     999~~~?Zu?W~~D
30 42 31 20 20 20 55 53 4D 00 09 50 3F 5A 75 3F   0B1   USM~~P?Zu?
57 00 3F 44 30 42 31 20 20 20 48 4D 53 00 00 10   W~?D0B1   HMS~~~
3F 5A 75 3F 57 00 22 44 30 42 31 35 32 20 41 44   ?Zu?W~"D0B152 AD
56 00 09 4E 3F 5A 75 3F 57 00 0C 44 30 42 32 20   V~~N?Zu?W~~D0B2 
20 20 43 54 52 00 00 0F 12 5A 75 3F 57 00 25 44     CTR~~~~Zu?W~%D
30 42 31 38 38 20 4D 44 20 00 09 51 3F 5A 75 3F   0B188 MD ~~Q?Zu?
57 00 1C 44 30 42 32 20 20 20 37 37 37 00 00 42   W~~D0B2   777~~B
72 5A 75 3F 57 00 1C 44 30 42 31 20 20 20 30 32   rZu?W~~D0B1   02
31 00 00 3E 7B 5A 75 3F 57 00 3F 44 30 42 32 20   1~~>{Zu?W~?D0B2 
20 20 47 44 43 00 09 4E 3F 5A 75 3F 57 00 0E 44     GDC~~N?Zu?W~~D
30 42 31 4E 4E 20 4D 45 44 00 09 50 3F 5A 75 3F   0B1NN MED~~P?Zu?
58 00 1D 44 30 42 32 20 20 20 43 53 50 00 00 10   X~~D0B2   CSP~~~
3F 5A 75 3F 58 00 2E 44 30 42 31 20 20 20 41 44   ?Zu?X~.D0B1   AD
56 00 00 10 3F 5A 75 3F 58 00 1A 44 30 42 31 20   V~~~?Zu?X~~D0B1 
20 20 4D 43 41 00 00 3E 7B 5A 75 3F 58 00 3F 44     MCA~~>{Zu?X~?D
30 42 31 20 20 20 47 44 43 00 00 0F 12 5A 75 3F   0B1   GDC~~~~Zu?
58 00 23 44 30 42 31 20 20 20 4D 44 20 00 00 10   X~#D0B1   MD ~~~
3F 5A 75 3F 58 00 27 44 30 42 31 20 20 20 41 44   ?Zu?X~'D0B1   AD
56 00 00 42 72 5A 75 3F 58 00 11 44 30 42 32 20   V~~BrZu?X~~D0B2 
20 20 43 49 4D 00 00 0F 12 5A 75 3F 58 00 2A 44     CIM~~~~Zu?X~*D
30 42 31 20 20 20 41 34 20 00 00 30 18 5A 75 3F   0B1   A4 ~~0~Zu?
58 00 5F 44 30 42 31 4D 52 20 50 41 52 00 00 3C   X~_D0B1MR PAR~~<
3F 5A 75 3F 58 00 3F 44 30 42 31 20 20 20 30 33   ?Zu?X~?D0B1   03
32 00 00 10 3F 5A 75 3F 58 00 0D 44 30 42 31 4E   2~~~?Zu?X~~D0B1N
4E 20 4D 45 44 00 00 10 3F 5A 75 3F 58 00 1B 44   N MED~~~?Zu?X~~D
30 42 31 20 20 20 4D 45 44 00 09 50 3F 5A 75 3F   0B1   MED~~P?Zu?
58 00 06 44 30 42 31 31 35 20 53 42 50 00 09 4E   X~~D0B115 SBP~~N
3F 5A 75 3F 58 00 2F 44 30 42 31 20 20 20 20 20   ?Zu?X~/D0B1     
20 00 09 4E 3F 5A 75 3F 58 00 13 44 30 42 32 20    ~~N?Zu?X~~D0B2 
20 20 50 45 55 00 09 4E 3F 5A 75 3F 58 00 2B 44     PEU~~N?Zu?X~+D
30 42 31 20 20 20 50 45 55 00 09 4F 31 5A 75 3F   0B1   PEU~~O1Zu?
59 00 42 44 30 42 31 20 20 20 39 39 39 00 09 4F   Y~BD0B1   999~~O
31 5A 75 3F 59 00 24 44 30 42 31 37 39 20 39 39   1Zu?Y~$D0B179 99
39 00 00 2B 18 5A 75 3F 59 00 06 44 30 42 32 20   9~~+~Zu?Y~~D0B2 
20 20 43 41 53 00 09 50 3F 5A 75 3F 59 00 3F 44     CAS~~P?Zu?Y~?D
30 42 31 20 20 20 48 4D 48 00 00 43 3F 5A 75 3F   0B1   HMH~~C?Zu?
59 00 2B 44 30 42 31 20 20 20 44 49 53 00 09 50   Y~+D0B1   DIS~~P
3F 5A 75 3F 59 00 0F 44 30 42 32 20 20 20 39 39   ?Zu?Y~~D0B2   99
39 00 00 12 4A 5A 75 3F 59 01 0B 44 30 42 31 20   9~~~JZu?Y~~D0B1 
20 20 43 4E 20 00 00 10 3F 5A 75 3F 59 00 25 44     CN ~~~?Zu?Y~%D
30 42 31 20 20 20 4D 43 41 00 00 39 3F 5A 75 3F   0B1   MCA~~9?Zu?
59 00 2F 44 30 45 31 20 20 20 43 4F 4D 00 00 5E   Y~/D0E1   COM~~^
3F 5A 75 3F 59 00 59 44 30 42 31 20 20 20 4F 48   ?Zu?Y~YD0B1   OH
52 00 00 4C 3F 5A 75 3F 59 00 75 44 30 42 31 20   R~~L?Zu?Y~uD0B1 
20 20 50 52 58 00 09 4F 31 5A 75 3F 59 00 36 44     PRX~~O1Zu?Y~6D
30 42 31 20 20 20 39 39 39 00 00 40 52 5A 75 3F   0B1   999~~@RZu?
59 00 16 44 30 42 32 20 20 20 53 43 44 00 09 4E   Y~~D0B2   SCD~~N
3F 5A 75 3F 59 00 30 44 30 42 31 20 20 20 49 52   ?Zu?Y~0D0B1   IR
58 00 00 10 3F 5A 75 3F 59 00 2B 44 30 42 31 20   X~~~?Zu?Y~+D0B1 
20 20 4D 45 44 00 00 10 3F 5A 75 3F 59 00 27 44     MED~~~?Zu?Y~'D
30 42 31 20 20 20 37 37 39 00 00 42 72 5A 75 3F   0B1   779~~BrZu?
59 00 13 44 30 42 32 20 20 20 43 49 4D 00 00 0E   Y~~D0B2   CIM~~~
01 5A 75 3F 59 00 62 44 30 42 31 37 30 20 41 53   ~Zu?Y~bD0B170 AS
50 00 00 19 3F 5A 75 3F 59 00 09 44 30 42 31 20   P~~~?Zu?Y~~D0B1 
20 20 48 59 56 00 00 19 3F 5A 75 3F 59 00 06 44     HYV~~~?Zu?Y~~D
30 42 32 20 20 20 48 59 56 00 00 3C 3F 5A 75 3F   0B2   HYV~~<?Zu?
59 00 3F 44 30 42 31 20 20 20 30 33 32 00 00 4C   Y~?D0B1   032~~L
3F 5A 75 3F 59 00 4D 44 30 42 31 37 39 20 50 52   ?Zu?Y~MD0B179 PR
58 00 00 10 3F 5A 75 3F 59 00 32 44 30 42 31 20   X~~~?Zu?Y~2D0B1 
20 20 4D 45 44 00 09 4F 3F 5A 75 3F 5A 00 27 44     MED~~O?Zu?Z~'D
30 42 31 20 20 20 39 39 39 00 09 50 3F 5A 75 3F   0B1   999~~P?Zu?
5A 00 2A 44 30 42 31 20 20 20 4D 45 44 00 09 4E   Z~*D0B1   MED~~N
3F 5A 75 3F 5A 00 25 44 30 42 31 20 20 20 49 52   ?Zu?Z~%D0B1   IR
58 00 09 50 3F 5A 75 3F 5A 00 27 44 30 42 31 20   X~~P?Zu?Z~'D0B1 
20 20 4D 45 44 00 00 58 3F 5A 75 3F 5A 00 44 44     MED~~X?Zu?Z~DD
30 42 31 20 20 20 36 33 33 00 09 50 4A 5A 75 3F   0B1   633~~PJZu?
5A 00 3F 44 30 42 31 20 20 20 53 43 31 00 00 10   Z~?D0B1   SC1~~~
3F 5A 75 3F 5A 00 17 44 30 42 31 36 38 20 41 44   ?Zu?Z~~D0B168 AD
56 00 09 4F 4F 5A 75 3F 5A 00 2D 44 30 42 31 38   V~~OOZu?Z~-D0B18
35 20 30 31 39 00 00 3C 3F 5A 75 3F 5A 01 11 44   5 019~~<?Zu?Z~~D
30 42 31 20 20 20 30 33 32 00 00 10 3F 5A 75 3F   0B1   032~~~?Zu?
5A 00 2C 44 30 42 31 20 20 20 4D 45 44 00 09 50   Z~,D0B1   MED~~P
3F 5A 75 3F 5A 00 5E 44 30 42 31 20 20 20 48 4F   ?Zu?Z~^D0B1   HO
52 00 00 39 3F 5A 75 3F 5A 00 4A 44 30 45 31 20   R~~9?Zu?Z~JD0E1 
20 20 43 4F 4D 00 00 25 53 5A 75 3F 5A 01 40 44     COM~~%SZu?Z~@D
30 42 31 33 34 20 4D 41 53 00 09 4F 3F 5A 75 3F   0B134 MAS~~O?Zu?
5A 00 71 44 30 42 31 20 20 20 50 52 58 00 00 2D   Z~qD0B1   PRX~~-
20 5A 75 3F 5A 00 33 44 30 42 31 20 20 20 50 44    Zu?Z~3D0B1   PD
50 00 00 42 72 5A 75 3F 5A 00 18 44 30 42 31 20   P~~BrZu?Z~~D0B1 
20 20 30 32 31 00 09 4F 3F 5A 75 3F 5A 00 1F 44     021~~O?Zu?Z~~D
30 42 31 20 20 20 46 45 50 00 00 10 3F 5A 75 3F   0B1   FEP~~~?Zu?
5B 00 2E 44 30 42 31 20 20 20 41 44 56 00 09 4F   [~.D0B1   ADV~~O
31 5A 75 3F 5B 00 1C 44 30 42 32 20 20 20 39 39   1Zu?[~~D0B2   99
39 00 00 42 72 5A 75 3F 5B 00 16 44 30 42 31 45   9~~BrZu?[~~D0B1E
35 20 30 32 31 00 00 0F 3F 5A 75 3F 5B 00 27 44   5 021~~~?Zu?[~'D
30 42 31 20 20 20 34 33 2D 00 09 4F 24 5A 75 3F   0B1   43-~~O$Zu?
5B 00 47 44 30 42 31 20 20 20 44 52 4D 00 09 50   [~GD0B1   DRM~~P
3F 5A 75 3F 5B 01 00 44 30 42 31 20 20 20 20 20   ?Zu?[~~D0B1     
20 00 00 12 4A 5A 75 3F 5B 00 01 44 30 42 31 4E    ~~~JZu?[~~D0B1N
4E 20 43 4E 20 00 00 10 3F 5A 75 3F 5B 00 1E 44   N CN ~~~?Zu?[~~D
30 42 31 37 35 20 4D 43 41 00 00 10 3F 5A 75 3F   0B175 MCA~~~?Zu?
5B 00 28 44 30 42 31 20 20 20 4D 45 44 00 09 4F   [~(D0B1   MED~~O
24 5A 75 3F 5B 00 5D 44 30 42 31 20 20 20 44 52   $Zu?[~]D0B1   DR
4D 00 00 12 3F 5A 75 3F 5B 00 6C 44 30 42 32 20   M~~~?Zu?[~lD0B2 
20 20 55 53 4D 00 09 33 3F 5A 75 3F 5B 00 18 44     USM~~3?Zu?[~~D
30 42 31 37 35 20 42 41 5A 00 00 10 3F 5A 75 3F   0B175 BAZ~~~?Zu?
5B 00 29 44 30 42 31 20 20 20 41 44 56 00 00 10   [~)D0B1   ADV~~~
3F 5A 75 3F 5B 00 1E 44 30 42 31 37 39 20 4D 45   ?Zu?[~~D0B179 ME
44 00 00 0F 12 5A 75 3F 5B 00 14 44 30 42 32 20   D~~~~Zu?[~~D0B2 
20 20 41 34 20 00 00 32 11 5A 75 3F 5B 00 01 35     A4 ~~2~Zu?[~~5
31 42 31 20 20 20 43 41 53 00 09 4E 3F 5A 75 3F   1B1   CAS~~N?Zu?
5B 00 7D 44 30 42 32 20 20 20 49 52 58 00 00 32   [~}D0B2   IRX~~2
11 5A 75 3F 5B 00 07 35 31 42 31 20 20 20 43 41   ~Zu?[~~51B1   CA
53 00 00 10 3F 5A 75 3F 5B 00 3C 44 30 42 31 20   S~~~?Zu?[~<D0B1 
20 20 4D 45 44 00 00 10 3F 5A 75 3F 5B 00 24 44     MED~~~?Zu?[~$D
30 42 31 20 20 20 41 44 56 00 00 40 52 5A 75 3F   0B1   ADV~~@RZu?
5B 00 02 44 30 42 31 38 38 20 53 43 44 00 00 45   [~~D0B188 SCD~~E
18 5A 75 3F 5B 00 6D 44 30 42 31 20 20 20 39 37   ~Zu?[~mD0B1   97
34 00 09 4F 31 5A 75 3F 5C 00 47 44 30 42 31 20   4~~O1Zu?\~GD0B1 
20 20 39 39 39 00 00 12 3F 5A 75 3F 5C 01 07 44     999~~~?Zu?\~~D
30 42 31 20 20 20 55 53 4D 00 00 10 3F 5A 75 3F   0B1   USM~~~?Zu?
5C 00 35 44 30 42 31 37 39 20 41 44 56 00 00 45   \~5D0B179 ADV~~E
3F 5A 75 3F 5C 00 60 44 30 42 31 20 20 20 49 4C   ?Zu?\~`D0B1   IL
50 00 0C 35 08 5A 75 3F 5C 00 12 44 30 42 31 20   P~~5~Zu?\~~D0B1 
20 20 20 20 20 00 00 4E 3F 5A 75 3F 5C 00 24 44        ~~N?Zu?\~$D
30 42 31 30 39 20 57 47 20 00 09 4F 31 5A 75 3F   0B109 WG ~~O1Zu?
5C 00 27 44 30 42 31 20 20 20 39 39 39 00 00 4C   \~'D0B1   999~~L
3F 5A 75 3F 5C 00 50 44 30 42 31 20 20 20 50 52   ?Zu?\~PD0B1   PR
58 00 09 51 3F 5A 75 3F 5C 00 12 44 30 42 31 20   X~~Q?Zu?\~~D0B1 
20 20 53 41 56 00 09 50 3F 5A 75 3F 5C 00 30 44     SAV~~P?Zu?\~0D
30 42 31 38 38 20 4D 45 44 00 00 4E 3F 5A 75 3F   0B188 MED~~N?Zu?
5C 00 31 44 30 42 31 20 20 20 46 43 20 00 00 10   \~1D0B1   FC ~~~
3F 5A 75 3F 5C 00 23 44 30 42 31 20 20 20 4D 43   ?Zu?\~#D0B1   MC
41 00 00 4C 3F 5A 75 3F 5C 00 15 44 30 42 31 4E   A~~L?Zu?\~~D0B1N
4E 20 50 52 58 00 00 12 12 5A 75 3F 5C 00 0C 44   N PRX~~~~Zu?\~~D
30 42 32 20 20 20 20 20 20 00 09 50 3F 5A 75 3F   0B2      ~~P?Zu?
5C 00 3C 44 30 42 31 20 20 20 4D 45 44 00 00 10   \~<D0B1   MED~~~
3F 5A 75 3F 5D 00 33 44 30 42 31 20 20 20 41 44   ?Zu?]~3D0B1   AD
56 00 00 39 3F 5A 75 3F 5D 00 37 44 30 45 31 20   V~~9?Zu?]~7D0E1 
20 20 43 4F 4D 00 00 0E 01 5A 75 3F 5D 00 34 44     COM~~~~Zu?]~4D
30 42 31 37 39 20 41 53 50 00 00 10 3F 5A 75 3F   0B179 ASP~~~?Zu?
5D 00 2D 44 30 42 31 20 20 20 4D 45 44 00 00 0F   ]~-D0B1   MED~~~
12 5A 75 3F 5D 00 1B 44 30 42 31 37 35 20 41 34   ~Zu?]~~D0B175 A4
20 00 00 32 3F 5A 75 3F 5D 00 06 44 30 42 31 20    ~~2?Zu?]~~D0B1 
20 20 20 20 20 00 00 34 28 5A 75 3F 5D 00 42 44        ~~4(Zu?]~BD
30 42 31 20 20 20 50 30 33 00 09 4E 3F 5A 75 3F   0B1   P03~~N?Zu?
5D 00 32 44 30 42 31 38 38 20 49 52 58 00 00 40   ]~2D0B188 IRX~~@
52 5A 75 3F 5D 00 1A 44 30 42 31 20 20 20 53 43   RZu?]~~D0B1   SC
44 00 00 40 73 5A 75 3F 5D 00 58 44 30 42 31 37   D~~@sZu?]~XD0B17
58 20 48 5A 52 00 00 10 3F 5A 75 3F 5D 00 3F 44   X HZR~~~?Zu?]~?D
30 42 31 20 20 20 4D 45 44 00 00 3C 3F 5A 75 3F   0B1   MED~~<?Zu?
5D 00 2E 44 30 42 31 20 20 20 30 33 32 00 00 4E   ]~.D0B1   032~~N
3F 5A 75 3F 5D 00 59 44 30 42 31 20 20 20 41 43   ?Zu?]~YD0B1   AC
20 00 00 10 3F 5A 75 3F 5D 00 24 44 30 42 31 20    ~~~?Zu?]~$D0B1 
20 20 4D 45 44 00 00 4C 3F 5A 75 3F 5E 00 15 44     MED~~L?Zu?^~~D
30 42 31 4E 4E 20 50 52 58 00 00 0F 3F 5A 75 3F   0B1NN PRX~~~?Zu?
5E 00 15 44 30 42 31 20 20 20 50 30 32 00 00 3C   ^~~D0B1   P02~~<
3F 5A 75 3F 5E 00 60 44 30 42 31 20 20 20 30 33   ?Zu?^~`D0B1   03
32 00 00 3C 3F 5A 75 3F 5E 00 3B 44 30 42 31 20   2~~<?Zu?^~;D0B1 
20 20 30 33 32 00 00 3E 7B 5A 75 3F 5E 00 0F 44     032~~>{Zu?^~~D
30 42 31 31 39 20 47 44 43 00 09 50 4A 5A 75 3F   0B119 GDC~~PJZu?
5E 00 51 44 30 42 32 20 20 20 53 43 31 00 09 4E   ^~QD0B2   SC1~~N
3F 5A 75 3F 5E 00 35 44 30 42 31 20 20 20 49 52   ?Zu?^~5D0B1   IR
58 00 00 0F 3F 5A 75 3F 5E 00 1B 44 30 42 31 20   X~~~?Zu?^~~D0B1 
20 20 50 30 32 00 00 37 63 5A 75 3F 5E 00 58 44     P02~~7cZu?^~XD
30 42 31 20 20 20 39 37 34 00 00 42 72 5A 75 3F   0B1   974~~BrZu?
5E 00 18 44 30 42 32 20 20 20 30 32 31 00 00 10   ^~~D0B2   021~~~
3F 5A 75 3F 5E 00 30 44 30 42 31 20 20 20 4D 45   ?Zu?^~0D0B1   ME
44 00 09 4F 3F 5A 75 3F 5E 00 3F 44 30 42 31 20   D~~O?Zu?^~?D0B1 
20 20 50 52 58 00 00 3C 3F 5A 75 3F 5E 00 47 44     PRX~~<?Zu?^~GD
30 42 31 20 20 20 30 33 32 00 00 40 52 5A 75 3F   0B1   032~~@RZu?
5E 00 34 44 30 42 31 20 20 20 53 43 44 00 09 4F   ^~4D0B1   SCD~~O
3F 5A 75 3F 5E 00 67 44 30 42 31 20 20 20 46 45   ?Zu?^~gD0B1   FE
50 00 09 50 3F 5A 75 3F 5F 00 20 44 30 42 32 20   P~~P?Zu?_~ D0B2 
20 20 4C 4F 59 00 00 0F 12 5A 75 3F 5F 00 11 44     LOY~~~~Zu?_~~D
30 42 32 20 20 20 4D 44 20 00 00 3E 7B 5A 75 3F   0B2   MD ~~>{Zu?
5F 00 3F 44 30 42 32 20 20 20 47 44 43 00 00 5A   _~?D0B2   GDC~~Z
3F 5A 75 3F 5F 00 3F 44 30 42 31 37 35 20 56 52   ?Zu?_~?D0B175 VR
58 00 00 39 3F 5A 75 3F 5F 00 1E 44 30 45 31 20   X~~9?Zu?_~~D0E1 
20 20 43 4F 4D 00 09 4E 3F 5A 75 3F 5F 00 0C 44     COM~~N?Zu?_~~D
30 42 31 35 32 20 49 52 58 00 00 3C 3F 5A 75 3F   0B152 IRX~~<?Zu?
5F 00 40 44 30 42 31 20 20 20 30 33 32 00 09 4F   _~@D0B1   032~~O
3F 5A 75 3F 5F 00 29 44 30 42 31 20 20 20 46 45   ?Zu?_~)D0B1   FE
50 00 09 50 4A 5A 75 3F 5F 00 31 44 30 42 32 20   P~~PJZu?_~1D0B2 
20 20 53 43 31 00 00 10 3F 5A 75 3F 5F 00 2E 44     SC1~~~?Zu?_~.D
30 42 31 20 20 20 41 44 56 00 09 4E 3F 5A 75 3F   0B1   ADV~~N?Zu?
5F 00 16 44 30 42 31 35 32 20 50 45 55 00 09 4E   _~~D0B152 PEU~~N
3F 5A 75 3F 5F 00 26 44 30 42 31 37 30 20 4D 45   ?Zu?_~&D0B170 ME
44 00 09 51 2A 5A 75 3F 5F 00 23 44 30 42 32 20   D~~Q*Zu?_~#D0B2 
20 20 4E 56 54 00 09 4E 3F 5A 75 3F 5F 00 2C 44     NVT~~N?Zu?_~,D
30 42 31 38 38 20 20 20 20 00 00 12 3F 5A 75 3F   0B188    ~~~?Zu?
5F 00 67 44 30 42 31 20 20 20 59 4A 53 00 00 10   _~gD0B1   YJS~~~
3F 5A 75 3F 60 00 17 44 30 42 31 35 32 20 4D 45   ?Zu?`~~D0B152 ME
44 00 00 10 3F 5A 75 3F 60 00 22 44 30 42 31 20   D~~~?Zu?`~"D0B1 
20 20 4D 45 44 00 09 29 6A 5A 75 3F 60 00 3F 44     MED~~)jZu?`~?D
30 42 31 37 30 20 35 34 20 00 09 51 3F 5A 75 3F   0B170 54 ~~Q?Zu?
60 00 1D 44 30 42 31 20 20 20 37 37 37 00 09 51   `~~D0B1   777~~Q
21 5A 75 3F 60 00 2C 44 30 42 31 38 38 20 48 4E   !Zu?`~,D0B188 HN
45 00 00 39 3F 5A 75 3F 60 00 27 44 30 45 31 20   E~~9?Zu?`~'D0E1 
20 20 43 4F 4D 00 09 50 3F 5A 75 3F 60 00 47 44     COM~~P?Zu?`~GD
30 42 31 20 20 20 43 53 50 00 00 10 3F 5A 75 3F   0B1   CSP~~~?Zu?
60 00 2C 44 30 42 31 20 20 20 4D 45 44 00 00 10   `~,D0B1   MED~~~
3F 5A 75 3F 60 00 28 44 30 42 31 20 20 20 41 44   ?Zu?`~(D0B1   AD
56 00 00 39 3F 5A 75 3F 60 00 13 44 30 45 31 20   V~~9?Zu?`~~D0E1 
20 20 43 4F 4D 00 09 50 3F 5A 75 3F 60 00 30 44     COM~~P?Zu?`~0D
30 42 31 20 20 20 34 33 34 00 09 50 3F 5A 75 3F   0B1   434~~P?Zu?
60 00 28 44 30 42 31 20 20 20 50 41 41 00 09 50   `~(D0B1   PAA~~P
3F 5A 75 3F 60 00 5B 44 30 42 31 20 20 20 4E 44   ?Zu?`~[D0B1   ND
43 00 09 50 3F 5A 75 3F 61 00 25 44 30 42 32 20   C~~P?Zu?a~%D0B2 
20 20 55 4D 45 00 00 10 3F 5A 75 3F 61 00 2C 44     UME~~~?Zu?a~,D
30 42 31 20 20 20 4D 45 44 00 00 0F 12 5A 75 3F   0B1   MED~~~~Zu?
61 00 1C 44 30 42 32 20 20 20 53 43 20 00 00 0F   a~~D0B2   SC ~~~
12 5A 75 3F 61 00 30 44 30 42 31 20 20 20 41 34   ~Zu?a~0D0B1   A4
20 00 09 50 3F 5A 75 3F 61 00 3F 44 30 42 31 20    ~~P?Zu?a~?D0B1 
20 20 4E 44 43 00 00 0F 12 5A 75 3F 61 00 1D 44     NDC~~~~Zu?a~~D
30 42 31 20 20 20 4D 44 20 00 00 39 3F 5A 75 3F   0B1   MD ~~9?Zu?
61 00 37 44 30 45 31 4D 36 20 43 4F 4D 00 09 50   a~7D0E1M6 COM~~P
3F 5A 75 3F 61 00 34 44 30 42 31 20 20 20 4D 45   ?Zu?a~4D0B1   ME
44 00 09 4E 3F 5A 75 3F 61 00 2F 44 30 42 31 31   D~~N?Zu?a~/D0B11
33 20 20 20 20 00 00 10 3F 5A 75 3F 61 00 17 44   3    ~~~?Zu?a~~D
30 42 31 37 36 20 4D 43 41 00 00 24 3F 5A 75 3F   0B176 MCA~~$?Zu?
61 00 01 44 30 42 32 20 20 20 20 20 20 00 00 3E   a~~D0B2      ~~>
10 5A 75 3F 61 00 07 44 30 42 32 20 20 20 4E 4D   ~Zu?a~~D0B2   NM
43 00 00 3E 7B 5A 75 3F 61 00 3F 44 30 42 32 20   C~~>{Zu?a~?D0B2 
20 20 47 44 43 00 00 10 3F 5A 75 3F 61 00 24 44     GDC~~~?Zu?a~$D
30 42 31 20 20 20 41 44 56 00 09 51 2E 5A 75 3F   0B1   ADV~~Q.Zu?
61 00 53 44 30 42 31 38 38 20 48 4D 43 00 09 4F   a~SD0B188 HMC~~O
3F 5A 75 3F 62 00 1B 44 30 42 31 37 36 20 39 39   ?Zu?b~~D0B176 99
39 00 00 10 3F 5A 75 3F 62 00 5F 44 30 42 31 20   9~~~?Zu?b~_D0B1 
20 20 41 44 56 00 09 4E 3F 5A 75 3F 62 00 36 44     ADV~~N?Zu?b~6D
30 42 31 20 20 20 43 54 52 00 00 17 3F 5A 75 3F   0B1   CTR~~~?Zu?
62 00 3F 44 30 42 31 20 20 20 4D 53 43 00 09 4F   b~?D0B1   MSC~~O
3F 5A 75 3F 62 00 23 44 30 42 32 20 20 20 50 52   ?Zu?b~#D0B2   PR
58 00 00 4E 3F 5A 75 3F 62 00 15 44 30 42 32 20   X~~N?Zu?b~~D0B2 
20 20 57 47 20 00 09 4E 3F 5A 75 3F 62 00 35 44     WG ~~N?Zu?b~5D
30 42 31 20 20 20 20 20 20 00 00 0E 01 5A 75 3F   0B1      ~~~~Zu?
62 00 68 44 30 42 31 20 20 20 41 53 50 00 09 4E   b~hD0B1   ASP~~N
3F 5A 75 3F 62 00 25 44 30 42 31 20 20 20 20 20   ?Zu?b~%D0B1     
20 00 00 10 3F 5A 75 3F 62 00 3F 44 30 42 31 55    ~~~?Zu?b~?D0B1U
59 20 54 45 4C 00 09 29 6A 5A 75 3F 62 00 3F 44   Y TEL~~)jZu?b~?D
30 42 31 37 30 20 35 34 20 00 09 4F 3F 5A 75 3F   0B170 54 ~~O?Zu?
62 00 3C 44 30 42 31 37 36 20 39 39 39 00 09 4E   b~<D0B176 999~~N
3F 5A 75 3F 62 00 18 44 30 42 32 20 20 20 4D 45   ?Zu?b~~D0B2   ME
44 00 00 10 3F 5A 75 3F 62 00 44 44 30 42 31 20   D~~~?Zu?b~DD0B1 
20 20 4D 45 44 00 00 3E 10 5A 75 3F 62 00 08 44     MED~~>~Zu?b~~D
30 42 32 20 20 20 4E 4D 43 00 0C 35 08 5A 75 3F   0B2   NMC~~5~Zu?
62 00 31 44 30 42 31 20 20 20 20 20 20 00 09 4E   b~1D0B1      ~~N
3F 5A 75 3F 62 00 32 44 30 42 31 20 20 20 49 52   ?Zu?b~2D0B1   IR
58 00 00 42 72 5A 75 3F 62 00 10 44 30 42 32 20   X~~BrZu?b~~D0B2 
20 20 43 49 4D 00 09 4F 3F 5A 75 3F 63 00 3F 44     CIM~~O?Zu?c~?D
30 42 31 20 20 20 50 52 58 00 00 4E 3F 5A 75 3F   0B1   PRX~~N?Zu?
63 00 4C 44 30 42 31 20 20 20 57 47 20 00 00 0F   c~LD0B1   WG ~~~
12 5A 75 3F 63 00 29 44 30 42 31 20 20 20 41 34   ~Zu?c~)D0B1   A4
20 00 09 4F 31 5A 75 3F 63 00 3C 44 30 42 31 37    ~~O1Zu?c~<D0B17
39 20 39 39 39 00 00 19 3F 5A 75 3F 63 00 0A 44   9 999~~~?Zu?c~~D
30 42 32 20 20 20 48 59 56 00 00 32 52 5A 75 3F   0B2   HYV~~2RZu?
63 00 47 44 30 42 31 20 20 20 4B 50 50 00 00 49   c~GD0B1   KPP~~I
3F 5A 75 3F 63 00 08 44 30 42 31 33 39 20 33 46   ?Zu?c~~D0B139 3F
20 00 00 10 3F 5A 75 3F 63 00 36 44 30 42 31 20    ~~~?Zu?c~6D0B1 
20 20 41 44 56 00 00 10 3F 5A 75 3F 63 00 13 44     ADV~~~?Zu?c~~D
30 42 32 20 20 20 4D 45 44 00 09 50 3F 5A 75 3F   0B2   MED~~P?Zu?
63 00 0A 44 30 42 32 20 20 20 34 38 30 00 00 10   c~~D0B2   480~~~
3F 5A 75 3F 63 00 05 44 30 42 31 31 35 20 4D 43   ?Zu?c~~D0B115 MC
41 00 00 17 3B 5A 75 3F 63 00 1C 44 30 42 31 37   A~~~;Zu?c~~D0B17
30 20 43 4C 41 00 00 10 3F 5A 75 3F 63 00 2A 44   0 CLA~~~?Zu?c~*D
30 42 31 20 20 20 4D 45 44 00 09 4E 3F 5A 75 3F   0B1   MED~~N?Zu?
63 00 0C 44 30 42 31 36 39 20 4D 45 44 00 00 10   c~~D0B169 MED~~~
3F 5A 75 3F 63 00 23 44 30 42 31 20 20 20 41 44   ?Zu?c~#D0B1   AD
56 00 00 12 3F 5A 75 3F 63 00 3C 44 30 42 31 20   V~~~?Zu?c~<D0B1 
20 20 59 52 42 00 09 4E 3F 5A 75 3F 63 00 21 44     YRB~~N?Zu?c~!D
30 42 31 35 32 20 43 4F 50 00 00 10 3F 5A 75 3F   0B152 COP~~~?Zu?
63 00 17 44 30 42 31 38 38 39 41 44 56 00 00 2D   c~~D0B1889ADV~~-
20 5A 75 3F 64 00 38 44 30 42 31 20 20 20 42 43    Zu?d~8D0B1   BC
54 00 00 10 3F 5A 75 3F 64 00 0F 44 30 42 32 20   T~~~?Zu?d~~D0B2 
20 20 4D 45 44 00 00 4C 3F 5A 75 3F 64 00 45 44     MED~~L?Zu?d~ED
30 42 31 37 30 20 50 52 58 00 09 4E 3F 5A 75 3F   0B170 PRX~~N?Zu?
64 00 2F 44 30 42 31 38 38 20 2A 20 20 00 09 4E   d~/D0B188 *  ~~N
3F 5A 75 3F 64 00 27 44 30 42 31 20 20 20 49 52   ?Zu?d~'D0B1   IR
58 00 00 28 3F 5A 75 3F 64 00 05 44 30 42 32 20   X~~(?Zu?d~~D0B2 
20 20 50 50 52 00 09 50 6F 5A 75 3F 64 00 2D 44     PPR~~PoZu?d~-D
30 42 31 20 20 20 50 43 53 00 09 50 3F 5A 75 3F   0B1   PCS~~P?Zu?
64 00 35 44 30 42 31 20 20 20 4D 45 44 00 00 12   d~5D0B1   MED~~~
4A 5A 75 3F 64 00 3F 44 30 42 32 20 20 20 43 4E   JZu?d~?D0B2   CN
20 00 09 50 3F 5A 75 3F 64 00 26 44 30 42 31 38    ~~P?Zu?d~&D0B18
38 20 4D 45 44 00 00 10 3F 5A 75 3F 64 00 11 44   8 MED~~~?Zu?d~~D
30 42 32 20 20 20 4D 43 41 00 00 39 3F 5A 75 3F   0B2   MCA~~9?Zu?
64 00 33 44 30 45 31 20 20 20 43 4F 4D 00 09 4E   d~3D0E1   COM~~N
3F 5A 75 3F 64 00 30 44 30 42 31 38 38 20 49 52   ?Zu?d~0D0B188 IR
58 00 00 40 73 5A 75 3F 64 00 1B 44 30 42 32 20   X~~@sZu?d~~D0B2 
20 20 48 5A 52 00 00 10 3F 5A 75 3F 65 00 55 44     HZR~~~?Zu?e~UD
30 42 31 20 20 20 41 44 56 00 00 4C 3F 5A 75 3F   0B1   ADV~~L?Zu?
65 00 31 44 30 42 31 34 58 20 50 52 58 00 00 3C   e~1D0B14X PRX~~<
3F 5A 75 3F 65 00 20 44 30 42 32 20 20 20 30 33   ?Zu?e~ D0B2   03
03                                                ~