
02 31 35 30 36 37 30 31 36 50 53 51 39 30 35 00   ~15067016PSQ905~
00 31 30 54 50 30 30 30 30 5A 58 31 36 4F 4D 4E   ~10TP0000ZX16OMN
49 1B 3F 56 33 00 00 01 3F 02 3F 07 3F 00 02 00   I~?V3~~~?~?~?~~~
02 00 0D 00 23 00 24 00 13 00 00 00 23 55 3F 3F   ~~~~#~$~~~~~#U??
3F 00 0E 00 2A 00 00 38 3F 00 00 30 18 5A 75 3F   ?~~~*~~8?~~0~Zu?
19 00 57 44 30 42 31 20 20 20 50 41 52 00 00 27   ~~WD0B1   PAR~~'
3F 5A 75 3F 19 00 05 44 30 42 31 20 20 20 50 50   ?Zu?~~~D0B1   PP
45 00 00 27 3F 5A 75 3F 19 00 01 44 30 42 31 20   E~~'?Zu?~~~D0B1 
20 20 50 50 45 00 00 10 3F 5A 75 3F 19 00 19 44     PPE~~~?Zu?~~~D
30 42 31 37 39 20 4D 45 44 00 00 27 3F 5A 75 3F   0B179 MED~~'?Zu?
19 00 01 44 30 42 32 20 20 20 50 50 45 00 00 27   ~~~D0B2   PPE~~'
3F 5A 75 3F 19 00 01 44 30 42 31 20 20 20 50 50   ?Zu?~~~D0B1   PP
45 00 00 5E 3F 5A 75 3F 19 00 3F 44 30 42 31 20   E~~^?Zu?~~?D0B1 
20 20 4F 48 52 00 00 27 3F 5A 75 3F 1A 00 01 44     OHR~~'?Zu?~~~D
30 42 31 20 20 20 50 50 45 00 09 50 3F 5A 75 3F   0B1   PPE~~P?Zu?
1A 00 2C 44 30 42 31 20 20 20 4D 45 44 00 00 27   ~~,D0B1   MED~~'
3F 5A 75 3F 1A 00 01 44 30 42 32 20 20 20 50 50   ?Zu?~~~D0B2   PP
45 00 00 3C 3F 5A 75 3F 1A 00 3F 44 30 42 31 20   E~~<?Zu?~~?D0B1 
20 20 30 33 32 00 09 50 3F 5A 75 3F 1A 00 33 44     032~~P?Zu?~~3D
30 42 31 20 20 20 4D 45 44 00 00 27 3F 5A 75 3F   0B1   MED~~'?Zu?
1A 00 09 44 30 42 31 20 20 20 50 50 45 00 00 27   ~~~D0B1   PPE~~'
3F 5A 75 3F 1A 00 01 44 30 42 31 20 20 20 50 50   ?Zu?~~~D0B1   PP
45 00 00 27 3F 5A 75 3F 1A 00 05 44 30 42 32 20   E~~'?Zu?~~~D0B2 
20 20 50 50 45 00 09 4F 31 5A 75 3F 1A 00 38 44     PPE~~O1Zu?~~8D
30 42 31 36 31 33 39 39 39 00 00 27 3F 5A 75 3F   0B1613999~~'?Zu?
1A 00 01 44 30 42 31 20 20 20 50 50 45 00 00 27   ~~~D0B1   PPE~~'
3F 5A 75 3F 1A 00 05 44 30 42 31 20 20 20 50 50   ?Zu?~~~D0B1   PP
45 00 00 2E 3F 5A 75 3F 1A 00 0F 44 30 42 32 20   E~~.?Zu?~~~D0B2 
20 20 4F 43 52 00 00 27 3F 5A 75 3F 1A 00 01 44     OCR~~'?Zu?~~~D
30 42 31 20 20 20 50 50 45 00 00 27 3F 5A 75 3F   0B1   PPE~~'?Zu?
1A 00 01 44 30 42 31 20 20 20 50 50 45 00 00 10   ~~~D0B1   PPE~~~
3F 5A 75 3F 1A 00 1A 44 30 42 31 37 39 20 4D 45   ?Zu?~~~D0B179 ME
44 00 00 27 3F 5A 75 3F 1B 00 05 44 30 42 31 20   D~~'?Zu?~~~D0B1 
20 20 50 50 45 00 00 27 3F 5A 75 3F 1B 00 05 44     PPE~~'?Zu?~~~D
30 42 31 20 20 20 50 50 45 00 00 27 3F 5A 75 3F   0B1   PPE~~'?Zu?
1B 00 05 44 30 42 31 20 20 20 50 50 45 00 00 27   ~~~D0B1   PPE~~'
3F 5A 75 3F 1B 00 01 44 30 42 31 20 20 20 50 50   ?Zu?~~~D0B1   PP
45 00 00 2E 3F 5A 75 3F 1B 00 10 44 30 42 32 20   E~~.?Zu?~~~D0B2 
20 20 4F 43 52 00 00 27 3F 5A 75 3F 1B 00 01 44     OCR~~'?Zu?~~~D
30 42 31 20 20 20 50 50 45 00 00 27 3F 5A 75 3F   0B1   PPE~~'?Zu?
1B 00 06 44 30 42 31 20 20 20 50 50 45 00 00 2E   ~~~D0B1   PPE~~.
3F 5A 75 3F 1B 00 10 44 30 42 32 20 20 20 4F 43   ?Zu?~~~D0B2   OC
52 00 00 32 21 5A 75 3F 1B 00 35 44 30 42 31 20   R~~2!Zu?~~5D0B1 
20 20 4D 45 44 00 00 2E 3F 5A 75 3F 1B 00 06 44     MED~~.?Zu?~~~D
30 42 32 20 20 20 4F 43 52 00 00 27 3F 5A 75 3F   0B2   OCR~~'?Zu?
1B 00 0A 44 30 42 31 20 20 20 50 50 45 00 00 27   ~~~D0B1   PPE~~'
3F 5A 75 3F 1B 00 05 44 30 42 31 20 20 20 50 50   ?Zu?~~~D0B1   PP
45 00 00 2E 3F 5A 75 3F 1B 00 05 44 30 42 32 20   E~~.?Zu?~~~D0B2 
20 20 4F 43 52 00 00 27 3F 5A 75 3F 1B 00 01 44     OCR~~'?Zu?~~~D
30 42 31 20 20 20 50 50 45 00 00 27 3F 5A 75 3F   0B1   PPE~~'?Zu?
1C 00 01 44 30 42 31 20 20 20 50 50 45 00 00 2E   ~~~D0B1   PPE~~.
3F 5A 75 3F 1C 00 0D 44 30 42 32 20 20 20 4F 43   ?Zu?~~~D0B2   OC
52 00 00 27 3F 5A 75 3F 1C 00 01 44 30 42 31 20   R~~'?Zu?~~~D0B1 
20 20 50 50 45 00 00 27 3F 5A 75 3F 1C 00 01 44     PPE~~'?Zu?~~~D
30 42 31 20 20 20 50 50 45 00 00 2E 3F 5A 75 3F   0B1   PPE~~.?Zu?
1C 00 0C 44 30 42 32 20 20 20 4F 43 52 00 00 27   ~~~D0B2   OCR~~'
3F 5A 75 3F 1C 00 05 44 30 42 31 20 20 20 50 50   ?Zu?~~~D0B1   PP
45 00 00 2E 3F 5A 75 3F 1C 00 0C 44 30 42 32 20   E~~.?Zu?~~~D0B2 
20 20 4F 43 52 00 00 27 3F 5A 75 3F 1C 00 01 44     OCR~~'?Zu?~~~D
30 42 31 20 20 20 50 50 45 00 00 30 18 5A 75 3F   0B1   PPE~~0~Zu?
1C 00 3F 44 30 42 31 20 20 20 50 41 52 00 00 2E   ~~?D0B1   PAR~~.
3F 5A 75 3F 1C 00 05 44 30 42 32 20 20 20 4F 43   ?Zu?~~~D0B2   OC
52 00 00 27 3F 5A 75 3F 1C 00 05 44 30 42 31 20   R~~'?Zu?~~~D0B1 
20 20 50 50 45 00 00 27 3F 5A 75 3F 1C 00 05 44     PPE~~'?Zu?~~~D
30 42 31 20 20 20 50 50 45 00 00 2E 3F 5A 75 3F   0B1   PPE~~.?Zu?
1C 00 0D 44 30 42 32 20 20 20 4F 43 52 00 00 2E   ~~~D0B2   OCR~~.
3F 5A 75 3F 1C 00 16 44 30 42 33 20 20 20 4F 43   ?Zu?~~~D0B3   OC
52 00 00 27 3F 5A 75 3F 1C 00 05 44 30 42 32 20   R~~'?Zu?~~~D0B2 
20 20 50 50 45 00 00 27 3F 5A 75 3F 1D 00 05 44     PPE~~'?Zu?~~~D
30 42 31 20 20 20 50 50 45 00 00 2E 3F 5A 75 3F   0B1   PPE~~.?Zu?
1D 00 10 44 30 42 33 20 20 20 4F 43 52 00 00 27   ~~~D0B3   OCR~~'
3F 5A 75 3F 1D 00 05 44 30 42 31 20 20 20 50 50   ?Zu?~~~D0B1   PP
45 00 00 27 3F 5A 75 3F 1D 00 06 44 30 42 31 20   E~~'?Zu?~~~D0B1 
20 20 50 50 45 00 00 27 3F 5A 75 3F 1D 00 01 44     PPE~~'?Zu?~~~D
30 42 31 20 20 20 50 50 45 00 00 27 3F 5A 75 3F   0B1   PPE~~'?Zu?
1D 00 01 44 30 42 31 20 20 20 50 50 45 00 00 27   ~~~D0B1   PPE~~'
3F 5A 75 3F 1D 00 01 44 30 42 31 20 20 20 50 50   ?Zu?~~~D0B1   PP
45 00 00 27 3F 5A 75 3F 1D 00 01 44 30 42 31 20   E~~'?Zu?~~~D0B1 
20 20 50 50 45 00 00 27 3F 5A 75 3F 1D 00 05 44     PPE~~'?Zu?~~~D
30 42 31 20 20 20 50 50 45 00 00 27 3F 5A 75 3F   0B1   PPE~~'?Zu?
1D 00 05 44 30 42 31 20 20 20 50 50 45 00 00 27   ~~~D0B1   PPE~~'
3F 5A 75 3F 1E 00 01 44 30 42 31 20 20 20 50 50   ?Zu?~~~D0B1   PP
45 00 00 27 3F 5A 75 3F 1E 00 01 44 30 42 31 20   E~~'?Zu?~~~D0B1 
20 20 50 50 45 00 00 2E 3F 5A 75 3F 1E 00 18 44     PPE~~.?Zu?~~~D
30 42 31 20 20 20 4F 43 52 00 00 2E 3F 5A 75 3F   0B1   OCR~~.?Zu?
1E 00 0E 44 30 42 32 20 20 20 4F 43 52 00 00 2E   ~~~D0B2   OCR~~.
3F 5A 75 3F 1E 00 0F 44 30 42 31 20 20 20 4F 43   ?Zu?~~~D0B1   OC
52 00 00 27 3F 5A 75 3F 1E 00 05 44 30 42 31 20   R~~'?Zu?~~~D0B1 
20 20 50 50 45 00 00 2E 3F 5A 75 3F 1E 00 10 44     PPE~~.?Zu?~~~D
30 42 32 20 20 20 4F 43 52 00 00 27 3F 5A 75 3F   0B2   OCR~~'?Zu?
1E 00 05 44 30 42 31 20 20 20 50 50 45 00 00 2E   ~~~D0B1   PPE~~.
3F 5A 75 3F 1E 00 0E 44 30 42 31 20 20 20 4F 43   ?Zu?~~~D0B1   OC
52 00 00 2E 3F 5A 75 3F 1E 00 30 44 30 42 31 20   R~~.?Zu?~~0D0B1 
20 20 4F 43 52 00 00 2E 3F 5A 75 3F 1E 00 0F 44     OCR~~.?Zu?~~~D
30 42 32 20 20 20 4F 43 52 00 00 27 3F 5A 75 3F   0B2   OCR~~'?Zu?
1E 00 06 44 30 42 31 20 20 20 50 50 45 00 00 27   ~~~D0B1   PPE~~'
3F 5A 75 3F 1E 00 05 44 30 42 31 20 20 20 50 50   ?Zu?~~~D0B1   PP
45 00 00 27 3F 5A 75 3F 1E 00 05 44 30 42 32 20   E~~'?Zu?~~~D0B2 
20 20 50 50 45 00 00 27 3F 5A 75 3F 1E 00 01 44     PPE~~'?Zu?~~~D
30 42 31 20 20 20 50 50 45 00 00 3C 3F 5A 75 3F   0B1   PPE~~<?Zu?
1E 00 40 44 30 42 31 20 20 20 30 33 32 00 00 10   ~~@D0B1   032~~~
3F 5A 75 3F 1F 00 33 44 30 42 31 20 20 20 4D 45   ?Zu?~~3D0B1   ME
44 00 00 27 3F 5A 75 3F 1F 00 01 44 30 42 32 20   D~~'?Zu?~~~D0B2 
20 20 50 50 45 00 00 4E 69 5A 75 3F 1F 00 33 44     PPE~~NiZu?~~3D
30 42 31 37 30 20 53 59 53 00 00 0F 12 5A 75 3F   0B170 SYS~~~~Zu?
1F 00 3B 44 30 42 31 37 39 20 41 34 20 00 00 27   ~~;D0B179 A4 ~~'
3F 5A 75 3F 1F 00 01 44 30 42 31 20 20 20 50 50   ?Zu?~~~D0B1   PP
45 00 00 27 3F 5A 75 3F 1F 00 01 44 30 42 32 20   E~~'?Zu?~~~D0B2 
20 20 50 50 45 00 09 4F 31 5A 75 3F 1F 00 33 44     PPE~~O1Zu?~~3D
30 42 31 20 20 20 39 39 39 00 00 27 3F 5A 75 3F   0B1   999~~'?Zu?
1F 00 01 44 30 42 31 20 20 20 50 50 45 00 00 27   ~~~D0B1   PPE~~'
3F 5A 75 3F 1F 00 05 44 30 42 32 20 20 20 50 50   ?Zu?~~~D0B2   PP
45 00 00 27 3F 5A 75 3F 1F 00 05 44 30 42 31 20   E~~'?Zu?~~~D0B1 
20 20 50 50 45 00 00 2E 3F 5A 75 3F 1F 00 0E 44     PPE~~.?Zu?~~~D
30 42 32 20 20 20 4F 43 52 00 00 27 3F 5A 75 3F   0B2   OCR~~'?Zu?
20 00 01 44 30 42 32 20 20 20 50 50 45 00 00 2E    ~~D0B2   PPE~~.
3F 5A 75 3F 20 00 14 44 30 42 31 20 20 20 4F 43   ?Zu? ~~D0B1   OC
52 00 00 27 3F 5A 75 3F 20 00 09 44 30 42 31 20   R~~'?Zu? ~~D0B1 
20 20 50 50 45 00 00 2E 3F 5A 75 3F 20 00 15 44     PPE~~.?Zu? ~~D
30 42 31 20 20 20 4F 43 52 00 00 27 3F 5A 75 3F   0B1   OCR~~'?Zu?
20 00 05 44 30 42 31 20 20 20 50 50 45 00 00 27    ~~D0B1   PPE~~'
3F 5A 75 3F 20 00 05 44 30 42 32 20 20 20 50 50   ?Zu? ~~D0B2   PP
45 00 00 27 3F 5A 75 3F 20 00 01 44 30 42 31 20   E~~'?Zu? ~~D0B1 
20 20 50 50 45 00 00 27 3F 5A 75 3F 20 00 01 44     PPE~~'?Zu? ~~D
30 42 32 20 20 20 50 50 45 00 00 27 3F 5A 75 3F   0B2   PPE~~'?Zu?
20 00 01 44 30 42 31 20 20 20 50 50 45 00 00 27    ~~D0B1   PPE~~'
3F 5A 75 3F 20 00 05 44 30 42 32 20 20 20 50 50   ?Zu? ~~D0B2   PP
45 00 00 30 18 5A 75 3F 20 00 44 44 30 42 31 20   E~~0~Zu? ~DD0B1 
20 20 50 41 52 00 00 27 3F 5A 75 3F 20 00 01 44     PAR~~'?Zu? ~~D
30 42 31 20 20 20 50 50 45 00 09 4F 31 5A 75 3F   0B1   PPE~~O1Zu?
20 00 35 44 30 42 31 20 20 20 39 39 39 00 00 27    ~5D0B1   999~~'
3F 5A 75 3F 20 00 01 44 30 42 32 20 20 20 50 50   ?Zu? ~~D0B2   PP
45 00 00 27 3F 5A 75 3F 21 00 05 44 30 42 31 20   E~~'?Zu?!~~D0B1 
20 20 50 50 45 00 00 27 3F 5A 75 3F 21 00 01 44     PPE~~'?Zu?!~~D
30 42 32 20 20 20 50 50 45 00 00 27 3F 5A 75 3F   0B2   PPE~~'?Zu?
21 00 05 44 30 42 31 20 20 20 50 50 45 00 00 27   !~~D0B1   PPE~~'
3F 5A 75 3F 21 00 01 44 30 42 32 20 20 20 50 50   ?Zu?!~~D0B2   PP
45 00 00 27 3F 5A 75 3F 21 00 01 44 30 42 31 20   E~~'?Zu?!~~D0B1 
20 20 50 50 45 00 00 27 3F 5A 75 3F 21 00 05 44     PPE~~'?Zu?!~~D
30 42 32 20 20 20 50 50 45 00 00 47 38 5A 75 3F   0B2   PPE~~G8Zu?
22 00 26 44 30 42 31 30 39 20 50 42 4D 00 00 46   "~&D0B109 PBM~~F
20 5A 75 3F 22 00 23 44 30 45 31 4D 36 20 43 4F    Zu?"~#D0E1M6 CO
4D 00 00 27 3F 5A 75 3F 22 00 05 44 30 42 31 20   M~~'?Zu?"~~D0B1 
20 20 50 50 45 00 09 4F 31 5A 75 3F 22 00 35 44     PPE~~O1Zu?"~5D
30 42 31 20 20 20 39 39 39 00 00 27 3F 5A 75 3F   0B1   999~~'?Zu?
22 00 05 44 30 42 32 20 20 20 50 50 45 00 00 27   "~~D0B2   PPE~~'
3F 5A 75 3F 22 00 01 44 30 42 31 20 20 20 50 50   ?Zu?"~~D0B1   PP
45 00 09 4E 3F 5A 75 3F 22 00 27 44 30 42 31 37   E~~N?Zu?"~'D0B17
30 20 43 54 52 00 00 27 3F 5A 75 3F 22 00 05 44   0 CTR~~'?Zu?"~~D
30 42 32 20 20 20 50 50 45 00 00 27 3F 5A 75 3F   0B2   PPE~~'?Zu?
22 00 05 44 30 42 31 20 20 20 50 50 45 00 00 27   "~~D0B1   PPE~~'
3F 5A 75 3F 22 00 05 44 30 42 32 20 20 20 50 50   ?Zu?"~~D0B2   PP
45 00 09 51 1F 5A 75 3F 23 00 13 44 30 42 31 38   E~~Q~Zu?#~~D0B18
33 20 41 44 56 00 00 10 3F 5A 75 3F 23 00 2A 44   3 ADV~~~?Zu?#~*D
30 42 31 20 20 20 4D 45 44 00 00 3C 3F 5A 75 3F   0B1   MED~~<?Zu?
23 00 2A 44 30 42 31 20 20 20 30 33 32 00 00 2E   #~*D0B1   032~~.
3F 5A 75 3F 23 00 16 44 30 42 31 20 20 20 4F 43   ?Zu?#~~D0B1   OC
52 00 00 2E 3F 5A 75 3F 23 00 1B 44 30 42 31 20   R~~.?Zu?#~~D0B1 
20 20 4F 43 52 00 00 2E 3F 5A 75 3F 23 00 10 44     OCR~~.?Zu?#~~D
30 42 32 20 20 20 4F 43 52 00 00 27 3F 5A 75 3F   0B2   OCR~~'?Zu?
23 00 05 44 30 42 31 20 20 20 50 50 45 00 00 27   #~~D0B1   PPE~~'
3F 5A 75 3F 23 00 01 44 30 42 32 20 20 20 50 50   ?Zu?#~~D0B2   PP
45 00 09 4E 3F 5A 75 3F 23 00 21 44 30 42 31 20   E~~N?Zu?#~!D0B1 
20 20 50 45 55 00 00 27 3F 5A 75 3F 23 00 01 44     PEU~~'?Zu?#~~D
30 42 31 20 20 20 50 50 45 00 00 42 72 5A 75 3F   0B1   PPE~~BrZu?
23 00 2D 44 30 42 31 20 20 20 43 49 4D 00 00 27   #~-D0B1   CIM~~'
3F 5A 75 3F 23 00 06 44 30 42 32 20 20 20 50 50   ?Zu?#~~D0B2   PP
45 00 00 27 3F 5A 75 3F 23 00 01 44 30 42 31 20   E~~'?Zu?#~~D0B1 
20 20 50 50 45 00 09 50 3F 5A 75 3F 23 00 15 44     PPE~~P?Zu?#~~D
30 42 31 35 32 20 30 30 36 00 00 27 3F 5A 75 3F   0B152 006~~'?Zu?
23 00 01 44 30 42 32 20 20 20 50 50 45 00 00 27   #~~D0B2   PPE~~'
3F 5A 75 3F 24 00 05 44 30 42 31 20 20 20 50 50   ?Zu?$~~D0B1   PP
45 00 00 27 3F 5A 75 3F 24 00 05 44 30 42 31 20   E~~'?Zu?$~~D0B1 
20 20 50 50 45 00 00 27 3F 5A 75 3F 24 00 01 44     PPE~~'?Zu?$~~D
30 42 31 20 20 20 50 50 45 00 09 4E 3F 5A 75 3F   0B1   PPE~~N?Zu?
24 00 26 44 30 42 31 20 20 20 50 45 55 00 00 27   $~&D0B1   PEU~~'
3F 5A 75 3F 24 00 05 44 30 42 31 20 20 20 50 50   ?Zu?$~~D0B1   PP
45 00 00 27 3F 5A 75 3F 24 00 07 44 30 42 31 20   E~~'?Zu?$~~D0B1 
20 20 50 50 45 00 00 2E 3F 5A 75 3F 24 00 15 44     PPE~~.?Zu?$~~D
30 42 31 20 20 20 4F 43 52 00 00 27 3F 5A 75 3F   0B1   OCR~~'?Zu?
24 00 01 44 30 42 31 20 20 20 50 50 45 00 00 27   $~~D0B1   PPE~~'
3F 5A 75 3F 24 00 05 44 30 42 31 20 20 20 50 50   ?Zu?$~~D0B1   PP
45 00 00 2D 3F 5A 75 3F 24 00 02 44 30 45 31 20   E~~-?Zu?$~~D0E1 
20 20 32 32 32 00 00 27 3F 5A 75 3F 24 00 01 44     222~~'?Zu?$~~D
30 42 31 20 20 20 50 50 45 00 00 27 3F 5A 75 3F   0B1   PPE~~'?Zu?
25 00 06 44 30 42 31 20 20 20 50 50 45 00 00 27   %~~D0B1   PPE~~'
3F 5A 75 3F 25 00 01 44 30 42 31 20 20 20 50 50   ?Zu?%~~D0B1   PP
45 00 00 27 3F 5A 75 3F 25 00 01 44 30 42 31 20   E~~'?Zu?%~~D0B1 
20 20 50 50 45 00 00 27 3F 5A 75 3F 25 00 05 44     PPE~~'?Zu?%~~D
30 42 31 20 20 20 50 50 45 00 00 27 3F 5A 75 3F   0B1   PPE~~'?Zu?
25 00 05 44 30 42 31 20 20 20 50 50 45 00 00 27   %~~D0B1   PPE~~'
3F 5A 75 3F 25 00 01 44 30 42 31 20 20 20 50 50   ?Zu?%~~D0B1   PP
45 00 00 27 3F 5A 75 3F 25 00 05 44 30 42 31 20   E~~'?Zu?%~~D0B1 
20 20 50 50 45 00 00 27 3F 5A 75 3F 25 00 01 44     PPE~~'?Zu?%~~D
30 42 32 20 20 20 50 50 45 00 00 27 3F 5A 75 3F   0B2   PPE~~'?Zu?
25 00 05 44 30 42 31 20 20 20 50 50 45 00 00 27   %~~D0B1   PPE~~'
3F 5A 75 3F 26 00 01 44 30 42 32 20 20 20 50 50   ?Zu?&~~D0B2   PP
45 00 09 4F 74 5A 75 3F 26 00 45 44 30 42 31 38   E~~OtZu?&~ED0B18
38 20 44 52 57 00 00 27 3F 5A 75 3F 26 00 01 44   8 DRW~~'?Zu?&~~D
30 42 31 20 20 20 50 50 45 00 00 27 3F 5A 75 3F   0B1   PPE~~'?Zu?
26 00 01 44 30 42 32 20 20 20 50 50 45 00 00 27   &~~D0B2   PPE~~'
3F 5A 75 3F 26 00 01 44 30 42 31 20 20 20 50 50   ?Zu?&~~D0B1   PP
45 00 00 27 3F 5A 75 3F 26 00 01 44 30 42 32 20   E~~'?Zu?&~~D0B2 
20 20 50 50 45 00 00 27 3F 5A 75 3F 26 00 01 44     PPE~~'?Zu?&~~D
30 42 31 20 20 20 50 50 45 00 00 27 3F 5A 75 3F   0B1   PPE~~'?Zu?
26 00 01 44 30 42 32 20 20 20 50 50 45 00 00 27   &~~D0B2   PPE~~'
3F 5A 75 3F 26 00 01 44 30 42 31 20 20 20 50 50   ?Zu?&~~D0B1   PP
45 00 00 27 3F 5A 75 3F 26 00 01 44 30 42 32 20   E~~'?Zu?&~~D0B2 
20 20 50 50 45 00 00 27 3F 5A 75 3F 26 00 05 44     PPE~~'?Zu?&~~D
30 42 31 20 20 20 50 50 45 00 00 27 3F 5A 75 3F   0B1   PPE~~'?Zu?
26 00 01 44 30 42 32 20 20 20 50 50 45 00 09 4F   &~~D0B2   PPE~~O
31 5A 75 3F 27 00 0E 44 30 42 31 36 39 20 39 39   1Zu?'~~D0B169 99
39 00 00 27 3F 5A 75 3F 27 00 05 44 30 42 31 20   9~~'?Zu?'~~D0B1 
20 20 50 50 45 00 00 27 3F 5A 75 3F 27 00 05 44     PPE~~'?Zu?'~~D
30 42 31 20 20 20 50 50 45 00 00 27 3F 5A 75 3F   0B1   PPE~~'?Zu?
27 00 01 44 30 42 31 20 20 20 50 50 45 00 00 27   '~~D0B1   PPE~~'
3F 5A 75 3F 27 00 01 44 30 42 32 20 20 20 50 50   ?Zu?'~~D0B2   PP
45 00 09 4E 3F 5A 75 3F 27 00 26 44 30 42 31 20   E~~N?Zu?'~&D0B1 
20 20 20 20 20 00 00 27 3F 5A 75 3F 27 00 08 44        ~~'?Zu?'~~D
30 42 31 20 20 20 50 50 45 00 00 27 3F 5A 75 3F   0B1   PPE~~'?Zu?
27 00 06 44 30 42 32 20 20 20 50 50 45 00 00 27   '~~D0B2   PPE~~'
3F 5A 75 3F 27 00 04 44 30 42 31 20 20 20 50 50   ?Zu?'~~D0B1   PP
45 00 00 27 3F 5A 75 3F 27 00 01 44 30 42 32 20   E~~'?Zu?'~~D0B2 
20 20 50 50 45 00 09 4E 3F 5A 75 3F 27 00 13 44     PPE~~N?Zu?'~~D
30 42 32 20 20 20 20 20 20 00 00 27 3F 5A 75 3F   0B2      ~~'?Zu?
28 00 01 44 30 42 31 20 20 20 50 50 45 00 00 27   (~~D0B1   PPE~~'
3F 5A 75 3F 28 00 01 44 30 42 31 20 20 20 50 50   ?Zu?(~~D0B1   PP
45 00 00 27 3F 5A 75 3F 28 00 06 44 30 42 31 20   E~~'?Zu?(~~D0B1 
20 20 50 50 45 00 00 27 3F 5A 75 3F 28 00 05 44     PPE~~'?Zu?(~~D
30 42 31 20 20 20 50 50 45 00 00 27 3F 5A 75 3F   0B1   PPE~~'?Zu?
28 00 01 44 30 42 31 20 20 20 50 50 45 00 00 27   (~~D0B1   PPE~~'
3F 5A 75 3F 28 00 01 44 30 42 31 20 20 20 50 50   ?Zu?(~~D0B1   PP
45 00 00 2E 3F 5A 75 3F 28 00 0D 44 30 42 32 20   E~~.?Zu?(~~D0B2 
20 20 4F 43 52 00 00 27 3F 5A 75 3F 28 00 01 44     OCR~~'?Zu?(~~D
30 42 31 20 20 20 50 50 45 00 00 10 3F 5A 75 3F   0B1   PPE~~~?Zu?
28 00 34 44 30 42 31 20 20 20 4D 45 44 00 00 27   (~4D0B1   MED~~'
3F 5A 75 3F 28 00 05 44 30 42 31 20 20 20 50 50   ?Zu?(~~D0B1   PP
45 00 00 27 3F 5A 75 3F 29 00 01 44 30 42 31 20   E~~'?Zu?)~~D0B1 
20 20 50 50 45 00 00 42 72 5A 75 3F 29 00 1B 44     PPE~~BrZu?)~~D
30 42 31 41 35 20 43 49 4D 00 00 27 3F 5A 75 3F   0B1A5 CIM~~'?Zu?
29 00 0A 44 30 42 31 20 20 20 50 50 45 00 00 27   )~~D0B1   PPE~~'
3F 5A 75 3F 29 00 01 44 30 42 31 20 20 20 50 50   ?Zu?)~~D0B1   PP
45 00 00 10 3F 5A 75 3F 29 00 6C 44 30 42 31 20   E~~~?Zu?)~lD0B1 
20 20 4D 45 44 00 00 27 3F 5A 75 3F 29 00 05 44     MED~~'?Zu?)~~D
30 42 31 20 20 20 50 50 45 00 00 2E 3F 5A 75 3F   0B1   PPE~~.?Zu?
29 00 0E 44 30 42 32 20 20 20 4F 43 52 00 00 27   )~~D0B2   OCR~~'
3F 5A 75 3F 29 00 05 44 30 42 31 20 20 20 50 50   ?Zu?)~~D0B1   PP
45 00 00 2E 3F 5A 75 3F 29 00 0E 44 30 42 31 20   E~~.?Zu?)~~D0B1 
20 20 4F 43 52 00 00 2E 3F 5A 75 3F 29 00 17 44     OCR~~.?Zu?)~~D
30 42 31 20 20 20 4F 43 52 00 00 27 3F 5A 75 3F   0B1   OCR~~'?Zu?
29 00 01 44 30 42 31 20 20 20 50 50 45 00 00 2E   )~~D0B1   PPE~~.
3F 5A 75 3F 29 00 0F 44 30 42 33 20 20 20 4F 43   ?Zu?)~~D0B3   OC
52 00 00 10 3F 5A 75 3F 29 00 3F 44 30 42 31 20   R~~~?Zu?)~?D0B1 
20 20 4D 45 44 00 00 27 3F 5A 75 3F 29 00 05 44     MED~~'?Zu?)~~D
30 42 31 20 20 20 50 50 45 00 00 27 3F 5A 75 3F   0B1   PPE~~'?Zu?
2A 00 01 44 30 42 31 20 20 20 50 50 45 00 00 2E   *~~D0B1   PPE~~.
3F 5A 75 3F 2A 00 0C 44 30 42 33 20 20 20 4F 43   ?Zu?*~~D0B3   OC
52 00 00 27 3F 5A 75 3F 2A 00 06 44 30 42 31 20   R~~'?Zu?*~~D0B1 
20 20 50 50 45 00 00 10 3F 5A 75 3F 2A 00 1E 44     PPE~~~?Zu?*~~D
30 42 31 38 38 39 41 44 56 00 00 27 3F 5A 75 3F   0B1889ADV~~'?Zu?
2A 00 05 44 30 42 31 20 20 20 50 50 45 00 00 27   *~~D0B1   PPE~~'
3F 5A 75 3F 2A 00 01 44 30 42 31 20 20 20 50 50   ?Zu?*~~D0B1   PP
45 00 00 27 3F 5A 75 3F 2A 00 01 44 30 42 31 20   E~~'?Zu?*~~D0B1 
20 20 50 50 45 00 00 27 3F 5A 75 3F 2A 00 05 44     PPE~~'?Zu?*~~D
30 42 31 20 20 20 50 50 45 00 00 27 3F 5A 75 3F   0B1   PPE~~'?Zu?
2A 00 04 44 30 42 31 20 20 20 50 50 45 00 00 27   *~~D0B1   PPE~~'
3F 5A 75 3F 2A 00 01 44 30 42 31 20 20 20 50 50   ?Zu?*~~D0B1   PP
45 00 00 27 3F 5A 75 3F 2B 00 05 44 30 42 31 20   E~~'?Zu?+~~D0B1 
20 20 50 50 45 00 09 50 3F 5A 75 3F 2B 06 7B 44     PPE~~P?Zu?+~{D
30 42 31 39 32 20 31 39 30 00 00 27 3F 5A 75 3F   0B192 190~~'?Zu?
2B 00 01 44 30 42 31 20 20 20 50 50 45 00 00 42   +~~D0B1   PPE~~B
72 5A 75 3F 2B 00 25 44 30 42 31 34 57 20 30 32   rZu?+~%D0B14W 02
31 00 00 27 3F 5A 75 3F 2B 00 05 44 30 42 31 20   1~~'?Zu?+~~D0B1 
20 20 50 50 45 00 00 27 3F 5A 75 3F 2B 00 01 44     PPE~~'?Zu?+~~D
30 42 31 20 20 20 50 50 45 00 00 27 3F 5A 75 3F   0B1   PPE~~'?Zu?
2B 00 01 44 30 42 31 20 20 20 50 50 45 00 00 27   +~~D0B1   PPE~~'
3F 5A 75 3F 2B 00 05 44 30 42 31 20 20 20 50 50   ?Zu?+~~D0B1   PP
45 00 00 27 3F 5A 75 3F 2B 00 01 44 30 42 31 20   E~~'?Zu?+~~D0B1 
20 20 50 50 45 00 00 27 3F 5A 75 3F 2B 00 01 44     PPE~~'?Zu?+~~D
30 42 31 20 20 20 50 50 45 00 00 27 3F 5A 75 3F   0B1   PPE~~'?Zu?
2C 00 05 44 30 42 31 20 20 20 50 50 45 00 00 27   ,~~D0B1   PPE~~'
3F 5A 75 3F 2C 00 01 44 30 42 31 20 20 20 50 50   ?Zu?,~~D0B1   PP
45 00 00 27 3F 5A 75 3F 2C 00 01 44 30 42 31 20   E~~'?Zu?,~~D0B1 
20 20 50 50 45 00 00 27 3F 5A 75 3F 2C 00 06 44     PPE~~'?Zu?,~~D
30 42 31 20 20 20 50 50 45 00 00 27 3F 5A 75 3F   0B1   PPE~~'?Zu?
2C 00 01 44 30 42 31 20 20 20 50 50 45 00 00 2E   ,~~D0B1   PPE~~.
3F 5A 75 3F 2C 00 10 44 30 42 31 20 20 20 4F 43   ?Zu?,~~D0B1   OC
52 00 00 27 3F 5A 75 3F 2C 00 01 44 30 42 31 20   R~~'?Zu?,~~D0B1 
20 20 50 50 45 00 00 2E 3F 5A 75 3F 2C 00 15 44     PPE~~.?Zu?,~~D
30 42 31 20 20 20 4F 43 52 00 00 2D 3F 5A 75 3F   0B1   OCR~~-?Zu?
2C 00 05 44 30 45 31 35 32 20 32 32 32 00 00 27   ,~~D0E152 222~~'
3F 5A 75 3F 2C 00 05 44 30 42 31 20 20 20 50 50   ?Zu?,~~D0B1   PP
45 00 00 27 3F 5A 75 3F 2C 00 01 44 30 42 31 20   E~~'?Zu?,~~D0B1 
20 20 50 50 45 00 00 42 72 5A 75 3F 2D 00 2B 44     PPE~~BrZu?-~+D
30 42 31 20 20 20 43 49 4D 00 00 27 3F 5A 75 3F   0B1   CIM~~'?Zu?
2D 00 05 44 30 42 31 20 20 20 50 50 45 00 00 27   -~~D0B1   PPE~~'
3F 5A 75 3F 2D 00 01 44 30 42 31 20 20 20 50 50   ?Zu?-~~D0B1   PP
45 00 00 27 3F 5A 75 3F 2D 00 01 44 30 42 31 20   E~~'?Zu?-~~D0B1 
20 20 50 50 45 00 09 4F 31 5A 75 3F 2D 00 41 44     PPE~~O1Zu?-~AD
30 42 31 20 20 20 39 39 39 00 00 27 3F 5A 75 3F   0B1   999~~'?Zu?
2D 00 05 44 30 42 31 20 20 20 50 50 45 00 00 27   -~~D0B1   PPE~~'
3F 5A 75 3F 2D 00 05 44 30 42 31 20 20 20 50 50   ?Zu?-~~D0B1   PP
45 00 00 27 3F 5A 75 3F 2D 00 01 44 30 42 31 20   E~~'?Zu?-~~D0B1 
20 20 50 50 45 00 00 27 3F 5A 75 3F 2D 00 01 44     PPE~~'?Zu?-~~D
30 42 31 20 20 20 50 50 45 00 00 27 3F 5A 75 3F   0B1   PPE~~'?Zu?
2D 00 06 44 30 42 31 20 20 20 50 50 45 00 00 27   -~~D0B1   PPE~~'
3F 5A 75 3F 2E 00 01 44 30 42 31 20 20 20 50 50   ?Zu?.~~D0B1   PP
45 00 00 27 3F 5A 75 3F 2E 00 01 44 30 42 31 20   E~~'?Zu?.~~D0B1 
20 20 50 50 45 00 00 27 3F 5A 75 3F 2E 00 01 44     PPE~~'?Zu?.~~D
30 42 31 20 20 20 50 50 45 00 00 27 3F 5A 75 3F   0B1   PPE~~'?Zu?
2E 00 05 44 30 42 31 20 20 20 50 50 45 00 00 27   .~~D0B1   PPE~~'
3F 5A 75 3F 2E 00 05 44 30 42 31 20 20 20 50 50   ?Zu?.~~D0B1   PP
45 00 00 27 3F 5A 75 3F 2E 00 01 44 30 42 31 20   E~~'?Zu?.~~D0B1 
20 20 50 50 45 00 00 27 3F 5A 75 3F 2E 00 05 44     PPE~~'?Zu?.~~D
30 42 31 20 20 20 50 50 45 00 00 3C 3F 5A 75 3F   0B1   PPE~~<?Zu?
2E 00 52 44 30 42 31 20 20 20 30 33 32 00 00 27   .~RD0B1   032~~'
3F 5A 75 3F 2F 00 01 44 30 42 31 20 20 20 50 50   ?Zu?/~~D0B1   PP
45 00 00 06 11 5A 75 3F 2F 00 1E 44 30 42 31 20   E~~~~Zu?/~~D0B1 
20 20 43 56 52 00 00 27 3F 5A 75 3F 2F 00 05 44     CVR~~'?Zu?/~~D
30 42 31 20 20 20 50 50 45 00 00 27 3F 5A 75 3F   0B1   PPE~~'?Zu?
2F 00 01 44 30 42 31 20 20 20 50 50 45 00 00 27   /~~D0B1   PPE~~'
3F 5A 75 3F 2F 00 01 44 30 42 31 20 20 20 50 50   ?Zu?/~~D0B1   PP
45 00 00 42 72 5A 75 3F 2F 00 18 44 30 42 31 34   E~~BrZu?/~~D0B14
57 20 30 32 31 00 00 27 3F 5A 75 3F 2F 00 05 44   W 021~~'?Zu?/~~D
30 42 31 20 20 20 50 50 45 00 00 27 3F 5A 75 3F   0B1   PPE~~'?Zu?
2F 00 05 44 30 42 31 20 20 20 50 50 45 00 00 27   /~~D0B1   PPE~~'
3F 5A 75 3F 2F 00 01 44 30 42 31 20 20 20 50 50   ?Zu?/~~D0B1   PP
45 00 00 27 3F 5A 75 3F 2F 00 01 44 30 42 31 20   E~~'?Zu?/~~D0B1 
20 20 50 50 45 00 00 27 3F 5A 75 3F 2F 00 06 44     PPE~~'?Zu?/~~D
30 42 31 20 20 20 50 50 45 00 00 27 3F 5A 75 3F   0B1   PPE~~'?Zu?
2F 00 05 44 30 42 32 20 20 20 50 50 45 00 00 27   /~~D0B2   PPE~~'
3F 5A 75 3F 30 00 01 44 30 42 31 20 20 20 50 50   ?Zu?0~~D0B1   PP
45 00 00 27 3F 5A 75 3F 30 00 05 44 30 42 31 20   E~~'?Zu?0~~D0B1 
20 20 50 50 45 00 00 2E 3F 5A 75 3F 30 00 17 44     PPE~~.?Zu?0~~D
30 42 31 20 20 20 4F 43 52 00 00 27 3F 5A 75 3F   0B1   OCR~~'?Zu?
30 00 05 44 30 42 31 20 20 20 50 50 45 00 00 2E   0~~D0B1   PPE~~.
3F 5A 75 3F 30 00 20 44 30 42 31 20 20 20 4F 43   ?Zu?0~ D0B1   OC
52 00 00 27 3F 5A 75 3F 30 00 05 44 30 42 32 20   R~~'?Zu?0~~D0B2 
20 20 50 50 45 00 00 27 3F 5A 75 3F 30 00 01 44     PPE~~'?Zu?0~~D
30 42 31 20 20 20 50 50 45 00 00 27 3F 5A 75 3F   0B1   PPE~~'?Zu?
30 00 05 44 30 42 31 20 20 20 50 50 45 00 00 0F   0~~D0B1   PPE~~~
12 5A 75 3F 30 00 11 44 30 42 31 38 57 20 41 34   ~Zu?0~~D0B18W A4
20 00 00 27 3F 5A 75 3F 30 00 01 44 30 42 31 20    ~~'?Zu?0~~D0B1 
20 20 50 50 45 00 00 10 3F 5A 75 3F 30 00 4B 44     PPE~~~?Zu?0~KD
30 42 31 20 20 20 41 44 56 00 00 27 3F 5A 75 3F   0B1   ADV~~'?Zu?
30 00 05 44 30 42 31 20 20 20 50 50 45 00 00 27   0~~D0B1   PPE~~'
3F 5A 75 3F 31 00 05 44 30 42 31 20 20 20 50 50   ?Zu?1~~D0B1   PP
45 00 00 27 3F 5A 75 3F 31 00 01 44 30 42 31 20   E~~'?Zu?1~~D0B1 
20 20 50 50 45 00 00 27 3F 5A 75 3F 31 00 01 44     PPE~~'?Zu?1~~D
30 42 31 20 20 20 50 50 45 00 00 27 3F 5A 75 3F   0B1   PPE~~'?Zu?
31 00 01 44 30 42 31 20 20 20 50 50 45 00 00 27   1~~D0B1   PPE~~'
3F 5A 75 3F 31 00 05 44 30 42 31 20 20 20 50 50   ?Zu?1~~D0B1   PP
45 00 00 58 3F 5A 75 3F 31 00 3E 44 30 42 31 37   E~~X?Zu?1~>D0B17
30 20 36 33 33 00 00 10 3F 5A 75 3F 32 00 30 44   0 633~~~?Zu?2~0D
30 42 31 20 20 20 4D 45 44 00 00 2D 3F 5A 75 3F   0B1   MED~~-?Zu?
33 00 03 44 30 45 31 20 20 20 32 32 32 00 00 2E   3~~D0E1   222~~.
3F 5A 75 3F 33 00 0D 44 30 42 32 20 20 20 4F 43   ?Zu?3~~D0B2   OC
52 00 00 2D 3F 5A 75 3F 33 00 01 44 30 45 31 30   R~~-?Zu?3~~D0E10
37 20 32 32 32 00 00 2E 3F 5A 75 3F 34 00 10 44   7 222~~.?Zu?4~~D
30 42 32 20 20 20 4F 43 52 00 00 2E 3F 5A 75 3F   0B2   OCR~~.?Zu?
34 00 0D 44 30 42 32 20 20 20 4F 43 52 00 00 2E   4~~D0B2   OCR~~.
3F 5A 75 3F 34 00 0C 44 30 42 32 20 20 20 4F 43   ?Zu?4~~D0B2   OC
52 00 00 2E 3F 5A 75 3F 34 00 05 44 30 42 32 20   R~~.?Zu?4~~D0B2 
20 20 4F 43 52 00 00 2E 3F 5A 75 3F 34 00 0C 44     OCR~~.?Zu?4~~D
30 42 32 20 20 20 4F 43 52 00 00 2E 3F 5A 75 3F   0B2   OCR~~.?Zu?
35 00 10 44 30 42 32 20 20 20 4F 43 52 00 00 2E   5~~D0B2   OCR~~.
3F 5A 75 3F 35 00 11 44 30 42 31 20 20 20 4F 43   ?Zu?5~~D0B1   OC
52 00 09 50 3F 5A 75 3F 36 00 2F 44 30 42 31 38   R~~P?Zu?6~/D0B18
38 20 34 34 30 00 00 2E 3F 5A 75 3F 36 00 1A 44   8 440~~.?Zu?6~~D
30 42 31 20 20 20 4F 43 52 00 00 2E 3F 5A 75 3F   0B1   OCR~~.?Zu?
36 00 18 44 30 42 31 20 20 20 4F 43 52 00 00 27   6~~D0B1   OCR~~'
3F 5A 75 3F 36 00 01 44 30 42 31 20 20 20 50 50   ?Zu?6~~D0B1   PP
45 00 00 2E 3F 5A 75 3F 37 00 17 44 30 42 31 20   E~~.?Zu?7~~D0B1 
20 20 4F 43 52 00 00 32 21 5A 75 3F 37 00 24 44     OCR~~2!Zu?7~$D
30 42 31 39 34 33 4D 45 44 00 00 2E 3F 5A 75 3F   0B1943MED~~.?Zu?
37 00 17 44 30 42 31 20 20 20 4F 43 52 00 09 4F   7~~D0B1   OCR~~O
31 5A 75 3F 37 00 1C 44 30 42 31 36 35 20 39 39   1Zu?7~~D0B165 99
39 00 00 2E 3F 5A 75 3F 38 00 19 44 30 42 31 20   9~~.?Zu?8~~D0B1 
20 20 4F 43 52 00 00 2E 3F 5A 75 3F 38 00 11 44     OCR~~.?Zu?8~~D
30 42 31 20 20 20 4F 43 52 00 00 2E 42 5A 75 3F   0B1   OCR~~.BZu?
38 00 48 44 30 42 31 37 30 20 4E 43 43 00 00 2E   8~HD0B170 NCC~~.
3F 5A 75 3F 38 00 16 44 30 42 31 20 20 20 4F 43   ?Zu?8~~D0B1   OC
52 00 09 4F 31 5A 75 3F 38 00 16 44 30 42 31 36   R~~O1Zu?8~~D0B16
35 20 39 39 39 00 00 2E 3F 5A 75 3F 38 00 18 44   5 999~~.?Zu?8~~D
30 42 31 20 20 20 4F 43 52 00 00 2E 3F 5A 75 3F   0B1   OCR~~.?Zu?
38 00 0C 44 30 42 32 20 20 20 4F 43 52 00 00 2E   8~~D0B2   OCR~~.
3F 5A 75 3F 38 00 16 44 30 42 31 20 20 20 4F 43   ?Zu?8~~D0B1   OC
52 00 09 4F 31 5A 75 3F 38 00 17 44 30 42 31 36   R~~O1Zu?8~~D0B16
35 20 39 39 39 00 00 27 3F 5A 75 3F 39 00 01 44   5 999~~'?Zu?9~~D
30 42 31 20 20 20 50 50 45 00 00 0F 12 5A 75 3F   0B1   PPE~~~~Zu?
39 00 3C 44 30 42 31 20 20 20 41 34 20 00 00 2E   9~<D0B1   A4 ~~.
3F 5A 75 3F 39 00 16 44 30 42 31 20 20 20 4F 43   ?Zu?9~~D0B1   OC
52 00 09 4F 31 5A 75 3F 39 00 16 44 30 42 31 36   R~~O1Zu?9~~D0B16
35 20 39 39 39 00 00 06 11 5A 75 3F 39 00 59 44   5 999~~~~Zu?9~YD
30 42 31 20 20 20 49 4E 4D 00 00 2E 3F 5A 75 3F   0B1   INM~~.?Zu?
39 00 0F 44 30 42 31 20 20 20 4F 43 52 00 00 2E   9~~D0B1   OCR~~.
3F 5A 75 3F 39 00 06 44 30 42 32 20 20 20 4F 43   ?Zu?9~~D0B2   OC
52 00 00 10 3F 5A 75 3F 39 00 39 44 30 42 31 20   R~~~?Zu?9~9D0B1 
20 20 4D 45 44 00 00 2E 3F 5A 75 3F 39 00 17 44     MED~~.?Zu?9~~D
30 42 31 20 20 20 4F 43 52 00 00 2E 3F 5A 75 3F   0B1   OCR~~.?Zu?
39 00 15 44 30 42 31 20 20 20 4F 43 52 00 00 3D   9~~D0B1   OCR~~=
3F 5A 75 3F 39 00 18 44 30 42 31 37 39 20 4F 48   ?Zu?9~~D0B179 OH
50 00 00 2E 3F 5A 75 3F 39 00 14 44 30 42 31 20   P~~.?Zu?9~~D0B1 
20 20 4F 43 52 00 00 2E 3F 5A 75 3F 3A 00 16 44     OCR~~.?Zu?:~~D
30 42 31 20 20 20 4F 43 52 00 00 10 3F 5A 75 3F   0B1   OCR~~~?Zu?
3A 00 3D 44 30 42 31 20 20 20 4D 45 44 00 00 2E   :~=D0B1   MED~~.
3F 5A 75 3F 3A 00 1A 44 30 42 31 37 30 20 4F 43   ?Zu?:~~D0B170 OC
52 00 00 06 11 5A 75 3F 3A 00 7B 44 30 42 31 20   R~~~~Zu?:~{D0B1 
20 20 47 41 4D 00 09 4F 31 5A 75 3F 3A 00 3A 44     GAM~~O1Zu?:~:D
30 42 31 20 20 20 39 39 39 00 00 58 3F 5A 75 3F   0B1   999~~X?Zu?
3A 00 7A 44 30 42 31 20 20 20 36 33 33 00 00 2E   :~zD0B1   633~~.
3F 5A 75 3F 3A 00 18 44 30 42 31 20 20 20 4F 43   ?Zu?:~~D0B1   OC
52 00 00 2E 3F 5A 75 3F 3B 00 06 44 30 42 32 20   R~~.?Zu?;~~D0B2 
20 20 4F 43 52 00 00 2E 3F 5A 75 3F 3B 00 11 44     OCR~~.?Zu?;~~D
30 42 31 20 20 20 4F 43 52 00 00 5E 3F 5A 75 3F   0B1   OCR~~^?Zu?
3B 00 09 44 30 42 31 31 39 20 4F 48 52 00 00 47   ;~~D0B119 OHR~~G
38 5A 75 3F 3B 00 18 44 30 42 31 37 36 20 50 42   8Zu?;~~D0B176 PB
4D 00 00 2E 3F 5A 75 3F 3B 00 14 44 30 42 31 20   M~~.?Zu?;~~D0B1 
20 20 4F 43 52 00 00 58 3F 5A 75 3F 3B 00 4F 44     OCR~~X?Zu?;~OD
30 42 31 20 20 20 36 33 33 00 00 4C 3F 5A 75 3F   0B1   633~~L?Zu?
3C 00 7C 44 30 42 31 38 31 20 30 31 39 00 00 27   <~|D0B181 019~~'
3F 5A 75 3F 3C 00 01 44 30 42 31 20 20 20 50 50   ?Zu?<~~D0B1   PP
45 00 00 27 3F 5A 75 3F 3C 00 05 44 30 42 31 20   E~~'?Zu?<~~D0B1 
20 20 50 50 45 00 00 27 3F 5A 75 3F 3C 00 01 44     PPE~~'?Zu?<~~D
30 42 31 20 20 20 50 50 45 00 00 27 3F 5A 75 3F   0B1   PPE~~'?Zu?
3C 00 01 44 30 42 31 20 20 20 50 50 45 00 00 2D   <~~D0B1   PPE~~-
3F 5A 75 3F 3C 00 0C 44 30 45 31 35 32 20 32 32   ?Zu?<~~D0E152 22
32 00 09 4F 24 5A 75 3F 3C 00 76 44 30 42 31 41   2~~O$Zu?<~vD0B1A
43 20 44 52 4D 00 09 4F 31 5A 75 3F 3D 00 21 44   C DRM~~O1Zu?=~!D
30 42 31 37 37 20 39 39 39 00 00 30 18 5A 75 3F   0B177 999~~0~Zu?
3D 00 3F 44 30 42 31 20 20 20 50 41 52 00 00 4C   =~?D0B1   PAR~~L
3F 5A 75 3F 3D 01 19 44 30 42 31 38 31 20 30 31   ?Zu?=~~D0B181 01
39 00 00 2D 3F 5A 75 3F 3D 00 07 44 30 45 31 35   9~~-?Zu?=~~D0E15
32 20 32 32 32 00 00 27 3F 5A 75 3F 3E 00 05 44   2 222~~'?Zu?>~~D
30 42 33 20 20 20 50 50 45 00 00 4C 3F 5A 75 3F   0B3   PPE~~L?Zu?
3E 01 52 44 30 42 31 38 31 20 30 31 39 00 00 2E   >~RD0B181 019~~.
3F 5A 75 3F 3E 00 14 44 30 42 31 20 20 20 4F 43   ?Zu?>~~D0B1   OC
52 00 00 2E 3F 5A 75 3F 3E 00 15 44 30 42 31 20   R~~.?Zu?>~~D0B1 
20 20 4F 43 52 00 00 2D 3F 5A 75 3F 3F 00 0F 44     OCR~~-?Zu??~~D
30 45 31 35 32 20 32 32 32 00 09 4F 31 5A 75 3F   0E152 222~~O1Zu?
3F 00 6D 44 30 42 31 20 20 20 39 39 39 00 00 4C   ?~mD0B1   999~~L
3F 5A 75 3F 3F 01 3F 44 30 42 31 38 31 20 30 31   ?Zu??~?D0B181 01
39 00 00 4C 3F 5A 75 3F 40 02 2C 44 30 42 31 38   9~~L?Zu?@~,D0B18
35 20 30 31 39 00 00 2E 3F 5A 75 3F 40 00 05 44   5 019~~.?Zu?@~~D
30 42 31 33 39 20 4F 43 52 00 00 4C 3F 5A 75 3F   0B139 OCR~~L?Zu?
40 02 3D 44 30 42 31 38 31 20 30 31 39 00 00 49   @~=D0B181 019~~I
3F 5A 75 3F 40 00 11 44 30 42 31 32 32 20 50 33   ?Zu?@~~D0B122 P3
30 00 00 2E 3F 5A 75 3F 41 00 20 44 30 42 31 20   0~~.?Zu?A~ D0B1 
20 20 4F 43 52 00 00 2E 3F 5A 75 3F 41 00 0F 44     OCR~~.?Zu?A~~D
30 42 32 20 20 20 4F 43 52 00 00 2E 3F 5A 75 3F   0B2   OCR~~.?Zu?
41 00 1A 44 30 42 31 20 20 20 4F 43 52 00 00 22   A~~D0B1   OCR~~"
3F 5A 75 3F 41 00 29 44 30 42 31 20 20 20 20 20   ?Zu?A~)D0B1     
20 00 00 10 3F 5A 75 3F 41 00 26 44 30 42 31 20    ~~~?Zu?A~&D0B1 
20 20 41 44 56 00 00 2D 3F 5A 75 3F 42 00 58 44     ADV~~-?Zu?B~XD
30 45 31 35 32 20 32 32 32 00 00 2D 3F 5A 75 3F   0E152 222~~-?Zu?
42 00 01 44 30 45 31 35 32 20 32 32 32 00 09 4E   B~~D0E152 222~~N
3F 5A 75 3F 42 00 2B 44 30 42 31 20 20 20 50 45   ?Zu?B~+D0B1   PE
55 00 00 2D 3F 5A 75 3F 42 00 02 44 30 45 31 20   U~~-?Zu?B~~D0E1 
20 20 32 32 32 00 00 10 3F 5A 75 3F 42 00 22 44     222~~~?Zu?B~"D
30 42 31 37 30 20 4D 45 44 00 00 10 3F 5A 75 3F   0B170 MED~~~?Zu?
42 00 21 44 30 42 31 39 32 35 4D 45 44 00 00 10   B~!D0B1925MED~~~
3F 5A 75 3F 42 00 33 44 30 42 31 20 20 20 4D 45   ?Zu?B~3D0B1   ME
44 00 00 2E 3F 5A 75 3F 43 00 12 44 30 42 31 20   D~~.?Zu?C~~D0B1 
20 20 4F 43 52 00 00 2E 3F 5A 75 3F 43 00 19 44     OCR~~.?Zu?C~~D
30 42 31 20 20 20 4F 43 52 00 00 42 72 5A 75 3F   0B1   OCR~~BrZu?
43 00 2C 44 30 42 31 20 20 20 43 49 4D 00 00 27   C~,D0B1   CIM~~'
3F 5A 75 3F 44 00 05 44 30 42 32 20 20 20 50 50   ?Zu?D~~D0B2   PP
45 00 00 10 3F 5A 75 3F 44 00 29 44 30 42 31 37   E~~~?Zu?D~)D0B17
39 20 4D 45 44 00 09 51 3F 5A 75 3F 44 00 20 44   9 MED~~Q?Zu?D~ D
30 42 31 20 20 20 57 41 50 00 00 2D 20 5A 75 3F   0B1   WAP~~- Zu?
45 00 53 44 30 42 31 38 38 20 4E 4D 50 00 09 50   E~SD0B188 NMP~~P
3F 5A 75 3F 45 00 29 44 30 42 31 20 20 20 34 34   ?Zu?E~)D0B1   44
30 00 00 10 3F 5A 75 3F 45 00 37 44 30 42 31 38   0~~~?Zu?E~7D0B18
38 20 4D 45 44 00 00 10 3F 5A 75 3F 45 00 16 44   8 MED~~~?Zu?E~~D
30 42 31 37 39 20 4D 45 44 00 09 4F 24 5A 75 3F   0B179 MED~~O$Zu?
45 00 3F 44 30 42 31 41 43 20 44 52 4D 00 09 4F   E~?D0B1AC DRM~~O
31 5A 75 3F 46 00 35 44 30 42 31 37 30 20 39 39   1Zu?F~5D0B170 99
39 00 09 4F 31 5A 75 3F 46 00 23 44 30 42 31 37   9~~O1Zu?F~#D0B17
30 20 39 39 39 00 00 2E 3F 5A 75 3F 46 00 14 44   0 999~~.?Zu?F~~D
30 42 31 20 20 20 4F 43 52 00 00 2E 3F 5A 75 3F   0B1   OCR~~.?Zu?
47 00 17 44 30 42 31 20 20 20 4F 43 52 00 00 10   G~~D0B1   OCR~~~
3F 5A 75 3F 47 00 1A 44 30 42 31 37 39 20 4D 45   ?Zu?G~~D0B179 ME
44 00 00 2E 3F 5A 75 3F 47 00 28 44 30 42 31 20   D~~.?Zu?G~(D0B1 
20 20 4F 43 52 00 00 10 3F 5A 75 3F 47 00 1E 44     OCR~~~?Zu?G~~D
30 42 31 37 30 20 4D 45 44 00 09 4F 31 5A 75 3F   0B170 MED~~O1Zu?
47 00 3E 44 30 42 31 20 20 20 39 39 39 00 09 4F   G~>D0B1   999~~O
3F 5A 75 3F 48 00 41 44 30 42 31 20 20 20 39 39   ?Zu?H~AD0B1   99
39 00 00 10 3F 5A 75 3F 48 00 27 44 30 42 31 20   9~~~?Zu?H~'D0B1 
20 20 4D 45 44 00 00 4E 3F 5A 75 3F 48 00 31 44     MED~~N?Zu?H~1D
30 42 31 20 20 20 49 53 20 00 00 27 3F 5A 75 3F   0B1   IS ~~'?Zu?
48 00 05 44 30 42 31 20 20 20 50 50 45 00 00 2E   H~~D0B1   PPE~~.
3F 5A 75 3F 49 00 14 44 30 42 31 20 20 20 4F 43   ?Zu?I~~D0B1   OC
52 00 00 42 72 5A 75 3F 49 00 35 44 30 42 31 20   R~~BrZu?I~5D0B1 
20 20 43 49 4D 00 00 27 3F 5A 75 3F 49 00 05 44     CIM~~'?Zu?I~~D
30 42 31 20 20 20 50 50 45 00 00 46 20 5A 75 3F   0B1   PPE~~F Zu?
49 00 3D 44 30 45 31 4D 36 20 43 4F 4D 00 09 51   I~=D0E1M6 COM~~Q
3F 5A 75 3F 49 00 7F 44 30 42 31 20 20 20 43 52   ?Zu?I~~D0B1   CR
58 00 09 50 3F 5A 75 3F 4A 00 4C 44 30 42 31 20   X~~P?Zu?J~LD0B1 
20 20 53 42 50 00 00 2D 3F 5A 75 3F 4A 00 08 44     SBP~~-?Zu?J~~D
30 45 31 20 20 20 32 32 32 00 00 2E 3F 5A 75 3F   0E1   222~~.?Zu?
4A 00 11 44 30 42 33 20 20 20 4F 43 52 00 09 4F   J~~D0B3   OCR~~O
31 5A 75 3F 4A 00 38 44 30 42 31 20 20 20 39 39   1Zu?J~8D0B1   99
39 00 00 2E 3F 5A 75 3F 4A 00 10 44 30 42 33 20   9~~.?Zu?J~~D0B3 
20 20 4F 43 52 00 00 2E 3F 5A 75 3F 4B 00 14 44     OCR~~.?Zu?K~~D
30 42 33 20 20 20 4F 43 52 00 00 2E 3F 5A 75 3F   0B3   OCR~~.?Zu?
4B 00 1D 44 30 42 31 20 20 20 4F 43 52 00 09 4E   K~~D0B1   OCR~~N
3F 5A 75 3F 4C 00 26 44 30 42 31 20 20 20 4D 45   ?Zu?L~&D0B1   ME
44 00 00 2D 3F 5A 75 3F 4C 00 05 44 30 45 31 31   D~~-?Zu?L~~D0E11
35 20 32 32 32 00 09 4E 3F 5A 75 3F 4C 00 22 44   5 222~~N?Zu?L~"D
30 42 31 20 20 20 4D 45 44 00 00 10 3F 5A 75 3F   0B1   MED~~~?Zu?
4C 00 26 44 30 42 31 20 20 20 4D 45 44 00 00 10   L~&D0B1   MED~~~
3F 5A 75 3F 4D 00 36 44 30 42 31 20 20 20 41 44   ?Zu?M~6D0B1   AD
56 00 09 4F 31 5A 75 3F 4D 00 41 44 30 42 31 20   V~~O1Zu?M~AD0B1 
20 20 39 39 39 00 00 2D 3F 5A 75 3F 4E 00 05 44     999~~-?Zu?N~~D
30 45 31 20 20 20 32 32 32 00 00 10 3F 5A 75 3F   0E1   222~~~?Zu?
4E 00 27 44 30 42 31 33 39 20 4F 4D 4E 00 00 27   N~'D0B139 OMN~~'
3F 5A 75 3F 4E 00 05 44 30 42 31 20 20 20 50 50   ?Zu?N~~D0B1   PP
45 00 00 2E 3F 5A 75 3F 4F 00 11 44 30 42 31 20   E~~.?Zu?O~~D0B1 
20 20 4F 43 52 00 00 27 3F 5A 75 3F 50 00 01 44     OCR~~'?Zu?P~~D
30 42 31 20 20 20 50 50 45 00 00 22 3F 5A 75 3F   0B1   PPE~~"?Zu?
50 00 17 44 30 42 32 20 20 20 20 20 20 00 00 2E   P~~D0B2      ~~.
3F 5A 75 3F 50 00 18 44 30 42 31 20 20 20 4F 43   ?Zu?P~~D0B1   OC
52 00 00 2E 3F 5A 75 3F 50 00 1F 44 30 42 31 37   R~~.?Zu?P~~D0B17
37 20 4F 43 52 00 00 2E 3F 5A 75 3F 50 00 10 44   7 OCR~~.?Zu?P~~D
30 42 31 20 20 20 4F 43 52 00 00 4C 3F 5A 75 3F   0B1   OCR~~L?Zu?
51 00 78 44 30 42 31 38 31 20 30 31 39 00 00 58   Q~xD0B181 019~~X
3F 5A 75 3F 51 00 43 44 30 42 31 37 30 20 36 33   ?Zu?Q~CD0B170 63
33 00 00 2E 3F 5A 75 3F 51 00 12 44 30 42 31 20   3~~.?Zu?Q~~D0B1 
20 20 4F 43 52 00 00 49 3F 5A 75 3F 52 00 28 44     OCR~~I?Zu?R~(D
30 42 31 20 20 20 50 33 30 00 00 27 3F 5A 75 3F   0B1   P30~~'?Zu?
52 00 05 44 30 42 33 20 20 20 50 50 45 00 00 47   R~~D0B3   PPE~~G
38 5A 75 3F 52 00 20 44 30 42 31 37 30 20 50 42   8Zu?R~ D0B170 PB
4D 00 00 0F 12 5A 75 3F 52 00 18 44 30 42 31 36   M~~~~Zu?R~~D0B16
39 20 41 34 20 00 00 2D 3F 5A 75 3F 52 00 05 44   9 A4 ~~-?Zu?R~~D
30 45 31 35 32 20 32 32 32 00 00 2D 3F 5A 75 3F   0E152 222~~-?Zu?
53 00 0B 44 30 45 31 20 20 20 32 32 32 00 00 27   S~~D0E1   222~~'
3F 5A 75 3F 53 00 08 44 30 42 33 20 20 20 50 50   ?Zu?S~~D0B3   PP
45 00 00 2E 3F 5A 75 3F 53 00 15 44 30 42 31 20   E~~.?Zu?S~~D0B1 
20 20 4F 43 52 00 00 0F 12 5A 75 3F 54 00 14 44     OCR~~~~Zu?T~~D
30 42 31 36 39 20 41 34 20 00 00 2E 3F 5A 75 3F   0B169 A4 ~~.?Zu?
56 00 0C 44 30 42 32 20 20 20 4F 43 52 00 00 2E   V~~D0B2   OCR~~.
3F 5A 75 3F 57 00 17 44 30 42 31 20 20 20 4F 43   ?Zu?W~~D0B1   OC
52 00 00 27 3F 5A 75 3F 57 00 05 44 30 42 31 20   R~~'?Zu?W~~D0B1 
20 20 50 50 45 00 00 2E 3F 5A 75 3F 57 00 10 44     PPE~~.?Zu?W~~D
30 42 32 20 20 20 4F 43 52 00 00 2E 73 5A 75 3F   0B2   OCR~~.sZu?
57 00 17 44 30 42 31 20 20 20 20 20 20 00 00 2E   W~~D0B1      ~~.
3F 5A 75 3F 59 00 0F 44 30 42 32 20 20 20 4F 43   ?Zu?Y~~D0B2   OC
52 00 00 2E 3F 5A 75 3F 59 00 17 44 30 42 31 20   R~~.?Zu?Y~~D0B1 
20 20 4F 43 52 00 00 10 3F 5A 75 3F 59 00 2A 44     OCR~~~?Zu?Y~*D
30 42 31 20 20 20 4D 45 44 00 00 58 3F 5A 75 3F   0B1   MED~~X?Zu?
59 00 60 44 30 42 31 20 20 20 36 33 33 00 00 2E   Y~`D0B1   633~~.
3F 5A 75 3F 5A 00 17 44 30 42 31 20 20 20 4F 43   ?Zu?Z~~D0B1   OC
52 00 09 4E 3F 5A 75 3F 5A 00 18 44 30 42 31 20   R~~N?Zu?Z~~D0B1 
20 20 4D 45 44 00 00 2D 3F 5A 75 3F 5A 00 02 44     MED~~-?Zu?Z~~D
30 45 31 35 32 20 32 32 32 00 00 2E 3F 5A 75 3F   0E152 222~~.?Zu?
5B 00 11 44 30 42 31 20 20 20 4F 43 52 00 00 2E   [~~D0B1   OCR~~.
3F 5A 75 3F 5B 00 05 44 30 42 32 20 20 20 4F 43   ?Zu?[~~D0B2   OC
52 00 00 2E 3F 5A 75 3F 5B 00 0F 44 30 42 32 20   R~~.?Zu?[~~D0B2 
20 20 4F 43 52 00 00 2D 3F 5A 75 3F 5B 00 01 44     OCR~~-?Zu?[~~D
30 45 31 20 20 20 32 32 32 00 00 10 3F 5A 75 3F   0E1   222~~~?Zu?
5B 00 29 44 30 42 31 38 38 20 4D 45 44 00 09 4F   [~)D0B188 MED~~O
31 5A 75 3F 5C 00 16 44 30 42 32 20 20 20 39 39   1Zu?\~~D0B2   99
39 00 00 3C 3F 5A 75 3F 5D 00 14 44 30 42 31 37   9~~<?Zu?]~~D0B17
39 20 30 33 32 00 00 10 3F 5A 75 3F 5E 00 3F 44   9 032~~~?Zu?^~?D
30 42 31 59 4F 20 4F 4D 4E 00 00 2E 3F 5A 75 3F   0B1YO OMN~~.?Zu?
60 00 0D 44 30 42 32 20 20 20 4F 43 52 00 00 2E   `~~D0B2   OCR~~.
3F 5A 75 3F 60 00 0F 44 30 42 31 20 20 20 4F 43   ?Zu?`~~D0B1   OC
52 00 00 2E 3F 5A 75 3F 60 00 15 44 30 42 31 20   R~~.?Zu?`~~D0B1 
20 20 4F 43 52 00 00 2E 3F 5A 75 3F 60 00 12 44     OCR~~.?Zu?`~~D
30 42 31 20 20 20 4F 43 52 00 00 2D 3F 5A 75 3F   0B1   OCR~~-?Zu?
62 00 08 44 30 45 31 20 20 20 32 32 32 00 00 10   b~~D0E1   222~~~
3F 5A 75 3F 62 00 2B 44 30 42 31 20 20 20 4D 45   ?Zu?b~+D0B1   ME
44 00 00 10 3F 5A 75 3F 62 00 0E 44 30 42 32 20   D~~~?Zu?b~~D0B2 
20 20 4D 45 44 00 00 2E 3F 5A 75 3F 63 00 1A 44     MED~~.?Zu?c~~D
30 42 31 20 20 20 4F 43 52 00 00 10 3F 5A 75 3F   0B1   OCR~~~?Zu?
63 00 17 44 30 42 31 41 43 20 4D 43 41 00 00 2E   c~~D0B1AC MCA~~.
3F 5A 75 3F 63 00 16 44 30 42 31 20 20 20 4F 43   ?Zu?c~~D0B1   OC
52 00 00 2E 3F 5A 75 3F 64 00 10 44 30 42 31 20   R~~.?Zu?d~~D0B1 
20 20 4F 43 52 00 00 58 3F 5A 75 3F 64 00 46 44     OCR~~X?Zu?d~FD
30 42 31 38 38 20 36 33 33 00 00 2E 3F 5A 75 3F   0B188 633~~.?Zu?
64 00 1A 44 30 42 31 20 20 20 4F 43 52 00 09 4F   d~~D0B1   OCR~~O
3F 5A 75 3F 64 00 19 44 30 42 31 37 36 20 4F 50   ?Zu?d~~D0B176 OP
30 00 00 2E 3F 5A 75 3F 64 00 18 44 30 42 31 20   0~~.?Zu?d~~D0B1 
20 20 4F 43 52 00 00 2E 3F 5A 75 3F 65 00 16 44     OCR~~.?Zu?e~~D
30 42 31 20 20 20 4F 43 52 00 09 50 3F 5A 75 3F   0B1   OCR~~P?Zu?
65 00 25 44 30 42 31 20 20 20 4D 45 44 00 00 27   e~%D0B1   MED~~'
3F 5A 75 3F 65 00 01 44 30 42 31 20 20 20 50 50   ?Zu?e~~D0B1   PP
45 00 00 10 3F 5A 75 3F 66 00 2F 44 30 42 31 20   E~~~?Zu?f~/D0B1 
20 20 4D 45 44 00 09 4E 3F 5A 75 3F 66 00 50 44     MED~~N?Zu?f~PD
30 42 31 20 20 20 43 54 52 00 00 10 3F 5A 75 3F   0B1   CTR~~~?Zu?
67 00 11 44 30 42 32 20 20 20 4D 45 44 00 00 10   g~~D0B2   MED~~~
3F 5A 75 3F 67 00 1E 44 30 42 31 37 30 20 4D 45   ?Zu?g~~D0B170 ME
44 00 00 2E 3F 5A 75 3F 67 00 13 44 30 42 31 20   D~~.?Zu?g~~D0B1 
20 20 4F 43 52 00 00 2E 3F 5A 75 3F 67 00 17 44     OCR~~.?Zu?g~~D
30 42 31 20 20 20 4F 43 52 00 00 47 38 5A 75 3F   0B1   OCR~~G8Zu?
67 00 2A 44 30 42 31 37 36 20 50 42 4D 00 00 42   g~*D0B176 PBM~~B
72 5A 75 3F 68 00 31 44 30 42 31 20 20 20 43 49   rZu?h~1D0B1   CI
4D 00 00 10 3F 5A 75 3F 68 00 20 44 30 42 31 37   M~~~?Zu?h~ D0B17
30 20 4D 45 44 00 00 2E 3F 5A 75 3F 68 00 1B 44   0 MED~~.?Zu?h~~D
30 42 31 20 20 20 4F 43 52 00 09 4F 31 5A 75 3F   0B1   OCR~~O1Zu?
68 00 14 44 30 42 32 20 20 20 39 39 39 00 09 4F   h~~D0B2   999~~O
31 5A 75 3F 69 00 34 44 30 42 31 20 20 20 39 39   1Zu?i~4D0B1   99
39 00 09 4F 31 5A 75 3F 69 00 35 44 30 42 31 20   9~~O1Zu?i~5D0B1 
20 20 39 39 39 00 00 2E 73 5A 75 3F 6B 00 16 44     999~~.sZu?k~~D
30 42 31 36 39 20 20 20 20 00 00 2E 3F 5A 75 3F   0B169    ~~.?Zu?
6B 00 17 44 30 42 31 20 20 20 4F 43 52 00 09 50   k~~D0B1   OCR~~P
3F 5A 75 3F 6C 00 17 44 30 42 31 35 32 20 30 30   ?Zu?l~~D0B152 00
36 00 00 27 3F 5A 75 3F 6C 00 05 44 30 42 31 20   6~~'?Zu?l~~D0B1 
20 20 50 50 45 00 00 42 72 5A 75 3F 6C 00 24 44     PPE~~BrZu?l~$D
30 42 31 20 20 20 43 49 4D 00 00 0F 12 5A 75 3F   0B1   CIM~~~~Zu?
6D 00 31 44 30 42 31 20 20 20 41 34 20 00 09 51   m~1D0B1   A4 ~~Q
3F 5A 75 3F 6D 00 2B 44 30 42 31 20 20 20 30 32   ?Zu?m~+D0B1   02
31 00 09 50 3F 5A 75 3F 6D 00 22 44 30 42 31 37   1~~P?Zu?m~"D0B17
30 20 34 31 30 00 00 2E 3F 5A 75 3F 6D 00 11 44   0 410~~.?Zu?m~~D
30 42 31 20 20 20 4F 43 52 00 09 4F 31 5A 75 3F   0B1   OCR~~O1Zu?
6D 00 44 44 30 42 31 20 20 20 39 39 39 00 00 10   m~DD0B1   999~~~
3F 5A 75 3F 6D 00 53 44 30 42 31 20 20 20 4F 4D   ?Zu?m~SD0B1   OM
4E 00 00 2E 3F 5A 75 3F 6E 00 06 44 30 42 32 20   N~~.?Zu?n~~D0B2 
20 20 4F 43 52 00 09 4F 31 5A 75 3F 6F 00 53 44     OCR~~O1Zu?o~SD
30 42 31 20 20 20 39 39 39 00 00 2E 3F 5A 75 3F   0B1   999~~.?Zu?
70 00 17 44 30 42 31 20 20 20 4F 43 52 00 00 2E   p~~D0B1   OCR~~.
3F 5A 75 3F 70 00 17 44 30 42 31 20 20 20 4F 43   ?Zu?p~~D0B1   OC
52 00 00 2E 3F 5A 75 3F 72 00 11 44 30 42 31 20   R~~.?Zu?r~~D0B1 
20 20 4F 43 52 00 00 10 3F 5A 75 3F 72 00 21 44     OCR~~~?Zu?r~!D
30 42 31 37 30 20 4D 45 44 00 00 47 38 5A 75 3F   0B170 MED~~G8Zu?
72 00 23 44 30 42 31 37 36 20 50 42 4D 00 09 4E   r~#D0B176 PBM~~N
3F 5A 75 3F 72 00 15 44 30 42 32 20 20 20 43 54   ?Zu?r~~D0B2   CT
52 00 00 2E 3F 5A 75 3F 72 00 17 44 30 42 31 20   R~~.?Zu?r~~D0B1 
20 20 4F 43 52 00 00 2E 3F 5A 75 3F 72 00 12 44     OCR~~.?Zu?r~~D
30 42 31 20 20 20 4F 43 52 00 09 4F 31 5A 75 3F   0B1   OCR~~O1Zu?
73 00 4D 44 30 42 31 37 30 20 39 39 39 00 00 2D   s~MD0B170 999~~-
3F 5A 75 3F 74 00 03 44 30 45 31 20 20 20 32 32   ?Zu?t~~D0E1   22
32 00 00 12 3F 5A 75 3F 75 00 30 44 30 42 31 20   2~~~?Zu?u~0D0B1 
20 20 59 4E 42 00 00 2E 3F 5A 75 3F 75 00 1C 44     YNB~~.?Zu?u~~D
30 42 31 20 20 20 4F 43 52 00 00 2E 3F 5A 75 3F   0B1   OCR~~.?Zu?
75 00 06 44 30 42 32 20 20 20 4F 43 52 00 00 2E   u~~D0B2   OCR~~.
3F 5A 75 3F 76 00 15 44 30 42 31 20 20 20 4F 43   ?Zu?v~~D0B1   OC
52 00 00 2E 3F 5A 75 3F 76 00 10 44 30 42 32 20   R~~.?Zu?v~~D0B2 
20 20 4F 43 52 00 00 2E 3F 5A 75 3F 76 00 1F 44     OCR~~.?Zu?v~~D
30 42 31 20 20 20 4F 43 52 00 00 06 11 5A 75 3F   0B1   OCR~~~~Zu?
76 00 40 44 30 42 31 37 35 20 49 4E 4D 00 00 46   v~@D0B175 INM~~F
20 5A 75 3F 76 00 08 44 30 45 31 20 20 20 43 4F    Zu?v~~D0E1   CO
4D 00 09 4E 3F 5A 75 3F 76 00 2D 44 30 42 31 20   M~~N?Zu?v~-D0B1 
20 20 50 45 55 00 00 22 3F 5A 75 3F 76 00 3F 44     PEU~~"?Zu?v~?D
30 42 31 20 20 20 20 20 20 00 00 10 3F 5A 75 3F   0B1      ~~~?Zu?
77 00 21 44 30 42 31 37 30 20 41 44 56 00 00 27   w~!D0B170 ADV~~'
3F 5A 75 3F 77 00 05 44 30 42 31 20 20 20 50 50   ?Zu?w~~D0B1   PP
45 00 00 0F 12 5A 75 3F 77 00 2B 44 30 42 31 20   E~~~~Zu?w~+D0B1 
20 20 4D 44 20 00 00 2E 3F 5A 75 3F 77 00 18 44     MD ~~.?Zu?w~~D
30 42 31 20 20 20 4F 43 52 00 00 2E 3F 5A 75 3F   0B1   OCR~~.?Zu?
77 00 16 44 30 42 31 20 20 20 4F 43 52 00 00 2E   w~~D0B1   OCR~~.
3F 5A 75 3F 78 00 16 44 30 42 31 20 20 20 4F 43   ?Zu?x~~D0B1   OC
52 00 09 4F 3F 5A 75 3F 78 00 1F 44 30 42 31 20   R~~O?Zu?x~~D0B1 
20 20 4F 50 30 00 00 2E 3F 5A 75 3F 78 00 2C 44     OP0~~.?Zu?x~,D
30 42 31 20 20 20 4F 43 52 00 00 2E 42 5A 75 3F   0B1   OCR~~.BZu?
78 00 41 44 30 42 31 20 20 20 4E 43 43 00 00 2D   x~AD0B1   NCC~~-
3F 5A 75 3F 79 00 04 44 30 45 31 20 20 20 32 32   ?Zu?y~~D0E1   22
32 00 00 2E 42 5A 75 3F 79 00 47 44 30 42 31 20   2~~.BZu?y~GD0B1 
20 20 4E 43 43 00 00 2D 3F 5A 75 3F 7A 00 08 44     NCC~~-?Zu?z~~D
30 45 31 31 35 20 32 32 32 00 09 4F 31 5A 75 3F   0E115 222~~O1Zu?
7A 00 0A 44 30 42 31 31 39 20 39 39 39 00 09 4E   z~~D0B119 999~~N
3F 5A 75 3F 7A 00 36 44 30 42 31 20 20 20 43 54   ?Zu?z~6D0B1   CT
52 00 00 56 3F 5A 75 3F 7B 00 3F 44 30 42 31 20   R~~V?Zu?{~?D0B1 
20 20 50 53 54 00 09 4E 3F 5A 75 3F 7B 00 2A 44     PST~~N?Zu?{~*D
30 42 31 20 20 20 43 54 52 00 00 10 3F 5A 75 3F   0B1   CTR~~~?Zu?
7B 00 29 44 30 42 31 33 34 20 4D 45 44 00 00 30   {~)D0B134 MED~~0
41 5A 75 3F 7B 00 26 44 30 42 31 20 20 20 30 36   AZu?{~&D0B1   06
37 00 00 4E 3F 5A 75 3F 7C 00 22 44 30 42 31 37   7~~N?Zu?|~"D0B17
30 20 49 53 20 00 00 56 3F 5A 75 3F 7C 00 55 44   0 IS ~~V?Zu?|~UD
30 42 31 20 20 20 50 53 54 00 00 46 20 5A 75 3F   0B1   PST~~F Zu?
7D 00 1B 44 30 45 31 4D 36 20 43 4F 4D 00 00 56   }~~D0E1M6 COM~~V
3F 5A 75 3F 7D 00 4B 44 30 42 31 20 20 20 50 53   ?Zu?}~KD0B1   PS
54 00 00 2E 73 5A 75 3F 7D 00 15 44 30 42 31 36   T~~.sZu?}~~D0B16
39 20 20 20 20 00 00 2E 3F 5A 75 3F 7D 00 12 44   9    ~~.?Zu?}~~D
30 42 31 20 20 20 4F 43 52 00 00 10 3F 5A 75 3F   0B1   OCR~~~?Zu?
7D 00 32 44 30 42 31 38 38 20 4D 45 44 00 00 56   }~2D0B188 MED~~V
3F 5A 75 3F 7E 00 58 44 30 42 31 20 20 20 50 53   ?Zu?~~XD0B1   PS
54 00 00 42 72 5A 75 3F 7F 00 25 44 30 42 31 20   T~~BrZu?~~%D0B1 
20 20 43 49 4D 00 00 56 3F 5A 75 3F 7F 00 77 44     CIM~~V?Zu?~~wD
30 42 31 20 20 20 50 53 54 00 00 2E 3F 5A 75 3F   0B1   PST~~.?Zu?
3F 00 10 44 30 42 32 20 20 20 4F 43 52 00 00 3C   ?~~D0B2   OCR~~<
3F 5A 75 3F 3F 00 13 44 30 42 31 37 39 20 30 33   ?Zu??~~D0B179 03
32 00 00 10 3F 5A 75 3F 3F 00 2C 44 30 42 31 37   2~~~?Zu??~,D0B17
39 20 4D 43 41 00 00 56 3F 5A 75 3F 3F 00 60 44   9 MCA~~V?Zu??~`D
30 42 31 20 20 20 50 53 54 00 00 10 3F 5A 75 3F   0B1   PST~~~?Zu?
3F 00 20 44 30 42 31 37 39 20 4D 45 44 00 00 10   ?~ D0B179 MED~~~
3F 5A 75 3F 3F 00 26 44 30 42 31 37 36 20 4D 45   ?Zu??~&D0B176 ME
44 00 00 2E 3F 5A 75 3F 3F 00 06 44 30 42 32 20   D~~.?Zu??~~D0B2 
20 20 4F 43 52 00 00 2E 3F 5A 75 3F 3F 00 17 44     OCR~~.?Zu??~~D
30 42 31 20 20 20 4F 43 52 00 00 2E 3F 5A 75 3F   0B1   OCR~~.?Zu?
3F 00 1B 44 30 42 31 20 20 20 4F 43 52 00 00 56   ?~~D0B1   OCR~~V
3F 5A 75 3F 3F 00 3F 44 30 42 31 20 20 20 50 53   ?Zu??~?D0B1   PS
54 00 00 3C 3F 5A 75 3F 3F 00 32 44 30 42 31 20   T~~<?Zu??~2D0B1 
20 20 30 33 32 00 00 56 3F 5A 75 3F 3F 00 79 44     032~~V?Zu??~yD
30 42 31 20 20 20 50 53 54 00 00 2E 3F 5A 75 3F   0B1   PST~~.?Zu?
3F 00 18 44 30 42 31 20 20 20 4F 43 52 00 00 0F   ?~~D0B1   OCR~~~
12 5A 75 3F 3F 00 22 44 30 42 31 20 20 20 41 34   ~Zu??~"D0B1   A4
20 00 00 56 3F 5A 75 3F 3F 00 50 44 30 42 31 20    ~~V?Zu??~PD0B1 
20 20 50 53 54 00 00 49 3F 5A 75 3F 3F 00 39 44     PST~~I?Zu??~9D
30 42 31 20 20 20 50 33 30 00 00 0F 12 5A 75 3F   0B1   P30~~~~Zu?
3F 00 20 44 30 42 31 20 20 20 41 34 20 00 00 2D   ?~ D0B1   A4 ~~-
3F 5A 75 3F 3F 00 08 44 30 45 31 20 20 20 32 32   ?Zu??~~D0E1   22
32 00 00 10 3F 5A 75 3F 3F 00 18 44 30 42 31 37   2~~~?Zu??~~D0B17
30 20 4D 45 44 00 00 0F 12 5A 75 3F 3F 00 1B 44   0 MED~~~~Zu??~~D
30 42 31 20 20 20 41 34 20 00 09 50 3F 5A 75 3F   0B1   A4 ~~P?Zu?
3F 00 26 44 30 42 32 20 20 20 43 53 50 00 09 50   ?~&D0B2   CSP~~P
3F 5A 75 3F 3F 00 34 44 30 42 31 20 20 20 43 53   ?Zu??~4D0B1   CS
50 00 00 56 3F 5A 75 3F 3F 00 4D 44 30 42 31 20   P~~V?Zu??~MD0B1 
20 20 50 53 54 00 09 4F 31 5A 75 3F 3F 00 2C 44     PST~~O1Zu??~,D
30 42 31 37 39 20 39 39 39 00 09 4F 31 5A 75 3F   0B179 999~~O1Zu?
3F 00 2E 44 30 42 31 20 20 20 39 39 39 00 00 2E   ?~.D0B1   999~~.
3F 5A 75 3F 3F 00 08 44 30 42 32 20 20 20 4F 43   ?Zu??~~D0B2   OC
52 00 00 27 3F 5A 75 3F 3F 00 05 44 30 42 31 20   R~~'?Zu??~~D0B1 
20 20 50 50 45 00 00 27 3F 5A 75 3F 3F 00 01 44     PPE~~'?Zu??~~D
30 42 31 20 20 20 50 50 45 00 00 2E 3F 5A 75 3F   0B1   PPE~~.?Zu?
3F 00 0F 44 30 42 31 20 20 20 4F 43 52 00 00 2E   ?~~D0B1   OCR~~.
3F 5A 75 3F 3F 00 17 44 30 42 31 20 20 20 4F 43   ?Zu??~~D0B1   OC
52 00 09 4F 31 5A 75 3F 3F 00 28 44 30 42 31 20   R~~O1Zu??~(D0B1 
20 20 39 39 39 00 00 0F 12 5A 75 3F 3F 00 34 44     999~~~~Zu??~4D
30 42 31 37 39 20 41 34 20 00 00 2E 3F 5A 75 3F   0B179 A4 ~~.?Zu?
3F 00 16 44 30 42 31 20 20 20 4F 43 52 00 00 56   ?~~D0B1   OCR~~V
3F 5A 75 3F 3F 00 7A 44 30 42 31 20 20 20 50 53   ?Zu??~zD0B1   PS
54 00 00 10 3F 5A 75 3F 3F 00 2F 44 30 42 31 20   T~~~?Zu??~/D0B1 
20 20 4D 45 44 00 09 4F 31 5A 75 3F 3F 00 46 44     MED~~O1Zu??~FD
30 42 31 37 30 20 39 39 39 00 00 56 3F 5A 75 3F   0B170 999~~V?Zu?
3F 00 72 44 30 42 31 20 20 20 50 53 54 00 09 4F   ?~rD0B1   PST~~O
31 5A 75 3F 3F 00 2D 44 30 42 31 20 20 20 39 39   1Zu??~-D0B1   99
39 00 09 4F 31 5A 75 3F 3F 00 40 44 30 42 31 37   9~~O1Zu??~@D0B17
30 20 39 39 39 00 00 2B 3F 5A 75 3F 3F 00 44 44   0 999~~+?Zu??~DD
30 42 31 37 30 20 53 43 43 00 00 2E 3F 5A 75 3F   0B170 SCC~~.?Zu?
3F 00 0E 44 30 42 31 20 20 20 4F 43 52 00 00 2E   ?~~D0B1   OCR~~.
3F 5A 75 3F 3F 00 19 44 30 42 31 20 20 20 4F 43   ?Zu??~~D0B1   OC
52 00 00 2E 3F 5A 75 3F 3F 00 16 44 30 42 31 20   R~~.?Zu??~~D0B1 
20 20 4F 43 52 00 00 56 3F 5A 75 3F 3F 00 61 44     OCR~~V?Zu??~aD
30 42 31 20 20 20 50 53 54 00 00 2E 3F 5A 75 3F   0B1   PST~~.?Zu?
3F 00 1B 44 30 42 31 20 20 20 4F 43 52 00 09 4F   ?~~D0B1   OCR~~O
3F 5A 75 3F 3F 00 1B 44 30 42 31 37 36 20 4F 50   ?Zu??~~D0B176 OP
30 00 00 2B 3F 5A 75 3F 3F 00 3C 44 30 42 31 37   0~~+?Zu??~<D0B17
30 20 53 43 43 00 09 4F 3F 5A 75 3F 3F 00 1B 44   0 SCC~~O?Zu??~~D
30 42 31 37 36 20 4F 50 30 00 00 2E 3F 5A 75 3F   0B176 OP0~~.?Zu?
3F 00 06 44 30 42 32 20 20 20 4F 43 52 00 00 56   ?~~D0B2   OCR~~V
3F 5A 75 3F 3F 00 7E 44 30 42 31 20 20 20 50 53   ?Zu??~~D0B1   PS
54 00 00 2E 3F 5A 75 3F 3F 00 0C 44 30 42 32 20   T~~.?Zu??~~D0B2 
20 20 4F 43 52 00 00 2E 3F 5A 75 3F 3F 00 05 44     OCR~~.?Zu??~~D
30 42 32 20 20 20 4F 43 52 00 00 27 3F 5A 75 3F   0B2   OCR~~'?Zu?
3F 00 01 44 30 42 33 20 20 20 50 50 45 00 00 2E   ?~~D0B3   PPE~~.
3F 5A 75 3F 3F 00 0F 44 30 42 32 20 20 20 4F 43   ?Zu??~~D0B2   OC
52 00 00 10 3F 5A 75 3F 3F 00 26 44 30 42 31 20   R~~~?Zu??~&D0B1 
20 20 4D 45 44 00 00 10 3F 5A 75 3F 3F 00 35 44     MED~~~?Zu??~5D
30 42 31 20 20 20 4D 45 44 00 00 2E 3F 5A 75 3F   0B1   MED~~.?Zu?
3F 00 15 44 30 42 31 20 20 20 4F 43 52 00 00 2E   ?~~D0B1   OCR~~.
3F 5A 75 3F 3F 00 13 44 30 42 31 20 20 20 4F 43   ?Zu??~~D0B1   OC
52 00 00 2E 3F 5A 75 3F 3F 00 12 44 30 42 31 20   R~~.?Zu??~~D0B1 
20 20 4F 43 52 00 00 49 3F 5A 75 3F 3F 00 17 44     OCR~~I?Zu??~~D
30 42 31 32 32 20 50 33 30 00 00 2E 3F 5A 75 3F   0B122 P30~~.?Zu?
3F 00 17 44 30 42 31 20 20 20 4F 43 52 00 00 12   ?~~D0B1   OCR~~~
3F 5A 75 3F 3F 00 55 44 30 42 31 44 56 20 59 43   ?Zu??~UD0B1DV YC
42 00 00 10 3F 5A 75 3F 3F 00 34 44 30 42 31 37   B~~~?Zu??~4D0B17
39 20 4D 45 44 00 09 4F 31 5A 75 3F 3F 00 40 44   9 MED~~O1Zu??~@D
30 42 31 20 20 20 39 39 39 00 00 5E 3F 5A 75 3F   0B1   999~~^?Zu?
3F 00 60 44 30 42 31 20 20 20 4F 48 52 00 09 4F   ?~`D0B1   OHR~~O
31 5A 75 3F 3F 00 32 44 30 42 31 20 20 20 39 39   1Zu??~2D0B1   99
39 00 00 56 3F 5A 75 3F 3F 00 3F 44 30 42 31 20   9~~V?Zu??~?D0B1 
20 20 50 53 54 00 00 2D 3F 5A 75 3F 3F 00 04 44     PST~~-?Zu??~~D
30 45 31 35 32 20 32 32 32 00 00 56 3F 5A 75 3F   0E152 222~~V?Zu?
3F 00 71 44 30 42 31 20 20 20 50 53 54 00 00 2E   ?~qD0B1   PST~~.
3F 5A 75 3F 3F 00 0D 44 30 42 31 20 20 20 4F 43   ?Zu??~~D0B1   OC
52 00 00 2E 3F 5A 75 3F 3F 00 0D 44 30 42 32 20   R~~.?Zu??~~D0B2 
20 20 4F 43 52 00 00 27 3F 5A 75 3F 3F 00 05 44     OCR~~'?Zu??~~D
30 42 33 20 20 20 50 50 45 00 00 27 3F 5A 75 3F   0B3   PPE~~'?Zu?
3F 00 01 44 30 42 33 20 20 20 50 50 45 00 00 2E   ?~~D0B3   PPE~~.
3F 5A 75 3F 3F 00 15 44 30 42 31 20 20 20 4F 43   ?Zu??~~D0B1   OC
52 00 00 56 3F 5A 75 3F 3F 00 69 44 30 42 31 20   R~~V?Zu??~iD0B1 
20 20 50 53 54 00 00 47 38 5A 75 3F 3F 00 20 44     PST~~G8Zu??~ D
30 42 31 37 35 20 50 42 4D 00 00 56 3F 5A 75 3F   0B175 PBM~~V?Zu?
3F 00 53 44 30 42 31 20 20 20 50 53 54 00 00 2E   ?~SD0B1   PST~~.
3F 5A 75 3F 3F 00 0F 44 30 42 32 20 20 20 4F 43   ?Zu??~~D0B2   OC
52 00 00 56 3F 5A 75 3F 3F 00 54 44 30 42 31 20   R~~V?Zu??~TD0B1 
20 20 50 53 54 00 00 2E 3F 5A 75 3F 3F 00 14 44     PST~~.?Zu??~~D
30 42 31 20 20 20 4F 43 52 00 00 47 38 5A 75 3F   0B1   OCR~~G8Zu?
3F 00 27 44 30 42 31 20 20 20 50 42 4D 00 00 56   ?~'D0B1   PBM~~V
3F 5A 75 3F 3F 00 7F 44 30 42 31 20 20 20 50 53   ?Zu??~~D0B1   PS
54 00 00 2E 3F 5A 75 3F 3F 00 11 44 30 42 32 20   T~~.?Zu??~~D0B2 
20 20 4F 43 52 00 00 2E 3F 5A 75 3F 3F 00 17 44     OCR~~.?Zu??~~D
30 42 31 37 30 20 4F 43 52 00 09 50 3F 5A 75 3F   0B170 OCR~~P?Zu?
3F 00 34 44 30 42 31 20 20 20 4D 45 44 00 09 51   ?~4D0B1   MED~~Q
3F 5A 75 3F 3F 00 1B 44 30 42 31 20 20 20 57 41   ?Zu??~~D0B1   WA
50 00 00 2E 3F 5A 75 3F 3F 00 13 44 30 42 31 20   P~~.?Zu??~~D0B1 
20 20 4F 43 52 00 00 2E 3F 5A 75 3F 3F 00 18 44     OCR~~.?Zu??~~D
30 42 31 37 38 20 4F 43 52 00 00 2E 3F 5A 75 3F   0B178 OCR~~.?Zu?
3F 00 0F 44 30 42 31 20 20 20 4F 43 52 00 00 56   ?~~D0B1   OCR~~V
3F 5A 75 3F 3F 00 60 44 30 42 31 20 20 20 50 53   ?Zu??~`D0B1   PS
54 00 00 27 3F 5A 75 3F 3F 00 01 44 30 42 33 20   T~~'?Zu??~~D0B3 
20 20 50 50 45 00 00 3C 3F 5A 75 3F 3F 00 2E 44     PPE~~<?Zu??~.D
30 42 31 20 20 20 30 33 32 00 00 2E 3F 5A 75 3F   0B1   032~~.?Zu?
3F 00 19 44 30 42 31 20 20 20 4F 43 52 00 00 2E   ?~~D0B1   OCR~~.
3F 5A 75 3F 3F 00 15 44 30 42 31 20 20 20 4F 43   ?Zu??~~D0B1   OC
52 00 09 4F 31 5A 75 3F 3F 00 41 44 30 42 31 37   R~~O1Zu??~AD0B17
30 20 39 39 39 00 00 56 3F 5A 75 3F 3F 00 5B 44   0 999~~V?Zu??~[D
30 42 31 20 20 20 50 53 54 00 00 10 3F 5A 75 3F   0B1   PST~~~?Zu?
3F 00 20 44 30 42 31 38 38 20 4D 45 44 00 00 56   ?~ D0B188 MED~~V
3F 5A 75 3F 3F 00 57 44 30 42 31 20 20 20 50 53   ?Zu??~WD0B1   PS
54 00 00 2E 3F 5A 75 3F 3F 00 20 44 30 42 31 20   T~~.?Zu??~ D0B1 
20 20 4F 43 52 00 00 27 3F 5A 75 3F 3F 00 01 44     OCR~~'?Zu??~~D
30 42 31 20 20 20 50 50 45 00 00 3C 3F 5A 75 3F   0B1   PPE~~<?Zu?
3F 00 11 44 30 42 31 34 31 20 30 35 34 00 00 2E   ?~~D0B141 054~~.
3F 5A 75 3F 3F 00 10 44 30 42 32 20 20 20 4F 43   ?Zu??~~D0B2   OC
52 00 00 10 3F 5A 75 3F 3F 00 2C 44 30 42 31 20   R~~~?Zu??~,D0B1 
20 20 4D 45 44 00 00 27 3F 5A 75 3F 3F 00 05 44     MED~~'?Zu??~~D
30 42 31 20 20 20 50 50 45 00 00 10 3F 5A 75 3F   0B1   PPE~~~?Zu?
3F 00 17 44 30 42 31 35 32 20 41 44 56 00 00 10   ?~~D0B152 ADV~~~
3F 5A 75 3F 3F 00 20 44 30 42 31 38 38 20 4D 45   ?Zu??~ D0B188 ME
44 00 00 3C 3F 5A 75 3F 3F 00 16 44 30 42 31 34   D~~<?Zu??~~D0B14
31 20 30 35 34 00 00 2D 3F 5A 75 3F 3F 00 06 44   1 054~~-?Zu??~~D
30 45 31 20 20 20 32 32 32 00 00 2E 3F 5A 75 3F   0E1   222~~.?Zu?
3F 00 18 44 30 42 31 20 20 20 4F 43 52 00 00 10   ?~~D0B1   OCR~~~
3F 5A 75 3F 3F 00 18 44 30 42 31 35 32 20 41 44   ?Zu??~~D0B152 AD
56 00 00 2E 3F 5A 75 3F 3F 00 1A 44 30 42 31 20   V~~.?Zu??~~D0B1 
20 20 4F 43 52 00 00 42 72 5A 75 3F 3F 00 22 44     OCR~~BrZu??~"D
30 42 31 37 30 20 43 49 4D 00 00 2E 3F 5A 75 3F   0B170 CIM~~.?Zu?
3F 00 12 44 30 42 31 20 20 20 4F 43 52 00 00 2E   ?~~D0B1   OCR~~.
3F 5A 75 3F 3F 00 15 44 30 42 31 20 20 20 4F 43   ?Zu??~~D0B1   OC
52 00 00 2E 3F 5A 75 3F 3F 00 19 44 30 42 31 20   R~~.?Zu??~~D0B1 
20 20 4F 43 52 00 09 4E 3F 5A 75 3F 3F 00 28 44     OCR~~N?Zu??~(D
30 42 31 20 20 20 4D 45 44 00 09 4E 3F 5A 75 3F   0B1   MED~~N?Zu?
3F 00 1E 44 30 42 31 34 34 20 4D 45 44 00 00 47   ?~~D0B144 MED~~G
38 5A 75 3F 3F 00 1F 44 30 42 31 37 36 20 50 42   8Zu??~~D0B176 PB
4D 00 00 10 32 5A 75 3F 3F 00 3F 44 30 42 31 20   M~~~2Zu??~?D0B1 
20 20 20 20 20 00 09 4F 31 5A 75 3F 3F 00 3F 44        ~~O1Zu??~?D
30 42 31 37 30 20 39 39 39 00 00 10 3F 5A 75 3F   0B170 999~~~?Zu?
3F 00 34 44 30 42 31 20 20 20 4D 45 44 00 00 4C   ?~4D0B1   MED~~L
3F 5A 75 3F 3F 00 3F 44 30 42 31 20 20 20 30 37   ?Zu??~?D0B1   07
36 00 00 3C 3F 5A 75 3F 3F 00 3F 44 30 42 31 20   6~~<?Zu??~?D0B1 
20 20 30 33 32 00 00 2E 3F 5A 75 3F 3F 00 1A 44     032~~.?Zu??~~D
30 42 31 37 36 20 4F 43 52 00 00 2D 3F 5A 75 3F   0B176 OCR~~-?Zu?
3F 00 07 44 30 45 31 35 32 20 32 32 32 00 00 2E   ?~~D0E152 222~~.
3F 5A 75 3F 3F 00 0E 44 30 42 32 20 20 20 4F 43   ?Zu??~~D0B2   OC
52 00 00 10 3F 5A 75 3F 3F 00 45 44 30 42 31 20   R~~~?Zu??~ED0B1 
20 20 4D 45 44 00 00 2E 3F 5A 75 3F 3F 00 11 44     MED~~.?Zu??~~D
30 42 32 20 20 20 4F 43 52 00 00 2E 3F 5A 75 3F   0B2   OCR~~.?Zu?
3F 00 0C 44 30 42 32 20 20 20 4F 43 52 00 00 2E   ?~~D0B2   OCR~~.
3F 5A 75 3F 3F 00 10 44 30 42 32 20 20 20 4F 43   ?Zu??~~D0B2   OC
52 00 00 4E 3F 5A 75 3F 3F 00 26 44 30 42 31 37   R~~N?Zu??~&D0B17
39 20 46 4D 20 00 09 50 3F 5A 75 3F 3F 00 29 44   9 FM ~~P?Zu??~)D
30 42 31 38 38 20 4D 45 44 00 00 2E 3F 5A 75 3F   0B188 MED~~.?Zu?
3F 00 06 44 30 42 32 20 20 20 4F 43 52 00 00 10   ?~~D0B2   OCR~~~
3F 5A 75 3F 3F 00 1D 44 30 42 31 37 39 20 4D 45   ?Zu??~~D0B179 ME
44 00 00 2E 3F 5A 75 3F 3F 00 16 44 30 42 32 20   D~~.?Zu??~~D0B2 
20 20 4F 43 52 00 09 4F 31 5A 75 3F 3F 00 4E 44     OCR~~O1Zu??~ND
30 42 31 37 30 20 39 39 39 00 00 2E 3F 5A 75 3F   0B170 999~~.?Zu?
3F 00 15 44 30 42 31 20 20 20 4F 43 52 00 00 2E   ?~~D0B1   OCR~~.
3F 5A 75 3F 3F 00 15 44 30 42 31 20 20 20 4F 43   ?Zu??~~D0B1   OC
52 00 00 10 3F 5A 75 3F 3F 00 36 44 30 42 31 20   R~~~?Zu??~6D0B1 
20 20 4D 45 44 00 09 4F 74 5A 75 3F 3F 00 53 44     MED~~OtZu??~SD
30 42 31 38 38 20 44 52 57 00 00 27 3F 5A 75 3F   0B188 DRW~~'?Zu?
13 00 01 44 30 42 31 20 20 20 50 50 45 00 00 27   ~~~D0B1   PPE~~'
3F 5A 75 3F 13 00 01 44 30 42 32 20 20 20 50 50   ?Zu?~~~D0B2   PP
45 00 00 27 3F 5A 75 3F 13 00 01 44 30 42 32 20   E~~'?Zu?~~~D0B2 
20 20 50 50 45 00 00 27 3F 5A 75 3F 13 00 01 44     PPE~~'?Zu?~~~D
30 42 32 20 20 20 50 50 45 00 00 27 3F 5A 75 3F   0B2   PPE~~'?Zu?
13 00 05 44 30 42 31 20 20 20 50 50 45 00 00 27   ~~~D0B1   PPE~~'
3F 5A 75 3F 13 00 05 44 30 42 32 20 20 20 50 50   ?Zu?~~~D0B2   PP
45 00 00 27 3F 5A 75 3F 13 00 01 44 30 42 31 20   E~~'?Zu?~~~D0B1 
20 20 50 50 45 00 00 27 3F 5A 75 3F 13 00 06 44     PPE~~'?Zu?~~~D
30 42 32 20 20 20 50 50 45 00 00 27 3F 5A 75 3F   0B2   PPE~~'?Zu?
13 00 05 44 30 42 32 20 20 20 50 50 45 00 00 27   ~~~D0B2   PPE~~'
3F 5A 75 3F 13 00 01 44 30 42 32 20 20 20 50 50   ?Zu?~~~D0B2   PP
45 00 00 2E 3F 5A 75 3F 13 00 1A 44 30 42 31 20   E~~.?Zu?~~~D0B1 
20 20 4F 43 52 00 00 27 3F 5A 75 3F 13 00 01 44     OCR~~'?Zu?~~~D
30 42 32 20 20 20 50 50 45 00 00 27 3F 5A 75 3F   0B2   PPE~~'?Zu?
13 00 05 44 30 42 32 20 20 20 50 50 45 00 00 27   ~~~D0B2   PPE~~'
3F 5A 75 3F 13 00 05 44 30 42 32 20 20 20 50 50   ?Zu?~~~D0B2   PP
45 00 00 27 3F 5A 75 3F 13 00 01 44 30 42 32 20   E~~'?Zu?~~~D0B2 
20 20 50 50 45 00 00 27 3F 5A 75 3F 13 00 01 44     PPE~~'?Zu?~~~D
30 42 32 20 20 20 50 50 45 00 00 27 3F 5A 75 3F   0B2   PPE~~'?Zu?
14 00 0A 44 30 42 31 20 20 20 50 50 45 00 00 27   ~~~D0B1   PPE~~'
3F 5A 75 3F 14 00 01 44 30 42 31 20 20 20 50 50   ?Zu?~~~D0B1   PP
45 00 00 27 3F 5A 75 3F 14 00 05 44 30 42 31 20   E~~'?Zu?~~~D0B1 
20 20 50 50 45 00 00 27 3F 5A 75 3F 14 00 01 44     PPE~~'?Zu?~~~D
30 42 31 20 20 20 50 50 45 00 00 27 3F 5A 75 3F   0B1   PPE~~'?Zu?
14 00 01 44 30 42 31 20 20 20 50 50 45 00 00 58   ~~~D0B1   PPE~~X
3F 5A 75 3F 14 00 0A 44 30 42 31 31 39 20 36 33   ?Zu?~~~D0B119 63
33 00 00 27 3F 5A 75 3F 14 00 05 44 30 42 31 20   3~~'?Zu?~~~D0B1 
20 20 50 50 45 00 00 27 3F 5A 75 3F 14 00 01 44     PPE~~'?Zu?~~~D
30 42 31 20 20 20 50 50 45 00 00 27 3F 5A 75 3F   0B1   PPE~~'?Zu?
14 00 06 44 30 42 31 20 20 20 50 50 45 00 00 27   ~~~D0B1   PPE~~'
3F 5A 75 3F 15 00 05 44 30 42 31 20 20 20 50 50   ?Zu?~~~D0B1   PP
45 00 00 27 3F 5A 75 3F 15 00 05 44 30 42 31 20   E~~'?Zu?~~~D0B1 
20 20 50 50 45 00 00 27 3F 5A 75 3F 15 00 05 44     PPE~~'?Zu?~~~D
30 42 31 20 20 20 50 50 45 00 00 27 3F 5A 75 3F   0B1   PPE~~'?Zu?
15 00 01 44 30 42 31 20 20 20 50 50 45 00 00 27   ~~~D0B1   PPE~~'
3F 5A 75 3F 15 00 05 44 30 42 31 20 20 20 50 50   ?Zu?~~~D0B1   PP
45 00 00 27 3F 5A 75 3F 15 00 05 44 30 42 31 20   E~~'?Zu?~~~D0B1 
20 20 50 50 45 00 00 27 3F 5A 75 3F 15 00 05 44     PPE~~'?Zu?~~~D
30 42 31 20 20 20 50 50 45 00 00 27 3F 5A 75 3F   0B1   PPE~~'?Zu?
16 00 05 44 30 42 31 20 20 20 50 50 45 00 00 27   ~~~D0B1   PPE~~'
3F 5A 75 3F 16 00 05 44 30 42 31 20 20 20 50 50   ?Zu?~~~D0B1   PP
45 00 00 27 3F 5A 75 3F 16 00 05 44 30 42 31 20   E~~'?Zu?~~~D0B1 
20 20 50 50 45 00 00 27 3F 5A 75 3F 16 00 06 44     PPE~~'?Zu?~~~D
30 42 31 20 20 20 50 50 45 00 00 27 3F 5A 75 3F   0B1   PPE~~'?Zu?
16 00 01 44 30 42 31 20 20 20 50 50 45 00 00 27   ~~~D0B1   PPE~~'
3F 5A 75 3F 16 00 01 44 30 42 31 20 20 20 50 50   ?Zu?~~~D0B1   PP
45 00 00 27 3F 5A 75 3F 16 00 05 44 30 42 31 20   E~~'?Zu?~~~D0B1 
20 20 50 50 45 00 00 27 3F 5A 75 3F 16 00 01 44     PPE~~'?Zu?~~~D
30 42 31 20 20 20 50 50 45 00 00 27 3F 5A 75 3F   0B1   PPE~~'?Zu?
17 00 05 44 30 42 31 20 20 20 50 50 45 00 00 27   ~~~D0B1   PPE~~'
3F 5A 75 3F 17 00 01 44 30 42 31 20 20 20 50 50   ?Zu?~~~D0B1   PP
45 00 00 27 3F 5A 75 3F 17 00 01 44 30 42 31 20   E~~'?Zu?~~~D0B1 
20 20 50 50 45 00 00 27 3F 5A 75 3F 17 00 01 44     PPE~~'?Zu?~~~D
30 42 31 20 20 20 50 50 45 00 00 27 3F 5A 75 3F   0B1   PPE~~'?Zu?
17 00 01 44 30 42 31 20 20 20 50 50 45 00 00 27   ~~~D0B1   PPE~~'
3F 5A 75 3F 17 00 01 44 30 42 31 20 20 20 50 50   ?Zu?~~~D0B1   PP
45 00 00 27 3F 5A 75 3F 17 00 05 44 30 42 31 20   E~~'?Zu?~~~D0B1 
20 20 50 50 45 00 00 27 3F 5A 75 3F 17 00 01 44     PPE~~'?Zu?~~~D
30 42 31 20 20 20 50 50 45 00 00 27 3F 5A 75 3F   0B1   PPE~~'?Zu?
18 00 01 44 30 42 31 20 20 20 50 50 45 00 00 27   ~~~D0B1   PPE~~'
3F 5A 75 3F 18 00 05 44 30 42 31 20 20 20 50 50   ?Zu?~~~D0B1   PP
45 00 00 27 3F 5A 75 3F 18 00 01 44 30 42 31 20   E~~'?Zu?~~~D0B1 
20 20 50 50 45 00 00 2E 3F 5A 75 3F 18 00 08 44     PPE~~.?Zu?~~~D
30 42 32 20 20 20 4F 43 52 00 00 27 3F 5A 75 3F   0B2   OCR~~'?Zu?
18 00 05 44 30 42 31 20 20 20 50 50 45 00 00 2E   ~~~D0B1   PPE~~.
3F 5A 75 3F 18 00 0C 44 30 42 32 20 20 20 4F 43   ?Zu?~~~D0B2   OC
52 00 00 2E 3F 5A 75 3F 18 00 07 44 30 42 32 20   R~~.?Zu?~~~D0B2 
20 20 4F 43 52 00 00 27 3F 5A 75 3F 18 00 05 44     OCR~~'?Zu?~~~D
30 42 31 20 20 20 50 50 45 00 00 2E 3F 5A 75 3F   0B1   PPE~~.?Zu?
18 00 18 44 30 42 31 20 20 20 4F 43 52 00 00 27   ~~~D0B1   OCR~~'
3F 5A 75 3F 18 00 01 44 30 42 32 20 20 20 50 50   ?Zu?~~~D0B2   PP
45 00 00 2E 3F 5A 75 3F 18 00 0D 44 30 42 32 20   E~~.?Zu?~~~D0B2 
20 20 4F 43 52 00 00 27 3F 5A 75 3F 18 00 05 44     OCR~~'?Zu?~~~D
30 42 31 20 20 20 50 50 45 00 00 27 3F 5A 75 3F   0B1   PPE~~'?Zu?
18 00 05 44 30 42 31 20 20 20 50 50 45 00 00 27   ~~~D0B1   PPE~~'
3F 5A 75 3F 18 00 01 44 30 42 32 20 20 20 50 50   ?Zu?~~~D0B2   PP
45 00 00 4C 3F 5A 75 3F 19 00 48 44 30 42 31 37   E~~L?Zu?~~HD0B17
35 20 30 31 39 00 00 27 3F 5A 75 3F 19 00 05 44   5 019~~'?Zu?~~~D
30 42 31 20 20 20 50 50 45 00 00 27 3F 5A 75 3F   0B1   PPE~~'?Zu?
19 00 01 44 30 42 31 20 20 20 50 50 45 00 00 5E   ~~~D0B1   PPE~~^
3F 5A 75 3F 19 00 64 44 30 42 31 38 38 20 4F 48   ?Zu?~~dD0B188 OH
52 00 00 27 3F 5A 75 3F 19 00 09 44 30 42 32 20   R~~'?Zu?~~~D0B2 
20 20 50 50 45 00 00 27 3F 5A 75 3F 19 00 01 44     PPE~~'?Zu?~~~D
30 42 31 20 20 20 50 50 45 00 00 27 3F 5A 75 3F   0B1   PPE~~'?Zu?
19 00 06 44 30 42 31 20 20 20 50 50 45 00 00 27   ~~~D0B1   PPE~~'
3F 5A 75 3F 19 00 05 44 30 42 32 20 20 20 50 50   ?Zu?~~~D0B2   PP
03                                                ~