
02 31 35 30 36 37 30 31 36 34 35 43 58 30 42 00   ~1506701645CX0B~
00 31 30 54 50 30 30 30 30 5A 58 30 33 57 4C 47   ~10TP0000ZX03WLG
52 1C 0B 56 32 00 00 01 3F 01 3F 07 3F 00 02 00   R~~V2~~~?~?~?~~~
02 00 0D 00 22 00 32 00 59 00 00 00 23 55 3F 3F   ~~~~"~2~Y~~~#U??
01 00 41 00 49 00 00 39 2E 00 00 4A 3F 5A 75 3F   ~~A~I~~9.~~J?Zu?
75 00 32 44 30 42 31 37 38 43 4E 52 58 00 09 4F   u~2D0B178CNRX~~O
31 5A 75 3F 75 00 47 44 30 42 31 20 20 39 39 39   1Zu?u~GD0B1  999
39 00 00 3C 3F 5A 75 3F 75 00 62 44 30 42 31 20   9~~<?Zu?u~bD0B1 
20 30 33 32 30 00 00 13 33 5A 75 3F 75 00 58 44    0320~~~3Zu?u~XD
30 42 31 20 20 41 4C 42 43 00 00 10 3F 5A 75 3F   0B1  ALBC~~~?Zu?
75 00 49 44 30 42 31 20 20 41 44 56 20 00 00 30   u~ID0B1  ADV ~~0
18 5A 75 3F 75 00 3F 44 30 42 31 20 20 50 41 52   ~Zu?u~?D0B1  PAR
54 00 09 4F 3F 5A 75 3F 75 00 42 44 30 42 31 20   T~~O?Zu?u~BD0B1 
20 46 45 50 52 00 00 3C 3F 5A 75 3F 75 00 2B 44    FEPR~~<?Zu?u~+D
30 42 31 37 39 30 33 32 30 00 09 4E 3F 5A 75 3F   0B1790320~~N?Zu?
75 00 39 44 30 42 31 20 20 56 44 5A 20 00 00 10   u~9D0B1  VDZ ~~~
3F 5A 75 3F 75 00 2B 44 30 42 31 37 39 41 44 56   ?Zu?u~+D0B179ADV
20 00 00 10 3F 5A 75 3F 75 00 13 44 30 42 31 4E    ~~~?Zu?u~~D0B1N
4E 4D 45 44 44 00 00 0F 12 5A 75 3F 75 00 0F 44   NMEDD~~~~Zu?u~~D
30 42 32 20 20 41 34 20 20 00 00 4E 3F 5A 75 3F   0B2  A4  ~~N?Zu?
75 00 1A 44 30 42 32 20 20 49 53 20 20 00 00 10   u~~D0B2  IS  ~~~
3F 5A 75 3F 75 00 38 44 30 42 31 20 20 41 44 56   ?Zu?u~8D0B1  ADV
20 00 00 0F 12 5A 75 3F 76 00 4F 44 30 42 31 20    ~~~~Zu?v~OD0B1 
20 41 34 20 20 00 00 2E 73 5A 75 3F 76 00 32 44    A4  ~~.sZu?v~2D
30 42 31 20 20 56 44 5A 20 00 00 10 3F 5A 75 3F   0B1  VDZ ~~~?Zu?
76 00 37 44 30 42 31 37 36 41 44 56 20 00 00 58   v~7D0B176ADV ~~X
3F 5A 75 3F 76 00 67 44 30 42 31 20 20 36 33 33   ?Zu?v~gD0B1  633
34 00 09 4F 31 5A 75 3F 76 00 4B 44 30 42 31 37   4~~O1Zu?v~KD0B17
39 39 39 39 39 00 09 4E 3F 5A 75 3F 76 00 2E 44   99999~~N?Zu?v~.D
30 42 31 37 39 56 44 5A 20 00 09 4F 3F 5A 75 3F   0B179VDZ ~~O?Zu?
76 00 39 44 30 42 31 20 20 30 32 33 30 00 09 4E   v~9D0B1  0230~~N
3F 5A 75 3F 76 00 3A 44 30 42 31 20 20 43 54 52   ?Zu?v~:D0B1  CTR
58 00 00 0F 3F 5A 75 3F 76 00 45 44 30 42 31 20   X~~~?Zu?v~ED0B1 
20 34 33 20 31 00 00 3C 3F 5A 75 3F 76 00 39 44    43 1~~<?Zu?v~9D
30 42 31 20 20 30 33 32 30 00 09 4F 3F 5A 75 3F   0B1  0320~~O?Zu?
76 00 23 44 30 42 32 20 20 46 45 50 52 00 09 4E   v~#D0B2  FEPR~~N
3F 5A 75 3F 76 00 3A 44 30 42 31 20 20 4D 45 44   ?Zu?v~:D0B1  MED
44 00 09 4F 3F 5A 75 3F 76 00 16 44 30 42 32 20   D~~O?Zu?v~~D0B2 
20 46 45 50 52 00 00 42 72 5A 75 3F 76 00 3B 44    FEPR~~BrZu?v~;D
30 42 31 20 20 30 35 31 38 00 00 10 3F 5A 75 3F   0B1  0518~~~?Zu?
76 00 1C 44 30 42 32 20 20 4D 45 44 44 00 00 37   v~~D0B2  MEDD~~7
63 5A 75 3F 76 00 5A 44 30 42 31 20 20 39 37 34   cZu?v~ZD0B1  974
33 00 00 2A 74 5A 75 3F 76 00 41 44 30 42 31 37   3~~*tZu?v~AD0B17
30 42 50 50 52 00 00 4E 3F 5A 75 3F 76 00 2B 44   0BPPR~~N?Zu?v~+D
30 42 31 35 32 49 52 58 43 00 09 51 3F 5A 75 3F   0B152IRXC~~Q?Zu?
76 00 36 44 30 42 31 35 36 30 32 31 30 00 00 4E   v~6D0B1560210~~N
3F 5A 75 3F 76 00 51 44 30 42 31 20 20 49 53 20   ?Zu?v~QD0B1  IS 
20 00 09 4E 3F 5A 75 3F 76 00 3A 44 30 42 31 20    ~~N?Zu?v~:D0B1 
20 56 44 5A 20 00 00 5E 3F 5A 75 3F 76 00 3F 44    VDZ ~~^?Zu?v~?D
30 42 31 20 20 4F 48 52 58 00 09 4F 3F 5A 75 3F   0B1  OHRX~~O?Zu?
76 00 43 44 30 42 31 20 20 39 39 39 39 00 00 39   v~CD0B1  9999~~9
3F 5A 75 3F 76 00 2C 44 30 42 31 38 35 43 4F 4D   ?Zu?v~,D0B185COM
46 00 00 40 73 5A 75 3F 76 00 1C 44 30 42 32 20   F~~@sZu?v~~D0B2 
20 48 5A 52 58 00 00 2D 20 5A 75 3F 76 00 20 44    HZRX~~- Zu?v~ D
30 42 32 20 20 42 43 54 58 00 09 4E 3F 5A 75 3F   0B2  BCTX~~N?Zu?
76 00 1C 44 30 42 32 20 20 49 52 58 20 00 09 4F   v~~D0B2  IRX ~~O
3F 5A 75 3F 76 00 5B 44 30 42 32 20 20 46 57 20   ?Zu?v~[D0B2  FW 
20 00 00 3E 7B 5A 75 3F 76 00 3F 44 30 42 32 20    ~~>{Zu?v~?D0B2 
20 47 44 43 20 00 00 10 3F 5A 75 3F 76 00 40 44    GDC ~~~?Zu?v~@D
30 42 31 37 30 4D 45 44 44 00 09 4E 3F 5A 75 3F   0B170MEDD~~N?Zu?
76 00 4E 44 30 42 31 20 20 43 52 4B 20 00 09 4F   v~ND0B1  CRK ~~O
31 5A 75 3F 76 00 38 44 30 42 31 37 39 39 39 39   1Zu?v~8D0B179999
39 00 00 25 53 5A 75 3F 76 00 48 44 30 42 32 20   9~~%SZu?v~HD0B2 
20 4D 41 53 53 00 09 4F 3F 5A 75 3F 76 00 41 44    MASS~~O?Zu?v~AD
30 42 31 20 20 39 39 39 39 00 0C 35 04 5A 75 3F   0B1  9999~~5~Zu?
76 00 54 44 30 42 31 32 38 30 30 38 31 00 09 4F   v~TD0B1280081~~O
3F 5A 75 3F 76 00 3C 44 30 42 31 20 20 39 39 39   ?Zu?v~<D0B1  999
39 00 09 50 3F 5A 75 3F 76 00 48 44 30 42 31 20   9~~P?Zu?v~HD0B1 
20 30 30 36 37 00 09 4F 3F 5A 75 3F 76 01 5B 44    0067~~O?Zu?v~[D
30 42 31 20 20 4E 59 4D 20 00 09 4E 3F 5A 75 3F   0B1  NYM ~~N?Zu?
76 00 35 44 30 42 31 37 39 46 53 57 43 00 00 4B   v~5D0B179FSWC~~K
3F 5A 75 3F 76 00 46 44 30 42 31 20 20 57 43 41   ?Zu?v~FD0B1  WCA
52 00 09 4F 3F 5A 75 3F 76 00 44 44 30 42 32 20   R~~O?Zu?v~DD0B2 
20 46 57 20 20 00 00 29 53 5A 75 3F 76 00 61 44    FW  ~~)SZu?v~aD
30 42 31 34 31 4F 4B 41 30 00 09 50 3F 5A 75 3F   0B141OKA0~~P?Zu?
76 00 42 44 30 42 32 20 20 43 53 50 44 00 00 32   v~BD0B2  CSPD~~2
21 5A 75 3F 76 00 26 44 30 42 31 36 39 46 4C 42   !Zu?v~&D0B169FLB
43 00 09 4E 3F 5A 75 3F 76 00 14 44 30 42 32 20   C~~N?Zu?v~~D0B2 
20 56 44 5A 20 00 00 10 3F 5A 75 3F 76 00 33 44    VDZ ~~~?Zu?v~3D
30 42 31 36 43 41 44 56 20 00 09 4E 3F 5A 75 3F   0B16CADV ~~N?Zu?
76 00 17 44 30 42 31 45 37 56 44 5A 20 00 00 10   v~~D0B1E7VDZ ~~~
3F 5A 75 3F 76 00 35 44 30 42 31 20 20 4D 43 41   ?Zu?v~5D0B1  MCA
49 00 00 10 3F 5A 75 3F 76 00 27 44 30 42 31 20   I~~~?Zu?v~'D0B1 
20 4D 45 44 44 00 00 06 11 5A 75 3F 76 00 30 44    MEDD~~~~Zu?v~0D
30 42 31 32 32 54 4E 4D 20 00 09 4E 3F 5A 75 3F   0B122TNM ~~N?Zu?
76 00 24 44 30 42 31 36 39 49 52 58 20 00 00 10   v~$D0B169IRX ~~~
3F 5A 75 3F 76 00 2B 44 30 42 31 35 34 41 44 56   ?Zu?v~+D0B154ADV
20 00 09 50 3F 5A 75 3F 76 00 41 44 30 42 31 20    ~~P?Zu?v~AD0B1 
20 39 39 39 39 00 00 58 3F 5A 75 3F 76 00 3F 44    9999~~X?Zu?v~?D
30 42 31 38 38 36 33 33 34 00 09 4F 31 5A 75 3F   0B1886334~~O1Zu?
76 00 46 44 30 42 31 20 20 39 39 39 39 00 00 2D   v~FD0B1  9999~~-
20 5A 75 3F 76 00 1B 44 30 42 31 4E 4E 49 4C 44    Zu?v~~D0B1NNILD
52 00 00 10 3F 5A 75 3F 76 00 31 44 30 42 31 20   R~~~?Zu?v~1D0B1 
20 41 44 56 20 00 00 22 3F 5A 75 3F 76 00 31 44    ADV ~~"?Zu?v~1D
30 42 31 20 20 57 44 52 58 00 09 4E 3F 5A 75 3F   0B1  WDRX~~N?Zu?
76 00 16 44 30 42 32 20 20 56 44 5A 20 00 00 10   v~~D0B2  VDZ ~~~
3F 5A 75 3F 76 00 38 44 30 42 31 38 38 4D 43 41   ?Zu?v~8D0B188MCA
49 00 00 0F 12 5A 75 3F 76 00 5C 44 30 42 31 38   I~~~~Zu?v~\D0B18
38 41 34 20 20 00 00 2D 20 5A 75 3F 76 00 39 44   8A4  ~~- Zu?v~9D
30 42 31 20 20 42 43 54 58 00 00 5E 3F 5A 75 3F   0B1  BCTX~~^?Zu?
76 00 71 44 30 42 31 20 20 4F 48 52 58 00 09 50   v~qD0B1  OHRX~~P
3F 5A 75 3F 76 00 56 44 30 42 31 37 35 30 30 36   ?Zu?v~VD0B175006
37 00 00 4E 3F 5A 75 3F 76 00 19 44 30 42 32 20   7~~N?Zu?v~~D0B2 
20 57 47 20 20 00 00 0E 42 5A 75 3F 76 00 07 44    WG  ~~~BZu?v~~D
30 42 31 38 38 36 34 20 20 00 00 3C 3F 5A 75 3F   0B18864  ~~<?Zu?
76 00 11 44 30 42 32 20 20 30 33 32 30 00 09 4F   v~~D0B2  0320~~O
3F 5A 75 3F 76 00 33 44 30 42 32 20 20 39 39 39   ?Zu?v~3D0B2  999
39 00 00 10 3F 5A 75 3F 76 00 36 44 30 42 31 20   9~~~?Zu?v~6D0B1 
20 4D 45 44 44 00 00 10 3F 5A 75 3F 76 00 0A 44    MEDD~~~?Zu?v~~D
30 42 32 20 20 4D 45 44 44 00 09 4E 3F 5A 75 3F   0B2  MEDD~~N?Zu?
76 00 47 44 30 42 31 37 35 56 44 5A 20 00 09 4F   v~GD0B175VDZ ~~O
3F 5A 75 3F 76 00 24 44 30 42 32 20 20 39 39 39   ?Zu?v~$D0B2  999
39 00 00 40 73 5A 75 3F 76 00 2D 44 30 42 31 20   9~~@sZu?v~-D0B1 
20 48 5A 52 58 00 00 4E 3F 5A 75 3F 76 00 2A 44    HZRX~~N?Zu?v~*D
30 42 31 20 20 46 47 20 20 00 00 10 3F 5A 75 3F   0B1  FG  ~~~?Zu?
76 00 4F 44 30 42 31 37 30 4D 45 44 44 00 00 10   v~OD0B170MEDD~~~
3F 5A 75 3F 76 00 31 44 30 42 31 20 20 41 44 56   ?Zu?v~1D0B1  ADV
20 00 09 4F 31 5A 75 3F 76 00 62 44 30 42 31 20    ~~O1Zu?v~bD0B1 
20 39 39 39 39 00 00 4C 3F 5A 75 3F 76 01 0B 44    9999~~L?Zu?v~~D
30 42 31 20 20 30 36 30 33 00 00 2D 20 5A 75 3F   0B1  0603~~- Zu?
76 00 3D 44 30 42 31 20 20 31 32 31 35 00 09 50   v~=D0B1  1215~~P
3F 5A 75 3F 76 00 3A 44 30 42 31 20 20 4D 45 44   ?Zu?v~:D0B1  MED
44 00 09 4F 31 5A 75 3F 76 00 0B 44 30 42 32 20   D~~O1Zu?v~~D0B2 
20 39 39 39 39 00 09 4F 3F 5A 75 3F 76 00 3F 44    9999~~O?Zu?v~?D
30 42 31 20 20 30 30 30 30 00 00 42 72 5A 75 3F   0B1  0000~~BrZu?
76 00 4E 44 30 42 31 37 35 30 32 31 35 00 00 0F   v~ND0B1750215~~~
3F 5A 75 3F 76 00 34 44 30 42 32 20 20 34 33 20   ?Zu?v~4D0B2  43 
31 00 00 10 3F 5A 75 3F 76 00 45 44 30 42 31 37   1~~~?Zu?v~ED0B17
30 41 44 56 20 00 00 4E 3F 5A 75 3F 76 00 32 44   0ADV ~~N?Zu?v~2D
30 42 31 37 39 49 53 20 20 00 00 10 3F 5A 75 3F   0B179IS  ~~~?Zu?
77 00 15 44 30 42 31 37 37 4D 43 41 49 00 09 4F   w~~D0B177MCAI~~O
3F 5A 75 3F 77 00 51 44 30 42 31 20 20 46 45 50   ?Zu?w~QD0B1  FEP
52 00 09 4E 3F 5A 75 3F 77 00 3A 44 30 42 31 20   R~~N?Zu?w~:D0B1 
20 56 44 5A 20 00 09 4F 3F 5A 75 3F 77 00 69 44    VDZ ~~O?Zu?w~iD
30 42 32 20 20 48 44 20 20 00 00 0F 12 5A 75 3F   0B2  HD  ~~~~Zu?
77 00 11 44 30 42 32 20 20 41 34 20 20 00 00 32   w~~D0B2  A4  ~~2
21 5A 75 3F 77 00 1F 44 30 42 32 20 20 46 4C 42   !Zu?w~~D0B2  FLB
43 00 09 4F 3F 5A 75 3F 77 00 3F 44 30 42 31 37   C~~O?Zu?w~?D0B17
39 4D 43 53 52 00 09 4E 3F 5A 75 3F 77 00 40 44   9MCSR~~N?Zu?w~@D
30 42 31 20 20 56 44 5A 20 00 00 12 4A 5A 75 3F   0B1  VDZ ~~~JZu?
77 01 2F 44 30 42 31 20 20 39 36 20 20 00 00 10   w~/D0B1  96  ~~~
3F 5A 75 3F 77 00 0A 44 30 42 32 20 20 4D 45 44   ?Zu?w~~D0B2  MED
44 00 09 4E 3F 5A 75 3F 77 00 4C 44 30 42 31 20   D~~N?Zu?w~LD0B1 
20 56 44 5A 20 00 09 4F 31 5A 75 3F 77 00 13 44    VDZ ~~O1Zu?w~~D
30 42 32 20 20 39 39 39 39 00 09 4E 3F 5A 75 3F   0B2  9999~~N?Zu?
77 00 4E 44 30 42 31 20 20 49 52 58 20 00 00 10   w~ND0B1  IRX ~~~
3F 5A 75 3F 77 00 2F 44 30 42 31 20 20 41 44 56   ?Zu?w~/D0B1  ADV
20 00 09 50 3F 5A 75 3F 77 00 21 44 30 42 31 38    ~~P?Zu?w~!D0B18
35 53 45 52 56 00 09 4F 31 5A 75 3F 77 00 3A 44   5SERV~~O1Zu?w~:D
30 42 31 20 20 39 39 39 39 00 09 4F 3F 5A 75 3F   0B1  9999~~O?Zu?
77 00 3E 44 30 42 31 37 30 39 39 39 39 00 00 58   w~>D0B1709999~~X
3F 5A 75 3F 77 00 3F 44 30 42 31 20 20 36 33 33   ?Zu?w~?D0B1  633
34 00 00 10 3F 5A 75 3F 77 00 35 44 30 42 31 20   4~~~?Zu?w~5D0B1 
20 41 44 56 20 00 09 4F 3F 5A 75 3F 77 00 31 44    ADV ~~O?Zu?w~1D
30 42 31 37 39 46 45 50 52 00 00 39 3F 5A 75 3F   0B179FEPR~~9?Zu?
77 00 1D 44 30 42 31 4D 36 43 4F 4D 46 00 00 39   w~~D0B1M6COMF~~9
3F 5A 75 3F 77 00 2D 44 30 42 31 38 35 43 4F 4D   ?Zu?w~-D0B185COM
46 00 00 4C 3F 5A 75 3F 77 00 1C 44 30 42 32 20   F~~L?Zu?w~~D0B2 
20 50 52 58 30 00 09 4F 24 5A 75 3F 77 00 3F 44    PRX0~~O$Zu?w~?D
30 42 31 20 20 41 44 56 20 00 09 4F 3F 5A 75 3F   0B1  ADV ~~O?Zu?
77 00 3F 44 30 42 32 20 20 46 57 20 20 00 00 10   w~?D0B2  FW  ~~~
3F 5A 75 3F 77 00 2C 44 30 42 31 37 35 41 44 56   ?Zu?w~,D0B175ADV
20 00 09 4F 31 5A 75 3F 77 00 37 44 30 42 31 20    ~~O1Zu?w~7D0B1 
20 39 39 39 39 00 00 10 3F 5A 75 3F 77 00 38 44    9999~~~?Zu?w~8D
30 42 31 37 30 4D 45 44 44 00 00 42 72 5A 75 3F   0B170MEDD~~BrZu?
77 00 30 44 30 42 31 20 20 43 49 4D 43 00 00 3C   w~0D0B1  CIMC~~<
3F 5A 75 3F 77 00 45 44 30 42 31 20 20 30 33 32   ?Zu?w~ED0B1  032
30 00 00 2D 20 5A 75 3F 77 00 11 44 30 42 32 20   0~~- Zu?w~~D0B2 
20 42 43 54 58 00 00 10 3F 5A 75 3F 77 00 49 44    BCTX~~~?Zu?w~ID
30 42 31 20 20 41 44 56 20 00 09 51 2A 5A 75 3F   0B1  ADV ~~Q*Zu?
77 00 28 44 30 42 32 20 20 4E 56 54 20 00 00 10   w~(D0B2  NVT ~~~
3F 5A 75 3F 77 00 29 44 30 42 31 34 30 41 44 56   ?Zu?w~)D0B140ADV
20 00 00 0F 12 5A 75 3F 77 00 4A 44 30 42 31 20    ~~~~Zu?w~JD0B1 
20 41 34 20 20 00 09 4F 3F 5A 75 3F 77 00 35 44    A4  ~~O?Zu?w~5D
30 42 31 20 20 39 39 39 39 00 00 3E 7B 5A 75 3F   0B1  9999~~>{Zu?
77 00 3F 44 30 42 32 20 20 47 44 43 20 00 00 0F   w~?D0B2  GDC ~~~
12 5A 75 3F 77 00 10 44 30 42 31 4E 4E 4D 41 20   ~Zu?w~~D0B1NNMA 
20 00 00 0F 12 5A 75 3F 77 00 1B 44 30 42 32 20    ~~~~Zu?w~~D0B2 
20 41 34 20 20 00 09 4F 31 5A 75 3F 77 00 40 44    A4  ~~O1Zu?w~@D
30 42 31 37 39 39 39 39 39 00 09 4F 31 5A 75 3F   0B1799999~~O1Zu?
77 00 47 44 30 42 31 20 20 39 39 39 39 00 00 39   w~GD0B1  9999~~9
3F 5A 75 3F 77 00 32 44 30 42 31 38 35 43 4F 4D   ?Zu?w~2D0B185COM
46 00 00 58 3F 5A 75 3F 77 00 73 44 30 42 31 20   F~~X?Zu?w~sD0B1 
20 36 33 33 34 00 00 0F 3F 5A 75 3F 77 00 58 44    6334~~~?Zu?w~XD
30 42 31 20 20 34 33 20 31 00 00 2D 20 5A 75 3F   0B1  43 1~~- Zu?
77 00 4E 44 30 42 31 20 20 49 4C 44 52 00 00 3E   w~ND0B1  ILDR~~>
7B 5A 75 3F 77 01 3F 44 30 42 32 20 20 31 31 35   {Zu?w~?D0B2  115
20 00 00 10 3F 5A 75 3F 77 00 1E 44 30 42 32 20    ~~~?Zu?w~~D0B2 
20 4D 45 44 44 00 09 4F 3F 5A 75 3F 77 00 3C 44    MEDD~~O?Zu?w~<D
30 42 31 20 20 46 45 50 52 00 00 3C 3F 5A 75 3F   0B1  FEPR~~<?Zu?
77 00 5E 44 30 42 31 20 20 30 33 32 30 00 09 50   w~^D0B1  0320~~P
3F 5A 75 3F 77 00 3D 44 30 42 31 37 36 34 36 30   ?Zu?w~=D0B176460
30 00 09 29 6A 5A 75 3F 77 01 5D 44 30 42 31 20   0~~)jZu?w~]D0B1 
20 35 34 20 20 00 00 49 3F 5A 75 3F 77 00 5B 44    54  ~~I?Zu?w~[D
30 42 31 37 35 50 33 30 33 00 09 4F 31 5A 75 3F   0B175P303~~O1Zu?
77 00 3C 44 30 42 31 37 39 39 39 39 39 00 09 51   w~<D0B1799999~~Q
21 5A 75 3F 77 00 3B 44 30 42 31 37 30 56 41 20   !Zu?w~;D0B170VA 
20 00 00 0E 01 5A 75 3F 77 00 77 44 30 42 31 20    ~~~~Zu?w~wD0B1 
20 41 53 50 52 00 09 4E 3F 5A 75 3F 77 00 26 44    ASPR~~N?Zu?w~&D
30 42 31 35 32 56 44 5A 20 00 09 4F 31 5A 75 3F   0B152VDZ ~~O1Zu?
77 00 3F 44 30 42 31 37 39 39 39 39 39 00 09 4F   w~?D0B1799999~~O
24 5A 75 3F 77 00 3F 44 30 42 31 38 38 44 52 4D   $Zu?w~?D0B188DRM
44 00 00 3E 7B 5A 75 3F 77 00 3F 44 30 42 31 20   D~~>{Zu?w~?D0B1 
20 47 44 43 20 00 00 39 3F 5A 75 3F 77 00 20 44    GDC ~~9?Zu?w~ D
30 42 31 4D 36 43 4F 4D 46 00 09 4F 3F 5A 75 3F   0B1M6COMF~~O?Zu?
77 00 3F 44 30 42 31 20 20 4D 43 53 52 00 00 12   w~?D0B1  MCSR~~~
12 5A 75 3F 77 00 3A 44 30 42 31 20 20 30 30 34   ~Zu?w~:D0B1  004
36 00 09 4E 3F 5A 75 3F 77 00 31 44 30 42 31 36   6~~N?Zu?w~1D0B16
30 56 44 5A 20 00 00 0F 3F 5A 75 3F 77 00 3C 44   0VDZ ~~~?Zu?w~<D
30 42 31 20 20 34 33 20 31 00 09 4F 24 5A 75 3F   0B1  43 1~~O$Zu?
77 00 60 44 30 42 31 20 20 44 52 4D 44 00 00 10   w~`D0B1  DRMD~~~
3F 5A 75 3F 77 00 3F 44 30 42 31 20 20 41 44 56   ?Zu?w~?D0B1  ADV
20 00 00 4E 3F 5A 75 3F 77 00 33 44 30 42 31 37    ~~N?Zu?w~3D0B17
39 49 53 20 20 00 09 4F 31 5A 75 3F 77 00 1A 44   9IS  ~~O1Zu?w~~D
30 42 32 20 20 39 39 39 39 00 09 4F 3F 5A 75 3F   0B2  9999~~O?Zu?
77 00 2E 44 30 42 31 38 38 37 37 37 37 00 00 10   w~.D0B1887777~~~
3F 5A 75 3F 77 00 3D 44 30 42 31 20 20 41 44 56   ?Zu?w~=D0B1  ADV
20 00 00 10 3F 5A 75 3F 77 00 27 44 30 42 31 37    ~~~?Zu?w~'D0B17
36 41 44 56 20 00 00 0F 12 5A 75 3F 77 00 40 44   6ADV ~~~~Zu?w~@D
30 42 31 37 36 41 34 20 20 00 00 10 3F 5A 75 3F   0B176A4  ~~~?Zu?
77 00 12 44 30 42 32 20 20 41 44 56 20 00 00 48   w~~D0B2  ADV ~~H
3F 5A 75 3F 77 00 3D 44 30 42 31 37 36 55 48 43   ?Zu?w~=D0B176UHC
20 00 00 2D 20 5A 75 3F 77 00 3F 44 30 42 31 20    ~~- Zu?w~?D0B1 
20 49 4C 44 52 00 09 4F 31 5A 75 3F 77 00 37 44    ILDR~~O1Zu?w~7D
30 42 31 20 20 39 39 39 39 00 00 15 01 5A 75 3F   0B1  9999~~~~Zu?
77 00 76 44 30 42 31 20 20 31 30 30 30 00 00 30   w~vD0B1  1000~~0
18 5A 75 3F 77 00 3F 44 30 42 31 20 20 50 41 52   ~Zu?w~?D0B1  PAR
54 00 00 10 3F 5A 75 3F 77 00 36 44 30 42 31 20   T~~~?Zu?w~6D0B1 
20 41 44 56 20 00 09 4E 3F 5A 75 3F 77 00 14 44    ADV ~~N?Zu?w~~D
30 42 32 20 20 56 44 5A 20 00 09 4F 3F 5A 75 3F   0B2  VDZ ~~O?Zu?
77 00 53 44 30 42 32 20 20 46 57 20 20 00 00 10   w~SD0B2  FW  ~~~
3F 5A 75 3F 77 00 2D 44 30 42 31 20 20 41 44 56   ?Zu?w~-D0B1  ADV
20 00 00 3C 3F 5A 75 3F 77 00 3E 44 30 42 31 20    ~~<?Zu?w~>D0B1 
20 30 33 32 30 00 00 62 3F 5A 75 3F 77 00 3F 44    0320~~b?Zu?w~?D
30 42 31 30 37 44 52 4D 53 00 00 0F 12 5A 75 3F   0B107DRMS~~~~Zu?
77 00 22 44 30 42 31 35 32 41 34 20 20 00 00 39   w~"D0B152A4  ~~9
3F 5A 75 3F 77 00 32 44 30 42 31 38 35 43 4F 4D   ?Zu?w~2D0B185COM
46 00 09 51 2E 5A 75 3F 77 00 48 44 30 42 31 37   F~~Q.Zu?w~HD0B17
30 48 4D 43 20 00 09 50 3F 5A 75 3F 77 00 25 44   0HMC ~~P?Zu?w~%D
30 42 32 20 20 43 53 50 44 00 09 4E 3F 5A 75 3F   0B2  CSPD~~N?Zu?
77 00 3C 44 30 42 31 20 20 56 44 5A 20 00 00 58   w~<D0B1  VDZ ~~X
3F 5A 75 3F 77 00 7C 44 30 42 31 38 38 36 33 33   ?Zu?w~|D0B188633
34 00 00 0F 12 5A 75 3F 77 00 47 44 30 42 31 20   4~~~~Zu?w~GD0B1 
20 41 34 20 20 00 09 4F 31 5A 75 3F 77 00 51 44    A4  ~~O1Zu?w~QD
30 42 31 20 20 39 39 39 39 00 00 4E 3F 5A 75 3F   0B1  9999~~N?Zu?
77 00 3B 44 30 42 31 20 20 49 53 20 20 00 09 4E   w~;D0B1  IS  ~~N
3F 5A 75 3F 77 00 40 44 30 42 31 37 30 56 44 5A   ?Zu?w~@D0B170VDZ
20 00 00 10 3F 5A 75 3F 77 00 3F 44 30 42 31 20    ~~~?Zu?w~?D0B1 
20 4D 45 44 44 00 09 4E 3F 5A 75 3F 77 00 12 44    MEDD~~N?Zu?w~~D
30 42 32 20 20 49 52 58 20 00 00 39 3F 5A 75 3F   0B2  IRX ~~9?Zu?
77 00 31 44 30 42 31 38 35 43 4F 4D 46 00 00 0E   w~1D0B185COMF~~~
01 5A 75 3F 77 00 37 44 30 42 32 20 20 32 34 30   ~Zu?w~7D0B2  240
30 00 00 5E 3F 5A 75 3F 77 00 19 44 30 42 32 20   0~~^?Zu?w~~D0B2 
20 4F 48 52 58 00 09 4F 3F 5A 75 3F 77 00 39 44    OHRX~~O?Zu?w~9D
30 42 31 20 20 39 39 39 39 00 00 0F 12 5A 75 3F   0B1  9999~~~~Zu?
77 00 39 44 30 42 31 20 20 4D 44 20 20 00 00 10   w~9D0B1  MD  ~~~
3F 5A 75 3F 77 00 09 44 30 42 32 20 20 4D 45 44   ?Zu?w~~D0B2  MED
44 00 09 4F 31 5A 75 3F 77 00 3E 44 30 42 31 20   D~~O1Zu?w~>D0B1 
20 39 39 39 39 00 09 4F 31 5A 75 3F 77 00 4E 44    9999~~O1Zu?w~ND
30 42 31 20 20 39 39 39 39 00 00 2D 20 5A 75 3F   0B1  9999~~- Zu?
77 00 28 44 30 42 31 37 31 49 4C 43 41 00 09 4E   w~(D0B171ILCA~~N
3F 5A 75 3F 78 00 45 44 30 42 31 37 36 43 52 4B   ?Zu?x~ED0B176CRK
20 00 09 4E 3F 5A 75 3F 78 00 47 44 30 42 31 20    ~~N?Zu?x~GD0B1 
20 56 44 5A 20 00 09 50 3F 5A 75 3F 78 01 3F 44    VDZ ~~P?Zu?x~?D
30 42 31 20 20 31 39 30 33 00 00 4E 3F 5A 75 3F   0B1  1903~~N?Zu?
78 00 2E 44 30 42 31 36 39 41 43 20 20 00 09 4F   x~.D0B169AC  ~~O
31 5A 75 3F 78 00 1C 44 30 42 31 4E 4E 39 39 39   1Zu?x~~D0B1NN999
39 00 09 4F 31 5A 75 3F 78 00 37 44 30 42 31 37   9~~O1Zu?x~7D0B17
35 39 39 39 39 00 00 58 3F 5A 75 3F 78 00 0C 44   59999~~X?Zu?x~~D
30 42 32 20 20 36 33 33 34 00 09 51 2A 5A 75 3F   0B2  6334~~Q*Zu?
78 00 44 44 30 42 31 20 20 4E 56 54 20 00 00 42   x~DD0B1  NVT ~~B
72 5A 75 3F 78 00 0F 44 30 42 32 20 20 43 49 4D   rZu?x~~D0B2  CIM
43 00 00 62 3F 5A 75 3F 78 01 13 44 30 42 31 20   C~~b?Zu?x~~D0B1 
20 44 52 4D 53 00 00 5A 3F 5A 75 3F 78 00 52 44    DRMS~~Z?Zu?x~RD
30 42 31 20 20 50 4D 4E 20 00 00 55 41 5A 75 3F   0B1  PMN ~~UAZu?
78 00 1E 44 30 42 32 20 20 49 52 58 20 00 09 4F   x~~D0B2  IRX ~~O
31 5A 75 3F 78 00 42 44 30 42 31 37 39 39 39 39   1Zu?x~BD0B179999
39 00 00 10 3F 5A 75 3F 78 00 03 44 30 42 31 38   9~~~?Zu?x~~D0B18
38 4D 43 41 49 00 00 13 33 5A 75 3F 78 00 22 44   8MCAI~~~3Zu?x~"D
30 42 32 20 20 41 4C 42 43 00 00 10 3F 5A 75 3F   0B2  ALBC~~~?Zu?
78 00 18 44 30 42 32 20 20 4D 45 44 44 00 00 10   x~~D0B2  MEDD~~~
3F 5A 75 3F 78 00 1A 44 30 42 32 20 20 37 37 39   ?Zu?x~~D0B2  779
39 00 00 42 72 5A 75 3F 78 00 31 44 30 42 31 37   9~~BrZu?x~1D0B17
58 30 32 31 35 00 00 10 3F 5A 75 3F 78 00 36 44   X0215~~~?Zu?x~6D
30 42 31 37 30 4D 45 44 44 00 09 4F 3F 5A 75 3F   0B170MEDD~~O?Zu?
78 00 10 44 30 42 32 20 20 46 45 50 52 00 09 50   x~~D0B2  FEPR~~P
3F 5A 75 3F 78 00 3F 44 30 42 32 20 20 31 39 30   ?Zu?x~?D0B2  190
33 00 00 10 3F 5A 75 3F 78 00 2E 44 30 42 31 20   3~~~?Zu?x~.D0B1 
20 41 44 56 20 00 00 10 3F 5A 75 3F 78 00 38 44    ADV ~~~?Zu?x~8D
30 42 31 20 20 41 44 56 20 00 00 10 3F 5A 75 3F   0B1  ADV ~~~?Zu?
78 00 2E 44 30 42 31 20 20 4D 45 44 44 00 09 50   x~.D0B1  MEDD~~P
3F 5A 75 3F 78 00 4A 44 30 42 31 20 20 30 30 36   ?Zu?x~JD0B1  006
37 00 09 50 3F 5A 75 3F 78 00 53 44 30 42 31 20   7~~P?Zu?x~SD0B1 
20 30 30 36 37 00 00 10 3F 5A 75 3F 78 00 41 44    0067~~~?Zu?x~AD
30 42 31 20 20 4D 45 44 44 00 00 44 29 5A 75 3F   0B1  MEDD~~D)Zu?
78 00 7E 44 30 42 31 20 20 43 42 47 20 00 09 4F   x~~D0B1  CBG ~~O
3F 5A 75 3F 78 00 11 44 30 42 32 20 20 46 45 50   ?Zu?x~~D0B2  FEP
52 00 00 10 3F 5A 75 3F 78 00 3A 44 30 42 31 20   R~~~?Zu?x~:D0B1 
20 4D 45 44 44 00 00 4A 51 5A 75 3F 78 00 3F 44    MEDD~~JQZu?x~?D
30 42 31 20 20 38 30 30 31 00 09 4F 3F 5A 75 3F   0B1  8001~~O?Zu?
78 00 3D 44 30 42 31 37 30 39 39 39 39 00 00 39   x~=D0B1709999~~9
3F 5A 75 3F 78 00 27 44 30 42 31 38 35 43 4F 4D   ?Zu?x~'D0B185COM
46 00 00 10 3F 5A 75 3F 78 00 45 44 30 42 31 20   F~~~?Zu?x~ED0B1 
20 41 44 56 20 00 00 4E 3F 5A 75 3F 78 00 37 44    ADV ~~N?Zu?x~7D
30 42 31 20 20 49 53 20 20 00 09 51 59 5A 75 3F   0B1  IS  ~~QYZu?
78 00 1E 44 30 42 32 20 20 30 33 31 39 00 09 50   x~~D0B2  0319~~P
3F 5A 75 3F 78 00 19 44 30 42 32 20 20 4D 45 44   ?Zu?x~~D0B2  MED
44 00 00 40 73 5A 75 3F 78 00 3E 44 30 42 31 20   D~~@sZu?x~>D0B1 
20 48 5A 52 58 00 09 4E 3F 5A 75 3F 78 00 18 44    HZRX~~N?Zu?x~~D
30 42 32 20 20 43 54 52 58 00 00 2D 20 5A 75 3F   0B2  CTRX~~- Zu?
78 00 4D 44 30 42 31 20 20 31 32 31 35 00 09 4E   x~MD0B1  1215~~N
3F 5A 75 3F 78 00 34 44 30 42 31 20 20 49 52 58   ?Zu?x~4D0B1  IRX
20 00 00 10 3F 5A 75 3F 78 00 1A 44 30 42 32 20    ~~~?Zu?x~~D0B2 
20 4D 45 44 44 00 00 3C 3F 5A 75 3F 78 00 35 44    MEDD~~<?Zu?x~5D
30 42 31 20 20 30 33 32 30 00 00 10 3F 5A 75 3F   0B1  0320~~~?Zu?
78 00 39 44 30 42 31 20 20 4D 45 44 44 00 00 3C   x~9D0B1  MEDD~~<
3F 5A 75 3F 78 00 1D 44 30 42 32 20 20 30 33 32   ?Zu?x~~D0B2  032
30 00 00 2D 20 5A 75 3F 78 00 1A 44 30 42 32 20   0~~- Zu?x~~D0B2 
20 49 4C 44 52 00 00 42 72 5A 75 3F 78 00 4A 44    ILDR~~BrZu?x~JD
30 42 31 20 20 30 32 31 35 00 00 29 53 5A 75 3F   0B1  0215~~)SZu?
78 00 39 44 30 42 32 20 20 4F 4B 41 30 00 00 3E   x~9D0B2  OKA0~~>
21 5A 75 3F 78 00 53 44 30 42 31 39 34 48 4D 4F   !Zu?x~SD0B194HMO
4E 00 00 10 3F 5A 75 3F 78 00 11 44 30 42 32 20   N~~~?Zu?x~~D0B2 
20 4D 45 44 44 00 09 4F 31 5A 75 3F 78 00 42 44    MEDD~~O1Zu?x~BD
30 42 31 20 20 39 39 39 39 00 00 3E 7B 5A 75 3F   0B1  9999~~>{Zu?
78 01 1D 44 30 42 31 20 20 47 44 43 20 00 09 4F   x~~D0B1  GDC ~~O
3F 5A 75 3F 78 00 3F 44 30 42 31 20 20 46 57 20   ?Zu?x~?D0B1  FW 
20 00 09 4F 31 5A 75 3F 78 00 42 44 30 42 31 20    ~~O1Zu?x~BD0B1 
20 39 39 39 39 00 09 4F 74 5A 75 3F 78 00 36 44    9999~~OtZu?x~6D
30 42 32 20 20 44 52 57 56 00 00 3C 49 5A 75 3F   0B2  DRWV~~<IZu?
78 00 3F 44 30 42 31 41 47 53 53 4E 20 00 00 2D   x~?D0B1AGSSN ~~-
20 5A 75 3F 78 00 28 44 30 42 31 4E 31 49 4C 44    Zu?x~(D0B1N1ILD
52 00 09 4F 3F 5A 75 3F 78 00 25 44 30 42 31 20   R~~O?Zu?x~%D0B1 
20 39 39 39 39 00 00 39 3F 5A 75 3F 78 00 42 44    9999~~9?Zu?x~BD
30 42 31 38 35 43 4F 4D 46 00 09 4E 3F 5A 75 3F   0B185COMF~~N?Zu?
78 00 31 44 30 42 31 20 20 49 52 58 20 00 00 2D   x~1D0B1  IRX ~~-
20 5A 75 3F 78 00 29 44 30 42 31 41 35 4D 41 50    Zu?x~)D0B1A5MAP
44 00 00 3C 3F 5A 75 3F 78 00 36 44 30 42 31 20   D~~<?Zu?x~6D0B1 
20 30 33 32 30 00 09 4F 3F 5A 75 3F 78 00 3F 44    0320~~O?Zu?x~?D
30 42 31 20 20 48 44 20 20 00 00 10 3F 5A 75 3F   0B1  HD  ~~~?Zu?
78 00 34 44 30 42 31 20 20 4D 45 44 44 00 09 4F   x~4D0B1  MEDD~~O
31 5A 75 3F 78 00 4F 44 30 42 31 20 20 39 39 39   1Zu?x~OD0B1  999
39 00 00 40 73 5A 75 3F 78 00 64 44 30 42 31 20   9~~@sZu?x~dD0B1 
20 48 5A 52 58 00 00 25 53 5A 75 3F 78 00 3F 44    HZRX~~%SZu?x~?D
30 42 31 4D 37 4D 41 53 53 00 00 10 3F 5A 75 3F   0B1M7MASS~~~?Zu?
78 00 43 44 30 42 31 20 20 4D 45 44 44 00 00 10   x~CD0B1  MEDD~~~
3F 5A 75 3F 78 00 14 44 30 42 32 20 20 4D 43 41   ?Zu?x~~D0B2  MCA
49 00 00 3E 7B 5A 75 3F 78 00 3F 44 30 42 31 20   I~~>{Zu?x~?D0B1 
20 47 44 43 20 00 09 4E 3F 5A 75 3F 78 00 26 44    GDC ~~N?Zu?x~&D
30 42 32 20 20 56 44 5A 20 00 00 10 3F 5A 75 3F   0B2  VDZ ~~~?Zu?
78 00 55 44 30 42 31 37 30 4D 45 44 44 00 09 4E   x~UD0B170MEDD~~N
3F 5A 75 3F 78 00 23 44 30 42 31 35 32 56 44 5A   ?Zu?x~#D0B152VDZ
20 00 09 50 3F 5A 75 3F 78 00 46 44 30 42 31 20    ~~P?Zu?x~FD0B1 
20 4D 45 44 44 00 00 42 72 5A 75 3F 78 00 4E 44    MEDD~~BrZu?x~ND
30 42 31 20 20 30 32 31 35 00 00 13 33 5A 75 3F   0B1  0215~~~3Zu?
78 00 34 44 30 42 31 20 20 41 4C 42 43 00 09 51   x~4D0B1  ALBC~~Q
58 5A 75 3F 78 00 0F 44 30 42 32 20 20 30 31 38   XZu?x~~D0B2  018
39 00 09 50 3F 5A 75 3F 78 00 3F 44 30 42 31 38   9~~P?Zu?x~?D0B18
38 35 35 32 39 00 09 50 3F 5A 75 3F 78 00 5B 44   85529~~P?Zu?x~[D
30 42 31 20 20 43 53 50 44 00 00 10 32 5A 75 3F   0B1  CSPD~~~2Zu?
78 00 12 44 30 42 31 37 37 41 4C 4D 45 00 00 10   x~~D0B177ALME~~~
3F 5A 75 3F 78 00 0A 44 30 42 31 38 38 41 44 56   ?Zu?x~~D0B188ADV
20 00 00 0E 01 5A 75 3F 78 00 55 44 30 42 31 20    ~~~~Zu?x~UD0B1 
20 32 34 30 30 00 09 50 3F 5A 75 3F 78 00 22 44    2400~~P?Zu?x~"D
30 42 32 20 20 30 30 36 37 00 00 0F 3F 5A 75 3F   0B2  0067~~~?Zu?
78 00 47 44 30 42 31 20 20 34 33 20 31 00 00 10   x~GD0B1  43 1~~~
3F 5A 75 3F 78 00 3A 44 30 42 31 20 20 37 37 39   ?Zu?x~:D0B1  779
39 00 09 4F 3F 5A 75 3F 78 00 0C 44 30 42 32 20   9~~O?Zu?x~~D0B2 
20 39 39 39 39 00 09 4F 31 5A 75 3F 78 00 49 44    9999~~O1Zu?x~ID
30 42 31 20 20 39 39 39 39 00 00 0E 01 5A 75 3F   0B1  9999~~~~Zu?
78 00 65 44 30 42 31 37 30 35 31 30 35 00 00 25   x~eD0B1705105~~%
53 5A 75 3F 78 00 68 44 30 42 32 20 20 4D 41 53   SZu?x~hD0B2  MAS
53 00 00 58 3F 5A 75 3F 78 00 3F 44 30 42 31 20   S~~X?Zu?x~?D0B1 
20 36 33 33 34 00 09 4F 3F 5A 75 3F 78 00 2D 44    6334~~O?Zu?x~-D
30 42 31 20 20 39 39 39 39 00 00 42 72 5A 75 3F   0B1  9999~~BrZu?
78 00 3E 44 30 42 31 20 20 30 35 31 38 00 00 10   x~>D0B1  0518~~~
3F 5A 75 3F 78 00 2E 44 30 42 31 20 20 41 44 56   ?Zu?x~.D0B1  ADV
20 00 09 50 3F 5A 75 3F 78 00 45 44 30 42 31 20    ~~P?Zu?x~ED0B1 
20 30 30 36 37 00 09 4F 3F 5A 75 3F 78 00 3D 44    0067~~O?Zu?x~=D
30 42 31 20 20 46 45 50 52 00 00 3C 3F 5A 75 3F   0B1  FEPR~~<?Zu?
78 00 11 44 30 42 32 20 20 30 33 32 30 00 00 10   x~~D0B2  0320~~~
3F 5A 75 3F 78 00 1E 44 30 42 32 20 20 41 44 56   ?Zu?x~~D0B2  ADV
20 00 09 4F 31 5A 75 3F 78 00 4B 44 30 42 31 20    ~~O1Zu?x~KD0B1 
20 39 39 39 39 00 00 4E 3F 5A 75 3F 78 00 48 44    9999~~N?Zu?x~HD
30 42 31 20 20 57 47 20 20 00 09 51 2A 5A 75 3F   0B1  WG  ~~Q*Zu?
78 00 77 44 30 42 31 20 20 4E 56 54 20 00 00 39   x~wD0B1  NVT ~~9
3F 5A 75 3F 78 00 25 44 30 42 31 4D 36 43 4F 4D   ?Zu?x~%D0B1M6COM
46 00 09 50 3F 5A 75 3F 78 00 3A 44 30 42 31 20   F~~P?Zu?x~:D0B1 
20 4D 45 44 44 00 00 39 3F 5A 75 3F 79 00 22 44    MEDD~~9?Zu?y~"D
30 42 31 4D 36 43 4F 4D 46 00 00 5E 3F 5A 75 3F   0B1M6COMF~~^?Zu?
79 00 67 44 30 42 31 20 20 4F 48 52 58 00 00 2D   y~gD0B1  OHRX~~-
20 5A 75 3F 79 00 49 44 30 42 31 20 20 49 4C 44    Zu?y~ID0B1  ILD
52 00 00 42 72 5A 75 3F 79 00 43 44 30 42 31 20   R~~BrZu?y~CD0B1 
20 43 49 4D 43 00 00 44 29 5A 75 3F 79 00 23 44    CIMC~~D)Zu?y~#D
30 42 31 30 36 36 37 39 32 00 09 51 2A 5A 75 3F   0B1066792~~Q*Zu?
79 00 5F 44 30 42 31 20 20 4E 56 54 20 00 00 4E   y~_D0B1  NVT ~~N
3F 5A 75 3F 79 00 3A 44 30 42 31 20 20 57 47 20   ?Zu?y~:D0B1  WG 
20 00 09 50 3F 5A 75 3F 79 00 48 44 30 42 31 20    ~~P?Zu?y~HD0B1 
20 30 30 36 37 00 09 4F 4F 5A 75 3F 79 00 44 44    0067~~OOZu?y~DD
30 42 31 20 20 30 31 39 36 00 09 51 2A 5A 75 3F   0B1  0196~~Q*Zu?
79 00 59 44 30 42 31 20 20 38 31 30 34 00 00 58   y~YD0B1  8104~~X
3F 5A 75 3F 79 00 64 44 30 42 31 35 32 36 33 33   ?Zu?y~dD0B152633
34 00 00 2D 20 5A 75 3F 79 00 3B 44 30 42 31 20   4~~- Zu?y~;D0B1 
20 49 4C 44 52 00 09 4F 31 5A 75 3F 79 00 35 44    ILDR~~O1Zu?y~5D
30 42 31 20 20 39 39 39 39 00 00 10 3F 5A 75 3F   0B1  9999~~~?Zu?
79 00 53 44 30 42 31 37 36 41 44 56 20 00 09 4E   y~SD0B176ADV ~~N
3F 5A 75 3F 79 00 0F 44 30 42 32 20 20 4D 45 44   ?Zu?y~~D0B2  MED
44 00 00 2D 20 5A 75 3F 79 00 4B 44 30 42 31 20   D~~- Zu?y~KD0B1 
20 49 4C 44 52 00 00 2D 20 5A 75 3F 79 00 35 44    ILDR~~- Zu?y~5D
30 42 31 39 34 49 4C 44 52 00 00 58 3F 5A 75 3F   0B194ILDR~~X?Zu?
79 00 5C 44 30 42 31 20 20 33 39 33 20 00 00 10   y~\D0B1  393 ~~~
3F 5A 75 3F 79 00 36 44 30 42 31 37 30 4D 45 44   ?Zu?y~6D0B170MED
44 00 09 50 3F 5A 75 3F 79 00 24 44 30 42 31 20   D~~P?Zu?y~$D0B1 
20 4C 4F 59 41 00 00 10 3F 5A 75 3F 79 00 31 44    LOYA~~~?Zu?y~1D
30 42 31 20 20 4D 43 41 49 00 09 50 0B 5A 75 3F   0B1  MCAI~~P~Zu?
79 00 5B 44 30 42 31 37 39 52 58 41 32 00 09 4E   y~[D0B179RXA2~~N
3F 5A 75 3F 79 00 0B 44 30 42 32 20 20 49 52 58   ?Zu?y~~D0B2  IRX
20 00 00 10 3F 5A 75 3F 79 00 31 44 30 42 31 37    ~~~?Zu?y~1D0B17
33 41 44 56 20 00 00 0F 12 5A 75 3F 79 00 49 44   3ADV ~~~~Zu?y~ID
30 42 31 20 20 41 34 20 20 00 00 42 72 5A 75 3F   0B1  A4  ~~BrZu?
79 00 33 44 30 42 31 20 20 30 32 31 35 00 09 4E   y~3D0B1  0215~~N
3F 5A 75 3F 79 00 2F 44 30 42 31 20 20 56 44 5A   ?Zu?y~/D0B1  VDZ
20 00 09 29 6C 5A 75 3F 79 00 37 44 30 42 31 37    ~~)lZu?y~7D0B17
39 30 31 34 32 00 00 49 3F 5A 75 3F 79 00 39 44   90142~~I?Zu?y~9D
30 42 31 20 20 50 33 30 33 00 09 4E 3F 5A 75 3F   0B1  P303~~N?Zu?
79 00 2B 44 30 42 31 38 38 43 4F 50 41 00 00 32   y~+D0B188COPA~~2
21 5A 75 3F 79 00 35 44 30 42 31 20 20 46 4C 42   !Zu?y~5D0B1  FLB
43 00 00 45 18 5A 75 3F 79 00 6B 44 30 42 31 31   C~~E~Zu?y~kD0B11
39 39 37 34 33 00 09 4F 3F 5A 75 3F 79 00 26 44   99743~~O?Zu?y~&D
30 42 32 20 20 46 45 50 52 00 00 3E 7B 5A 75 3F   0B2  FEPR~~>{Zu?
79 00 3F 44 30 42 31 20 20 47 44 43 20 00 09 4F   y~?D0B1  GDC ~~O
3F 5A 75 3F 79 00 65 44 30 42 31 20 20 39 39 39   ?Zu?y~eD0B1  999
39 00 09 51 58 5A 75 3F 79 00 3C 44 30 42 31 20   9~~QXZu?y~<D0B1 
20 30 31 38 39 00 09 51 21 5A 75 3F 79 00 35 44    0189~~Q!Zu?y~5D
30 42 31 20 20 50 48 50 4D 00 00 3E 21 5A 75 3F   0B1  PHPM~~>!Zu?
79 00 2B 44 30 42 32 20 20 42 43 42 53 00 00 42   y~+D0B2  BCBS~~B
72 5A 75 3F 79 00 3B 44 30 42 31 20 20 43 49 4D   rZu?y~;D0B1  CIM
43 00 00 10 3F 5A 75 3F 79 00 36 44 30 42 31 37   C~~~?Zu?y~6D0B17
36 41 44 56 20 00 00 3E 7B 5A 75 3F 79 00 3F 44   6ADV ~~>{Zu?y~?D
30 42 32 20 20 47 44 43 20 00 09 4E 3F 5A 75 3F   0B2  GDC ~~N?Zu?
79 00 35 44 30 42 31 20 20 56 44 5A 20 00 00 0E   y~5D0B1  VDZ ~~~
01 5A 75 3F 79 00 5F 44 30 42 31 20 20 41 53 50   ~Zu?y~_D0B1  ASP
52 00 09 51 72 5A 75 3F 79 00 51 44 30 42 31 20   R~~QrZu?y~QD0B1 
20 41 42 41 52 00 00 2D 3F 5A 75 3F 79 00 04 44    ABAR~~-?Zu?y~~D
30 45 31 20 20 32 32 32 32 00 09 4E 3F 5A 75 3F   0E1  2222~~N?Zu?
79 00 43 44 30 42 31 20 20 49 52 58 20 00 00 10   y~CD0B1  IRX ~~~
3F 5A 75 3F 79 00 4E 44 30 42 31 20 20 4D 45 44   ?Zu?y~ND0B1  MED
44 00 00 0F 12 5A 75 3F 79 00 67 44 30 42 31 20   D~~~~Zu?y~gD0B1 
20 41 34 20 20 00 00 10 3F 5A 75 3F 79 00 19 44    A4  ~~~?Zu?y~~D
30 42 32 20 20 41 44 56 20 00 00 10 3F 5A 75 3F   0B2  ADV ~~~?Zu?
79 00 35 44 30 42 31 20 20 4D 43 41 49 00 09 4F   y~5D0B1  MCAI~~O
3F 5A 75 3F 79 00 30 44 30 42 31 20 20 37 37 37   ?Zu?y~0D0B1  777
37 00 09 50 3F 5A 75 3F 79 00 60 44 30 42 31 20   7~~P?Zu?y~`D0B1 
20 30 30 36 37 00 00 30 41 5A 75 3F 79 00 3F 44    0067~~0AZu?y~?D
30 42 31 35 36 30 36 38 35 00 00 0E 01 5A 75 3F   0B1560685~~~~Zu?
79 00 4B 44 30 42 31 20 20 41 53 50 52 00 00 3C   y~KD0B1  ASPR~~<
3F 5A 75 3F 79 00 76 44 30 42 31 20 20 30 33 32   ?Zu?y~vD0B1  032
30 00 09 4E 3F 5A 75 3F 79 00 0E 44 30 42 32 20   0~~N?Zu?y~~D0B2 
20 43 54 52 58 00 00 3E 31 5A 75 3F 79 00 3B 44    CTRX~~>1Zu?y~;D
30 42 31 20 20 41 52 42 45 00 00 32 21 5A 75 3F   0B1  ARBE~~2!Zu?
79 00 42 44 30 42 31 20 20 46 4C 42 43 00 09 50   y~BD0B1  FLBC~~P
3F 5A 75 3F 79 00 3E 44 30 42 32 20 20 31 39 30   ?Zu?y~>D0B2  190
33 00 00 10 3F 5A 75 3F 79 00 2D 44 30 42 31 35   3~~~?Zu?y~-D0B15
32 41 44 56 20 00 09 4E 3F 5A 75 3F 79 00 35 44   2ADV ~~N?Zu?y~5D
30 42 31 37 58 43 4F 42 53 00 09 4F 31 5A 75 3F   0B17XCOBS~~O1Zu?
79 00 35 44 30 42 31 37 39 39 39 39 39 00 00 3E   y~5D0B1799999~~>
21 5A 75 3F 79 00 26 44 30 42 32 20 20 42 43 42   !Zu?y~&D0B2  BCB
53 00 00 06 11 5A 75 3F 79 00 23 44 30 42 31 20   S~~~~Zu?y~#D0B1 
20 54 4E 4D 20 00 00 58 3F 5A 75 3F 79 00 0D 44    TNM ~~X?Zu?y~~D
30 42 32 20 20 36 33 33 34 00 00 3E 7B 5A 75 3F   0B2  6334~~>{Zu?
79 00 3F 44 30 42 31 20 20 31 31 35 20 00 09 50   y~?D0B1  115 ~~P
3F 5A 75 3F 79 00 5C 44 30 42 31 20 20 30 30 36   ?Zu?y~\D0B1  006
37 00 00 58 3F 5A 75 3F 79 00 1B 44 30 42 32 20   7~~X?Zu?y~~D0B2 
20 36 33 33 34 00 09 3F 1D 5A 75 3F 79 00 2C 44    6334~~?~Zu?y~,D
30 42 31 37 31 30 31 34 31 00 00 42 72 5A 75 3F   0B1710141~~BrZu?
79 00 47 44 30 42 31 20 20 30 32 31 35 00 00 10   y~GD0B1  0215~~~
3F 5A 75 3F 79 00 43 44 30 42 31 20 20 4D 43 41   ?Zu?y~CD0B1  MCA
49 00 09 4E 3F 5A 75 3F 79 00 31 44 30 42 31 20   I~~N?Zu?y~1D0B1 
20 4D 45 44 44 00 09 4E 3F 5A 75 3F 79 00 22 44    MEDD~~N?Zu?y~"D
30 42 32 20 20 56 44 5A 20 00 09 4F 3F 5A 75 3F   0B2  VDZ ~~O?Zu?
79 00 3F 44 30 42 31 20 20 46 57 20 20 00 00 10   y~?D0B1  FW  ~~~
3F 5A 75 3F 79 00 34 44 30 42 31 38 38 4D 45 44   ?Zu?y~4D0B188MED
44 00 00 2D 20 5A 75 3F 79 00 5A 44 30 42 31 37   D~~- Zu?y~ZD0B17
36 42 43 54 58 00 00 3E 7B 5A 75 3F 79 00 3F 44   6BCTX~~>{Zu?y~?D
30 42 32 20 20 47 44 43 20 00 09 4F 3F 5A 75 3F   0B2  GDC ~~O?Zu?
79 00 2C 44 30 42 31 37 35 46 45 50 52 00 00 10   y~,D0B175FEPR~~~
3F 5A 75 3F 79 00 3B 44 30 42 31 20 20 4D 43 41   ?Zu?y~;D0B1  MCA
49 00 09 4E 3F 5A 75 3F 79 00 31 44 30 42 31 20   I~~N?Zu?y~1D0B1 
20 56 44 5A 20 00 09 4F 31 5A 75 3F 79 00 45 44    VDZ ~~O1Zu?y~ED
30 42 31 38 38 39 39 39 39 00 00 32 21 5A 75 3F   0B1889999~~2!Zu?
79 00 3E 44 30 42 31 20 20 46 4C 42 43 00 09 4F   y~>D0B1  FLBC~~O
3F 5A 75 3F 79 00 27 44 30 42 31 36 39 39 39 39   ?Zu?y~'D0B169999
39 00 09 50 3F 5A 75 3F 79 00 2E 44 30 42 32 20   9~~P?Zu?y~.D0B2 
20 53 45 52 56 00 09 4E 3F 5A 75 3F 79 00 3E 44    SERV~~N?Zu?y~>D
30 42 31 20 20 49 52 58 20 00 00 29 53 5A 75 3F   0B1  IRX ~~)SZu?
79 00 70 44 30 42 31 39 47 4F 4B 41 30 00 09 4F   y~pD0B19GOKA0~~O
31 5A 75 3F 79 00 1F 44 30 42 32 20 20 39 39 39   1Zu?y~~D0B2  999
39 00 00 41 63 5A 75 3F 79 00 3F 44 30 42 31 20   9~~AcZu?y~?D0B1 
20 30 31 36 37 00 00 4E 3F 5A 75 3F 79 00 40 44    0167~~N?Zu?y~@D
30 42 31 37 39 57 47 20 20 00 09 4E 3F 5A 75 3F   0B179WG  ~~N?Zu?
79 00 30 44 30 42 31 20 20 56 44 5A 20 00 09 4F   y~0D0B1  VDZ ~~O
3F 5A 75 3F 79 01 10 44 30 42 31 20 20 46 57 20   ?Zu?y~~D0B1  FW 
20 00 09 4F 31 5A 75 3F 79 00 0E 44 30 42 32 20    ~~O1Zu?y~~D0B2 
20 39 39 39 39 00 00 42 72 5A 75 3F 79 00 2B 44    9999~~BrZu?y~+D
30 42 31 35 32 30 35 31 38 00 09 4E 3F 5A 75 3F   0B1520518~~N?Zu?
79 00 3D 44 30 42 31 20 20 49 52 58 20 00 00 3C   y~=D0B1  IRX ~~<
3F 5A 75 3F 79 00 38 44 30 42 31 20 20 30 33 32   ?Zu?y~8D0B1  032
30 00 09 50 3F 5A 75 3F 79 00 5B 44 30 42 31 20   0~~P?Zu?y~[D0B1 
20 4D 43 41 49 00 00 39 3F 5A 75 3F 79 00 0F 44    MCAI~~9?Zu?y~~D
30 42 31 4D 36 43 4F 4D 46 00 09 50 3F 5A 75 3F   0B1M6COMF~~P?Zu?
79 00 3F 44 30 42 31 20 20 31 39 30 33 00 00 2D   y~?D0B1  1903~~-
20 5A 75 3F 79 00 45 44 30 42 31 20 20 42 43 54    Zu?y~ED0B1  BCT
58 00 00 2D 20 5A 75 3F 7A 00 27 44 30 42 32 20   X~~- Zu?z~'D0B2 
20 49 4C 44 52 00 00 10 3F 5A 75 3F 7A 00 49 44    ILDR~~~?Zu?z~ID
30 42 31 20 20 41 44 56 20 00 09 4F 31 5A 75 3F   0B1  ADV ~~O1Zu?
7A 00 4A 44 30 42 31 20 20 39 39 39 39 00 09 4F   z~JD0B1  9999~~O
31 5A 75 3F 7A 00 3D 44 30 42 31 37 39 39 39 39   1Zu?z~=D0B179999
39 00 00 10 3F 5A 75 3F 7A 00 2E 44 30 42 31 37   9~~~?Zu?z~.D0B17
36 41 44 56 20 00 00 10 3F 5A 75 3F 7A 00 2C 44   6ADV ~~~?Zu?z~,D
30 42 31 37 36 41 44 56 20 00 09 4F 3F 5A 75 3F   0B176ADV ~~O?Zu?
7A 00 31 44 30 42 31 37 30 39 39 39 39 00 09 4F   z~1D0B1709999~~O
3F 5A 75 3F 7A 00 2F 44 30 42 31 20 20 39 39 39   ?Zu?z~/D0B1  999
39 00 00 2D 20 5A 75 3F 7A 00 3B 44 30 42 31 35   9~~- Zu?z~;D0B15
30 42 43 54 58 00 09 4E 3F 5A 75 3F 7A 00 28 44   0BCTX~~N?Zu?z~(D
30 42 31 37 35 46 53 57 43 00 00 32 21 5A 75 3F   0B175FSWC~~2!Zu?
7A 00 12 44 30 42 32 20 20 46 4C 42 43 00 09 4E   z~~D0B2  FLBC~~N
3F 5A 75 3F 7A 00 36 44 30 42 31 37 58 56 44 5A   ?Zu?z~6D0B17XVDZ
20 00 00 58 3F 5A 75 3F 7A 00 3F 44 30 42 31 20    ~~X?Zu?z~?D0B1 
20 36 33 33 34 00 09 4F 4F 5A 75 3F 7A 00 39 44    6334~~OOZu?z~9D
30 42 31 38 38 30 31 39 36 00 09 4F 31 5A 75 3F   0B1880196~~O1Zu?
7A 00 30 44 30 42 31 20 20 39 39 39 39 00 00 55   z~0D0B1  9999~~U
41 5A 75 3F 7A 00 36 44 30 42 31 20 20 49 52 58   AZu?z~6D0B1  IRX
20 00 00 3C 3F 5A 75 3F 7A 00 57 44 30 42 31 20    ~~<?Zu?z~WD0B1 
20 30 33 32 30 00 00 58 3F 5A 75 3F 7A 00 0F 44    0320~~X?Zu?z~~D
30 42 32 20 20 36 33 33 34 00 09 50 3F 5A 75 3F   0B2  6334~~P?Zu?
7A 00 3B 44 30 42 32 20 20 52 58 4E 45 00 00 0E   z~;D0B2  RXNE~~~
01 5A 75 3F 7A 00 65 44 30 42 31 20 20 41 53 50   ~Zu?z~eD0B1  ASP
52 00 00 3C 3F 5A 75 3F 7A 00 0A 44 30 42 31 38   R~~<?Zu?z~~D0B18
38 30 33 32 30 00 00 11 3F 5A 75 3F 7A 00 0F 44   80320~~~?Zu?z~~D
30 42 32 20 20 53 54 52 49 00 00 29 53 5A 75 3F   0B2  STRI~~)SZu?
7A 00 3F 44 30 42 31 20 20 4F 4B 41 30 00 09 51   z~?D0B1  OKA0~~Q
3F 5A 75 3F 7A 00 3F 44 30 42 31 34 33 43 52 58   ?Zu?z~?D0B143CRX
4D 00 00 4E 3F 5A 75 3F 7A 00 3E 44 30 42 31 20   M~~N?Zu?z~>D0B1 
20 57 47 20 20 00 00 0F 12 5A 75 3F 7A 00 29 44    WG  ~~~~Zu?z~)D
30 42 31 20 20 41 34 20 20 00 00 39 3F 5A 75 3F   0B1  A4  ~~9?Zu?
7A 00 15 44 30 42 31 4D 36 43 4F 4D 46 00 00 39   z~~D0B1M6COMF~~9
3F 5A 75 3F 7A 00 40 44 30 42 31 38 35 43 4F 4D   ?Zu?z~@D0B185COM
46 00 09 4E 3F 5A 75 3F 7A 00 46 44 30 42 31 20   F~~N?Zu?z~FD0B1 
20 43 54 52 58 00 00 30 18 5A 75 3F 7A 00 0E 44    CTRX~~0~Zu?z~~D
30 42 32 20 20 50 41 52 54 00 09 4F 31 5A 75 3F   0B2  PART~~O1Zu?
7A 00 40 44 30 42 31 20 20 39 39 39 39 00 00 10   z~@D0B1  9999~~~
3F 5A 75 3F 7A 00 2B 44 30 42 31 37 39 41 44 56   ?Zu?z~+D0B179ADV
20 00 09 4E 3F 5A 75 3F 7A 00 2F 44 30 42 31 36    ~~N?Zu?z~/D0B16
39 56 44 5A 20 00 00 06 11 5A 75 3F 7A 00 67 44   9VDZ ~~~~Zu?z~gD
30 42 31 20 20 47 41 4D 20 00 09 4E 3F 5A 75 3F   0B1  GAM ~~N?Zu?
7A 00 3F 44 30 42 31 37 39 43 4F 42 53 00 09 50   z~?D0B179COBS~~P
3F 5A 75 3F 7A 00 38 44 30 42 31 35 32 4C 4F 59   ?Zu?z~8D0B152LOY
41 00 09 4F 3F 5A 75 3F 7A 00 33 44 30 42 31 20   A~~O?Zu?z~3D0B1 
20 39 39 39 39 00 00 3C 3F 5A 75 3F 7A 00 31 44    9999~~<?Zu?z~1D
30 42 31 34 34 30 33 32 30 00 00 4E 3F 5A 75 3F   0B1440320~~N?Zu?
7A 00 34 44 30 42 31 20 20 49 53 20 20 00 09 4F   z~4D0B1  IS  ~~O
31 5A 75 3F 7A 00 27 44 30 42 31 36 39 39 39 39   1Zu?z~'D0B169999
39 00 09 29 6A 5A 75 3F 7A 01 3F 44 30 42 31 37   9~~)jZu?z~?D0B17
30 35 34 20 20 00 00 15 3F 5A 75 3F 7A 00 27 44   054  ~~~?Zu?z~'D
30 42 31 20 20 4D 45 50 41 00 00 10 3F 5A 75 3F   0B1  MEPA~~~?Zu?
7A 00 2B 44 30 42 31 20 20 4D 45 44 44 00 00 4E   z~+D0B1  MEDD~~N
3F 5A 75 3F 7A 00 4E 44 30 42 31 20 20 49 53 20   ?Zu?z~ND0B1  IS 
20 00 00 32 21 5A 75 3F 7A 00 3B 44 30 42 31 20    ~~2!Zu?z~;D0B1 
20 46 4C 42 43 00 09 4E 3F 5A 75 3F 7A 00 10 44    FLBC~~N?Zu?z~~D
30 42 32 20 20 56 44 5A 20 00 09 4F 31 5A 75 3F   0B2  VDZ ~~O1Zu?
7A 00 49 44 30 42 31 37 39 39 39 39 39 00 00 26   z~ID0B1799999~~&
3F 5A 75 3F 7A 00 55 44 30 42 31 20 20 44 43 41   ?Zu?z~UD0B1  DCA
45 00 09 50 3F 5A 75 3F 7A 00 24 44 30 42 32 20   E~~P?Zu?z~$D0B2 
20 30 30 36 37 00 00 15 01 5A 75 3F 7A 00 6F 44    0067~~~~Zu?z~oD
30 42 31 20 20 31 30 30 30 00 00 2D 20 5A 75 3F   0B1  1000~~- Zu?
7A 00 40 44 30 42 31 20 20 42 43 54 58 00 00 39   z~@D0B1  BCTX~~9
3F 5A 75 3F 7A 00 33 44 30 42 31 38 35 43 4F 4D   ?Zu?z~3D0B185COM
46 00 00 2D 20 5A 75 3F 7A 00 2A 44 30 42 31 34   F~~- Zu?z~*D0B14
31 53 41 4C 55 00 09 52 24 5A 75 3F 7A 00 27 44   1SALU~~R$Zu?z~'D
30 42 32 20 20 43 48 4D 20 00 09 50 3F 5A 75 3F   0B2  CHM ~~P?Zu?
7A 00 38 44 30 42 31 4E 51 34 37 30 30 00 00 10   z~8D0B1NQ4700~~~
3F 5A 75 3F 7A 00 33 44 30 42 31 20 20 4D 45 44   ?Zu?z~3D0B1  MED
44 00 09 4F 31 5A 75 3F 7A 00 3F 44 30 42 31 20   D~~O1Zu?z~?D0B1 
20 39 39 39 39 00 09 4F 31 5A 75 3F 7A 00 3C 44    9999~~O1Zu?z~<D
30 42 31 20 20 39 39 39 39 00 00 42 72 5A 75 3F   0B1  9999~~BrZu?
7A 00 32 44 30 42 31 20 20 43 49 4D 43 00 00 10   z~2D0B1  CIMC~~~
3F 5A 75 3F 7A 00 1C 44 30 42 32 20 20 4D 45 44   ?Zu?z~~D0B2  MED
44 00 00 10 3F 5A 75 3F 7A 00 2A 44 30 42 31 20   D~~~?Zu?z~*D0B1 
20 4D 45 44 44 00 00 4E 3F 5A 75 3F 7A 00 2A 44    MEDD~~N?Zu?z~*D
30 42 31 36 39 49 53 20 20 00 00 3E 21 5A 75 3F   0B169IS  ~~>!Zu?
7A 00 64 44 30 42 32 20 20 42 43 42 53 00 00 39   z~dD0B2  BCBS~~9
3F 5A 75 3F 7A 00 2A 44 30 42 31 38 35 43 4F 4D   ?Zu?z~*D0B185COM
46 00 00 0F 12 5A 75 3F 7A 00 23 44 30 42 32 20   F~~~~Zu?z~#D0B2 
20 41 34 20 20 00 00 3E 7B 5A 75 3F 7A 01 35 44    A4  ~~>{Zu?z~5D
30 42 31 20 20 47 44 43 20 00 00 10 3F 5A 75 3F   0B1  GDC ~~~?Zu?
7A 00 38 44 30 42 31 20 20 4D 45 44 44 00 00 2D   z~8D0B1  MEDD~~-
20 5A 75 3F 7A 00 2C 44 30 42 31 20 20 49 4C 43    Zu?z~,D0B1  ILC
41 00 09 4E 3F 5A 75 3F 7A 00 38 44 30 42 31 20   A~~N?Zu?z~8D0B1 
20 49 52 58 20 00 00 49 3F 5A 75 3F 7A 00 48 44    IRX ~~I?Zu?z~HD
30 42 31 20 20 50 33 30 33 00 00 0F 12 5A 75 3F   0B1  P303~~~~Zu?
7A 00 4E 44 30 42 31 20 20 41 34 20 20 00 09 4E   z~ND0B1  A4  ~~N
3F 5A 75 3F 7A 00 23 44 30 42 31 38 35 4F 48 50   ?Zu?z~#D0B185OHP
4D 00 00 39 3F 5A 75 3F 7A 00 19 44 30 42 31 38   M~~9?Zu?z~~D0B18
35 43 4F 4D 46 00 00 10 3F 5A 75 3F 7A 00 32 44   5COMF~~~?Zu?z~2D
30 42 31 20 20 4D 45 44 44 00 09 4F 31 5A 75 3F   0B1  MEDD~~O1Zu?
7A 00 15 44 30 42 32 20 20 39 39 39 39 00 09 51   z~~D0B2  9999~~Q
72 5A 75 3F 7A 00 63 44 30 42 31 20 20 41 42 41   rZu?z~cD0B1  ABA
52 00 09 4E 3F 5A 75 3F 7A 00 33 44 30 42 31 20   R~~N?Zu?z~3D0B1 
20 49 52 58 20 00 00 32 21 5A 75 3F 7A 00 40 44    IRX ~~2!Zu?z~@D
30 42 31 20 20 46 4C 42 43 00 09 4E 3F 5A 75 3F   0B1  FLBC~~N?Zu?
7A 00 3E 44 30 42 31 20 20 56 44 5A 20 00 09 4F   z~>D0B1  VDZ ~~O
31 5A 75 3F 7A 00 4A 44 30 42 31 20 20 39 39 39   1Zu?z~JD0B1  999
39 00 00 10 3F 5A 75 3F 7A 00 34 44 30 42 31 20   9~~~?Zu?z~4D0B1 
20 41 44 56 20 00 09 51 2A 5A 75 3F 7A 00 71 44    ADV ~~Q*Zu?z~qD
30 42 31 20 20 4E 56 54 20 00 09 4F 31 5A 75 3F   0B1  NVT ~~O1Zu?
7A 00 3A 44 30 42 31 37 39 39 39 39 39 00 09 4F   z~:D0B1799999~~O
3F 5A 75 3F 7A 00 3F 44 30 42 31 20 20 46 57 20   ?Zu?z~?D0B1  FW 
20 00 00 42 72 5A 75 3F 7A 00 48 44 30 42 31 20    ~~BrZu?z~HD0B1 
20 30 35 31 38 00 00 3E 7B 5A 75 3F 7A 01 0B 44    0518~~>{Zu?z~~D
30 42 32 20 20 47 44 43 20 00 09 4E 3F 5A 75 3F   0B2  GDC ~~N?Zu?
7A 00 36 44 30 42 31 20 20 56 44 5A 20 00 09 50   z~6D0B1  VDZ ~~P
3F 5A 75 3F 7A 00 19 44 30 42 32 20 20 4D 45 44   ?Zu?z~~D0B2  MED
44 00 09 4F 31 5A 75 3F 73 00 3E 44 30 42 31 20   D~~O1Zu?s~>D0B1 
20 39 39 39 39 00 09 4E 3F 5A 75 3F 73 00 26 44    9999~~N?Zu?s~&D
30 42 31 35 32 56 44 5A 20 00 09 51 21 5A 75 3F   0B152VDZ ~~Q!Zu?
73 00 15 44 30 42 32 20 20 56 41 20 20 00 00 0E   s~~D0B2  VA  ~~~
01 5A 75 3F 73 00 1B 44 30 42 31 4E 4E 41 53 50   ~Zu?s~~D0B1NNASP
52 00 09 4E 3F 5A 75 3F 73 00 36 44 30 42 31 20   R~~N?Zu?s~6D0B1 
20 56 44 5A 20 00 00 3E 7B 5A 75 3F 73 01 3F 44    VDZ ~~>{Zu?s~?D
30 42 31 20 20 47 44 43 20 00 00 4E 3F 5A 75 3F   0B1  GDC ~~N?Zu?
73 00 48 44 30 42 31 20 20 49 53 20 20 00 00 0E   s~HD0B1  IS  ~~~
01 5A 75 3F 73 00 18 44 30 42 32 20 20 32 34 30   ~Zu?s~~D0B2  240
30 00 09 4F 3F 5A 75 3F 73 00 35 44 30 42 31 20   0~~O?Zu?s~5D0B1 
20 46 45 50 52 00 00 58 3F 5A 75 3F 73 00 4C 44    FEPR~~X?Zu?s~LD
30 42 32 20 20 36 33 33 34 00 00 39 3F 5A 75 3F   0B2  6334~~9?Zu?
73 00 1B 44 30 42 31 4D 36 43 4F 4D 46 00 00 0F   s~~D0B1M6COMF~~~
12 5A 75 3F 73 00 29 44 30 42 31 4D 52 4D 41 20   ~Zu?s~)D0B1MRMA 
20 00 00 3C 3F 5A 75 3F 73 00 6F 44 30 42 31 35    ~~<?Zu?s~oD0B15
36 30 33 32 30 00 00 39 3F 5A 75 3F 73 00 63 44   60320~~9?Zu?s~cD
30 42 31 4D 36 43 4F 4D 46 00 09 51 2A 5A 75 3F   0B1M6COMF~~Q*Zu?
73 00 55 44 30 42 31 20 20 45 54 46 20 00 00 5F   s~UD0B1  ETF ~~_
30 5A 75 3F 73 00 42 44 30 42 32 38 37 33 32 30   0Zu?s~BD0B287320
37 00 00 4E 3F 5A 75 3F 73 00 3F 44 30 42 31 20   7~~N?Zu?s~?D0B1 
20 49 53 20 20 00 00 4E 3F 5A 75 3F 73 00 3F 44    IS  ~~N?Zu?s~?D
30 42 31 20 20 57 47 20 20 00 09 4E 3F 5A 75 3F   0B1  WG  ~~N?Zu?
73 00 38 44 30 42 31 20 20 49 52 58 20 00 00 40   s~8D0B1  IRX ~~@
3F 5A 75 3F 73 00 27 44 30 42 31 20 20 31 34 39   ?Zu?s~'D0B1  149
39 00 09 4E 3F 5A 75 3F 73 00 35 44 30 42 31 20   9~~N?Zu?s~5D0B1 
20 56 44 5A 20 00 00 40 73 5A 75 3F 73 00 22 44    VDZ ~~@sZu?s~"D
30 42 32 20 20 48 5A 52 58 00 09 4F 31 5A 75 3F   0B2  HZRX~~O1Zu?
73 00 3C 44 30 42 31 20 20 39 39 39 39 00 00 30   s~<D0B1  9999~~0
18 5A 75 3F 73 00 11 44 30 42 32 20 20 50 41 52   ~Zu?s~~D0B2  PAR
54 00 09 4F 3F 5A 75 3F 73 00 43 44 30 42 31 20   T~~O?Zu?s~CD0B1 
20 46 45 50 52 00 00 58 3F 5A 75 3F 73 00 55 44    FEPR~~X?Zu?s~UD
30 42 31 20 20 36 33 33 34 00 00 0F 12 5A 75 3F   0B1  6334~~~~Zu?
73 00 0E 44 30 42 31 4E 4E 41 34 20 20 00 09 4F   s~~D0B1NNA4  ~~O
31 5A 75 3F 73 00 51 44 30 42 31 20 20 39 39 39   1Zu?s~QD0B1  999
39 00 09 4F 3F 5A 75 3F 73 00 33 44 30 42 31 20   9~~O?Zu?s~3D0B1 
20 39 39 39 39 00 00 0F 12 5A 75 3F 73 00 5F 44    9999~~~~Zu?s~_D
30 42 31 20 20 41 34 20 20 00 00 4E 3F 5A 75 3F   0B1  A4  ~~N?Zu?
73 00 47 44 30 42 31 20 20 57 47 20 20 00 00 10   s~GD0B1  WG  ~~~
3F 5A 75 3F 73 00 18 44 30 42 32 20 20 4D 43 41   ?Zu?s~~D0B2  MCA
49 00 00 4E 3F 5A 75 3F 73 00 43 44 30 42 31 20   I~~N?Zu?s~CD0B1 
20 49 53 20 20 00 00 10 3F 5A 75 3F 73 00 1B 44    IS  ~~~?Zu?s~~D
30 42 32 20 20 4D 45 44 44 00 00 4B 3F 5A 75 3F   0B2  MEDD~~K?Zu?
73 00 32 44 30 42 31 20 20 57 43 41 52 00 00 24   s~2D0B1  WCAR~~$
3F 5A 75 3F 73 00 42 44 30 42 31 20 20 56 44 5A   ?Zu?s~BD0B1  VDZ
20 00 09 4F 3F 5A 75 3F 73 00 2C 44 30 42 31 20    ~~O?Zu?s~,D0B1 
20 46 45 50 52 00 09 4F 31 5A 75 3F 73 00 1D 44    FEPR~~O1Zu?s~~D
30 42 32 20 20 39 39 39 39 00 00 4E 3F 5A 75 3F   0B2  9999~~N?Zu?
73 00 4F 44 30 42 31 20 20 57 47 20 20 00 00 0E   s~OD0B1  WG  ~~~
01 5A 75 3F 73 00 3F 44 30 42 31 20 20 41 53 50   ~Zu?s~?D0B1  ASP
52 00 00 0F 12 5A 75 3F 73 00 52 44 30 42 31 37   R~~~~Zu?s~RD0B17
35 41 34 20 20 00 00 58 3F 5A 75 3F 73 00 34 44   5A4  ~~X?Zu?s~4D
30 42 31 35 32 36 33 33 34 00 09 4E 3F 5A 75 3F   0B1526334~~N?Zu?
73 00 64 44 30 42 32 20 20 50 58 58 50 00 00 10   s~dD0B2  PXXP~~~
3F 5A 75 3F 73 00 32 44 30 42 31 20 20 4D 45 44   ?Zu?s~2D0B1  MED
44 00 00 0E 01 5A 75 3F 73 00 1D 44 30 42 32 20   D~~~~Zu?s~~D0B2 
20 41 53 50 52 00 09 50 3F 5A 75 3F 73 00 1D 44    ASPR~~P?Zu?s~~D
30 42 32 20 20 4D 45 44 44 00 09 50 3F 5A 75 3F   0B2  MEDD~~P?Zu?
73 00 37 44 30 42 31 37 33 30 30 36 37 00 00 4E   s~7D0B1730067~~N
3F 5A 75 3F 73 00 46 44 30 42 31 20 20 49 53 20   ?Zu?s~FD0B1  IS 
20 00 09 4F 31 5A 75 3F 73 00 48 44 30 42 31 20    ~~O1Zu?s~HD0B1 
20 39 39 39 39 00 00 42 72 5A 75 3F 73 00 1D 44    9999~~BrZu?s~~D
30 42 32 20 20 43 49 4D 43 00 00 39 3F 5A 75 3F   0B2  CIMC~~9?Zu?
73 00 39 44 30 42 31 38 35 43 4F 4D 46 00 00 10   s~9D0B185COMF~~~
3F 5A 75 3F 73 00 2A 44 30 42 31 36 39 4D 45 44   ?Zu?s~*D0B169MED
44 00 00 26 3F 5A 75 3F 73 00 0C 44 30 42 32 20   D~~&?Zu?s~~D0B2 
20 44 43 41 45 00 00 4E 3F 5A 75 3F 73 00 19 44    DCAE~~N?Zu?s~~D
30 42 32 20 20 57 47 20 20 00 09 4E 3F 5A 75 3F   0B2  WG  ~~N?Zu?
73 00 3C 44 30 42 31 37 39 49 52 58 20 00 09 4F   s~<D0B179IRX ~~O
31 5A 75 3F 73 00 35 44 30 42 31 20 20 39 39 39   1Zu?s~5D0B1  999
39 00 09 4E 3F 5A 75 3F 73 00 37 44 30 42 31 20   9~~N?Zu?s~7D0B1 
20 56 44 5A 20 00 09 4E 3F 5A 75 3F 73 00 2F 44    VDZ ~~N?Zu?s~/D
30 42 32 20 20 56 44 5A 20 00 00 4E 3F 5A 75 3F   0B2  VDZ ~~N?Zu?
73 00 3B 44 30 42 31 37 30 49 53 20 20 00 00 10   s~;D0B170IS  ~~~
3F 5A 75 3F 73 00 38 44 30 42 31 20 20 4D 43 41   ?Zu?s~8D0B1  MCA
49 00 09 4E 3F 5A 75 3F 73 00 3B 44 30 42 31 20   I~~N?Zu?s~;D0B1 
20 56 44 5A 20 00 09 4F 3F 5A 75 3F 73 00 34 44    VDZ ~~O?Zu?s~4D
30 42 31 20 20 39 39 39 39 00 09 51 59 5A 75 3F   0B1  9999~~QYZu?
73 00 40 44 30 42 31 37 36 30 33 31 39 00 00 44   s~@D0B1760319~~D
3F 5A 75 3F 73 00 5D 44 30 42 31 37 36 50 30 32   ?Zu?s~]D0B176P02
37 00 00 42 3F 5A 75 3F 73 00 3F 44 30 42 31 20   7~~B?Zu?s~?D0B1 
20 41 53 50 52 00 00 42 72 5A 75 3F 73 00 47 44    ASPR~~BrZu?s~GD
30 42 31 20 20 43 49 4D 43 00 00 42 72 5A 75 3F   0B1  CIMC~~BrZu?
73 00 14 44 30 42 32 20 20 43 49 4D 43 00 00 10   s~~D0B2  CIMC~~~
3F 5A 75 3F 73 00 15 44 30 42 32 20 20 4D 45 44   ?Zu?s~~D0B2  MED
44 00 00 3C 3F 5A 75 3F 73 00 42 44 30 42 31 20   D~~<?Zu?s~BD0B1 
20 30 33 32 30 00 09 4E 3F 5A 75 3F 73 00 3C 44    0320~~N?Zu?s~<D
30 42 31 20 20 56 44 5A 20 00 00 0F 12 5A 75 3F   0B1  VDZ ~~~~Zu?
73 00 1E 44 30 42 32 20 20 4D 44 20 20 00 00 12   s~~D0B2  MD  ~~~
4A 5A 75 3F 73 00 3F 44 30 42 31 30 39 43 4E 20   JZu?s~?D0B109CN 
20 00 09 50 3F 5A 75 3F 73 00 41 44 30 42 31 20    ~~P?Zu?s~AD0B1 
20 42 43 52 49 00 00 0F 12 5A 75 3F 73 00 0E 44    BCRI~~~~Zu?s~~D
30 42 32 20 20 4D 44 20 20 00 0C 35 08 5A 75 3F   0B2  MD  ~~5~Zu?
73 00 28 44 30 42 31 20 20 49 48 43 50 00 09 4E   s~(D0B1  IHCP~~N
3F 5A 75 3F 73 00 29 44 30 42 31 30 39 49 52 58   ?Zu?s~)D0B109IRX
20 00 09 4E 3F 5A 75 3F 73 00 34 44 30 42 31 20    ~~N?Zu?s~4D0B1 
20 43 54 52 58 00 00 26 09 5A 75 3F 73 00 76 44    CTRX~~&~Zu?s~vD
30 42 31 38 38 50 30 30 38 00 00 2D 20 5A 75 3F   0B188P008~~- Zu?
73 00 2E 44 30 42 31 20 20 49 4C 43 41 00 00 10   s~.D0B1  ILCA~~~
3F 5A 75 3F 73 00 3C 44 30 42 31 20 20 4D 45 44   ?Zu?s~<D0B1  MED
44 00 00 0F 12 5A 75 3F 73 00 4D 44 30 42 31 20   D~~~~Zu?s~MD0B1 
20 41 34 20 20 00 00 10 3F 5A 75 3F 73 00 3B 44    A4  ~~~?Zu?s~;D
30 42 31 20 20 41 44 56 20 00 09 4F 3F 5A 75 3F   0B1  ADV ~~O?Zu?
73 00 6B 44 30 42 31 20 20 46 45 50 52 00 00 0F   s~kD0B1  FEPR~~~
12 5A 75 3F 73 00 47 44 30 42 31 20 20 41 34 20   ~Zu?s~GD0B1  A4 
20 00 00 10 3F 5A 75 3F 74 00 3A 44 30 42 31 37    ~~~?Zu?t~:D0B17
30 41 44 56 20 00 09 51 2E 5A 75 3F 74 00 45 44   0ADV ~~Q.Zu?t~ED
30 42 31 20 20 48 4D 43 20 00 00 15 01 5A 75 3F   0B1  HMC ~~~~Zu?
74 00 3F 44 30 42 31 20 20 31 30 30 30 00 09 51   t~?D0B1  1000~~Q
2A 5A 75 3F 74 00 0F 44 30 42 31 4E 4E 4E 56 54   *Zu?t~~D0B1NNNVT
20 00 09 51 21 5A 75 3F 74 00 31 44 30 42 31 20    ~~Q!Zu?t~1D0B1 
20 56 41 20 20 00 09 4F 3F 5A 75 3F 74 00 4B 44    VA  ~~O?Zu?t~KD
30 42 31 37 36 39 39 39 39 00 00 2D 20 5A 75 3F   0B1769999~~- Zu?
74 00 47 44 30 42 31 39 34 49 4C 44 52 00 00 0F   t~GD0B194ILDR~~~
12 5A 75 3F 74 00 64 44 30 42 31 20 20 41 34 20   ~Zu?t~dD0B1  A4 
20 00 00 39 3F 5A 75 3F 74 00 45 44 30 42 31 38    ~~9?Zu?t~ED0B18
35 43 4F 4D 46 00 09 4E 3F 5A 75 3F 74 00 33 44   5COMF~~N?Zu?t~3D
30 42 31 20 20 4D 49 42 43 00 00 4C 3F 5A 75 3F   0B1  MIBC~~L?Zu?
74 00 3F 44 30 42 32 20 20 30 36 30 33 00 09 4F   t~?D0B2  0603~~O
4F 5A 75 3F 74 00 3C 44 30 42 31 20 20 30 31 39   OZu?t~<D0B1  019
36 00 00 10 3F 5A 75 3F 74 00 2A 44 30 42 31 34   6~~~?Zu?t~*D0B14
31 4D 43 41 49 00 00 58 3F 5A 75 3F 74 00 3F 44   1MCAI~~X?Zu?t~?D
30 42 31 20 20 36 33 33 34 00 00 3C 3F 5A 75 3F   0B1  6334~~<?Zu?
74 00 15 44 30 42 32 20 20 30 33 32 30 00 00 42   t~~D0B2  0320~~B
72 5A 75 3F 74 00 2D 44 30 42 31 20 20 43 49 4D   rZu?t~-D0B1  CIM
43 00 00 3C 49 5A 75 3F 74 00 3F 44 30 42 31 20   C~~<IZu?t~?D0B1 
20 53 53 4E 20 00 09 50 3F 5A 75 3F 74 01 29 44    SSN ~~P?Zu?t~)D
30 42 31 20 20 52 58 4E 45 00 00 39 3F 5A 75 3F   0B1  RXNE~~9?Zu?
74 00 3C 44 30 42 31 38 35 43 4F 4D 46 00 00 10   t~<D0B185COMF~~~
3F 5A 75 3F 74 00 41 44 30 42 31 20 20 4D 45 44   ?Zu?t~AD0B1  MED
44 00 00 39 3F 5A 75 3F 74 00 2F 44 30 42 31 38   D~~9?Zu?t~/D0B18
35 43 4F 4D 46 00 00 15 01 5A 75 3F 74 00 3F 44   5COMF~~~~Zu?t~?D
30 42 31 20 20 31 30 30 30 00 00 58 3F 5A 75 3F   0B1  1000~~X?Zu?
74 00 3F 44 30 42 31 37 37 36 33 33 34 00 00 10   t~?D0B1776334~~~
3F 5A 75 3F 74 00 3A 44 30 42 31 20 20 41 44 56   ?Zu?t~:D0B1  ADV
20 00 00 10 3F 5A 75 3F 74 00 47 44 30 42 31 38    ~~~?Zu?t~GD0B18
38 4D 45 44 44 00 00 10 3F 5A 75 3F 74 00 38 44   8MEDD~~~?Zu?t~8D
30 42 31 20 20 4D 45 44 44 00 00 5B 3F 5A 75 3F   0B1  MEDD~~[?Zu?
74 00 26 44 30 42 32 20 20 41 52 58 20 00 09 51   t~&D0B2  ARX ~~Q
3F 5A 75 3F 74 00 28 44 30 42 31 20 20 37 37 37   ?Zu?t~(D0B1  777
37 00 09 4E 3F 5A 75 3F 74 00 13 44 30 42 32 20   7~~N?Zu?t~~D0B2 
20 56 44 5A 20 00 09 4E 3F 5A 75 3F 74 00 30 44    VDZ ~~N?Zu?t~0D
30 42 31 37 39 56 44 5A 20 00 00 39 3F 5A 75 3F   0B179VDZ ~~9?Zu?
74 00 29 44 30 42 31 38 35 43 4F 4D 46 00 00 10   t~)D0B185COMF~~~
3F 5A 75 3F 74 00 32 44 30 42 31 37 36 41 44 56   ?Zu?t~2D0B176ADV
20 00 09 50 3F 5A 75 3F 74 00 3D 44 30 42 31 20    ~~P?Zu?t~=D0B1 
20 4D 45 44 44 00 00 42 3F 5A 75 3F 74 00 54 44    MEDD~~B?Zu?t~TD
30 42 31 20 20 41 53 50 52 00 00 10 3F 5A 75 3F   0B1  ASPR~~~?Zu?
74 00 28 44 30 42 31 20 20 4D 45 44 44 00 09 50   t~(D0B1  MEDD~~P
3F 5A 75 3F 74 00 41 44 30 42 31 20 20 4D 45 44   ?Zu?t~AD0B1  MED
44 00 00 3E 21 5A 75 3F 74 01 23 44 30 42 31 36   D~~>!Zu?t~#D0B16
39 42 43 42 53 00 09 4F 31 5A 75 3F 74 00 39 44   9BCBS~~O1Zu?t~9D
30 42 31 20 20 39 39 39 39 00 00 10 3F 5A 75 3F   0B1  9999~~~?Zu?
74 00 45 44 30 42 31 20 20 4D 45 44 44 00 09 4F   t~ED0B1  MEDD~~O
31 5A 75 3F 74 00 2F 44 30 42 31 37 39 39 39 39   1Zu?t~/D0B179999
39 00 09 4E 3F 5A 75 3F 74 00 37 44 30 42 31 37   9~~N?Zu?t~7D0B17
35 56 44 5A 20 00 00 39 3F 5A 75 3F 74 00 33 44   5VDZ ~~9?Zu?t~3D
30 42 31 38 35 43 4F 4D 46 00 00 0F 12 5A 75 3F   0B185COMF~~~~Zu?
74 00 3C 44 30 42 31 20 20 4D 44 20 20 00 00 32   t~<D0B1  MD  ~~2
21 5A 75 3F 74 00 65 44 30 42 31 38 38 46 4C 42   !Zu?t~eD0B188FLB
43 00 00 42 72 5A 75 3F 74 00 41 44 30 42 31 20   C~~BrZu?t~AD0B1 
20 43 49 4D 43 00 00 44 17 5A 75 3F 74 00 54 44    CIMC~~D~Zu?t~TD
30 42 31 20 20 45 42 4D 53 00 00 0F 12 5A 75 3F   0B1  EBMS~~~~Zu?
74 00 3F 44 30 42 31 20 20 41 34 20 20 00 00 10   t~?D0B1  A4  ~~~
3F 5A 75 3F 74 00 34 44 30 42 31 37 30 4D 45 44   ?Zu?t~4D0B170MED
44 00 09 50 15 5A 75 3F 74 00 45 44 30 42 31 20   D~~P~Zu?t~ED0B1 
20 57 49 53 45 00 00 13 33 5A 75 3F 74 00 43 44    WISE~~~3Zu?t~CD
30 42 31 20 20 41 4C 42 43 00 09 4F 3F 5A 75 3F   0B1  ALBC~~O?Zu?
74 00 6D 44 30 42 32 20 20 46 57 20 20 00 00 4E   t~mD0B2  FW  ~~N
3F 5A 75 3F 74 00 14 44 30 42 32 20 20 49 53 20   ?Zu?t~~D0B2  IS 
20 00 09 4F 3F 5A 75 3F 74 00 23 44 30 42 31 36    ~~O?Zu?t~#D0B16
39 39 39 39 39 00 09 51 2A 5A 75 3F 74 00 53 44   99999~~Q*Zu?t~SD
30 42 31 20 20 4D 43 44 20 00 09 4F 3F 5A 75 3F   0B1  MCD ~~O?Zu?
74 00 3F 44 30 42 31 20 20 39 39 39 39 00 00 3E   t~?D0B1  9999~~>
7B 5A 75 3F 74 01 34 44 30 42 31 20 20 47 44 43   {Zu?t~4D0B1  GDC
20 00 09 4F 31 5A 75 3F 74 00 34 44 30 42 31 20    ~~O1Zu?t~4D0B1 
20 39 39 39 39 00 09 50 3F 5A 75 3F 74 00 3F 44    9999~~P?Zu?t~?D
30 42 31 20 20 35 35 32 39 00 00 32 21 5A 75 3F   0B1  5529~~2!Zu?
74 00 75 44 30 42 31 20 20 46 4C 42 43 00 09 4E   t~uD0B1  FLBC~~N
3F 5A 75 3F 74 00 70 44 30 42 31 20 20 49 52 58   ?Zu?t~pD0B1  IRX
20 00 00 39 3F 5A 75 3F 74 00 36 44 30 42 31 38    ~~9?Zu?t~6D0B18
35 43 4F 4D 46 00 00 3C 3F 5A 75 3F 74 00 24 44   5COMF~~<?Zu?t~$D
30 42 32 20 20 30 33 32 30 00 00 3C 3F 5A 75 3F   0B2  0320~~<?Zu?
74 00 3A 44 30 42 31 20 20 30 33 32 30 00 00 0F   t~:D0B1  0320~~~
12 5A 75 3F 74 00 39 44 30 42 31 20 20 41 34 20   ~Zu?t~9D0B1  A4 
20 00 00 32 21 5A 75 3F 74 00 52 44 30 42 31 20    ~~2!Zu?t~RD0B1 
20 46 4C 42 43 00 00 58 3F 5A 75 3F 74 00 3F 44    FLBC~~X?Zu?t~?D
30 42 31 37 35 36 33 33 34 00 09 4E 3F 5A 75 3F   0B1756334~~N?Zu?
74 00 19 44 30 42 32 20 20 43 52 4B 20 00 09 51   t~~D0B2  CRK ~~Q
2A 5A 75 3F 74 00 22 44 30 42 31 36 35 4E 56 54   *Zu?t~"D0B165NVT
20 00 09 4F 31 5A 75 3F 74 00 0C 44 30 42 32 20    ~~O1Zu?t~~D0B2 
20 39 39 39 39 00 00 42 72 5A 75 3F 74 00 4D 44    9999~~BrZu?t~MD
30 42 31 20 20 30 35 31 38 00 09 50 3F 5A 75 3F   0B1  0518~~P?Zu?
74 00 39 44 30 42 31 20 20 39 39 39 39 00 00 13   t~9D0B1  9999~~~
33 5A 75 3F 74 00 2E 44 30 42 31 20 20 41 4C 42   3Zu?t~.D0B1  ALB
43 00 00 10 3F 5A 75 3F 74 00 0F 44 30 42 31 46   C~~~?Zu?t~~D0B1F
4F 48 52 53 41 00 00 3C 3F 5A 75 3F 74 00 12 44   OHRSA~~<?Zu?t~~D
30 42 32 20 20 30 33 32 30 00 00 2D 20 5A 75 3F   0B2  0320~~- Zu?
74 00 3F 44 30 42 31 20 20 53 41 4C 55 00 09 50   t~?D0B1  SALU~~P
3F 5A 75 3F 74 01 0E 44 30 42 31 20 20 31 39 30   ?Zu?t~~D0B1  190
33 00 00 3C 3F 5A 75 3F 74 00 36 44 30 42 31 20   3~~<?Zu?t~6D0B1 
20 30 33 32 30 00 09 4E 3F 5A 75 3F 74 00 2E 44    0320~~N?Zu?t~.D
30 42 31 20 20 56 44 5A 20 00 00 4E 3F 5A 75 3F   0B1  VDZ ~~N?Zu?
74 00 41 44 30 42 31 20 20 49 53 20 20 00 00 10   t~AD0B1  IS  ~~~
3F 5A 75 3F 74 00 2A 44 30 42 31 37 36 41 44 56   ?Zu?t~*D0B176ADV
20 00 09 50 3F 5A 75 3F 74 01 03 44 30 42 31 39    ~~P?Zu?t~~D0B19
38 35 35 32 39 00 00 10 3F 5A 75 3F 74 00 0B 44   85529~~~?Zu?t~~D
30 42 32 20 20 41 44 56 20 00 00 0F 12 5A 75 3F   0B2  ADV ~~~~Zu?
74 00 3F 44 30 42 31 39 39 41 34 20 20 00 09 4E   t~?D0B199A4  ~~N
3F 5A 75 3F 74 00 58 44 30 42 31 20 20 41 45 42   ?Zu?t~XD0B1  AEB
53 00 00 5E 3F 5A 75 3F 74 00 27 44 30 42 32 20   S~~^?Zu?t~'D0B2 
20 4F 48 52 58 00 09 3F 1D 5A 75 3F 74 00 20 44    OHRX~~?~Zu?t~ D
30 42 31 20 20 30 31 34 31 00 00 22 3F 5A 75 3F   0B1  0141~~"?Zu?
74 00 27 44 30 42 31 20 20 43 42 38 20 00 09 50   t~'D0B1  CB8 ~~P
3F 5A 75 3F 74 00 40 44 30 42 31 20 20 4C 4F 59   ?Zu?t~@D0B1  LOY
41 00 00 10 3F 5A 75 3F 74 00 39 44 30 42 31 20   A~~~?Zu?t~9D0B1 
20 41 44 56 20 00 00 58 3F 5A 75 3F 74 00 3F 44    ADV ~~X?Zu?t~?D
30 42 31 20 20 36 33 33 34 00 09 50 6F 5A 75 3F   0B1  6334~~PoZu?
74 00 44 44 30 42 31 20 20 50 43 53 20 00 09 4F   t~DD0B1  PCS ~~O
24 5A 75 3F 74 00 3F 44 30 42 32 20 20 50 43 53   $Zu?t~?D0B2  PCS
20 00 09 4F 3F 5A 75 3F 74 00 3D 44 30 42 31 38    ~~O?Zu?t~=D0B18
38 39 39 39 39 00 00 2D 20 5A 75 3F 74 00 34 44   89999~~- Zu?t~4D
30 42 31 20 20 53 41 4C 55 00 00 10 3F 5A 75 3F   0B1  SALU~~~?Zu?
74 00 25 44 30 42 31 37 39 4D 45 44 44 00 00 3C   t~%D0B179MEDD~~<
3F 5A 75 3F 74 00 55 44 30 42 31 20 20 30 33 32   ?Zu?t~UD0B1  032
30 00 00 2D 20 5A 75 3F 74 00 45 44 30 42 31 20   0~~- Zu?t~ED0B1 
20 42 43 54 58 00 09 4E 3F 5A 75 3F 74 00 2C 44    BCTX~~N?Zu?t~,D
30 42 31 20 20 56 44 5A 20 00 00 39 3F 5A 75 3F   0B1  VDZ ~~9?Zu?
74 00 17 44 30 42 31 4D 36 43 4F 4D 46 00 09 4E   t~~D0B1M6COMF~~N
3F 5A 75 3F 74 00 0D 44 30 42 32 20 20 43 54 52   ?Zu?t~~D0B2  CTR
58 00 09 4E 3F 5A 75 3F 74 00 17 44 30 42 32 20   X~~N?Zu?t~~D0B2 
20 56 44 5A 20 00 00 2D 20 5A 75 3F 74 00 4A 44    VDZ ~~- Zu?t~JD
30 42 31 20 20 42 43 54 58 00 00 4E 3F 5A 75 3F   0B1  BCTX~~N?Zu?
74 00 35 44 30 42 31 20 20 49 53 20 20 00 00 42   t~5D0B1  IS  ~~B
72 5A 75 3F 75 00 2B 44 30 42 31 37 39 43 49 4D   rZu?u~+D0B179CIM
43 00 00 10 3F 5A 75 3F 75 00 30 44 30 42 31 20   C~~~?Zu?u~0D0B1 
20 4D 45 44 44 00 09 4F 3F 5A 75 3F 75 00 40 44    MEDD~~O?Zu?u~@D
30 42 31 37 36 39 39 39 39 00 00 3C 3F 5A 75 3F   0B1769999~~<?Zu?
75 00 13 44 30 42 32 20 20 30 33 32 30 00 00 0F   u~~D0B2  0320~~~
12 5A 75 3F 75 00 20 44 30 42 32 20 20 41 34 20   ~Zu?u~ D0B2  A4 
20 00 09 4E 3F 5A 75 3F 75 00 33 44 30 42 31 20    ~~N?Zu?u~3D0B1 
20 56 44 5A 20 00 09 51 2E 5A 75 3F 75 00 46 44    VDZ ~~Q.Zu?u~FD
30 42 31 38 38 48 4D 43 20 00 00 0E 01 5A 75 3F   0B188HMC ~~~~Zu?
75 00 6A 44 30 42 31 20 20 32 34 30 30 00 09 4F   u~jD0B1  2400~~O
31 5A 75 3F 75 00 2F 44 30 42 31 20 20 39 39 39   1Zu?u~/D0B1  999
39 00 00 10 3F 5A 75 3F 75 00 3C 44 30 42 31 37   9~~~?Zu?u~<D0B17
36 41 44 56 20 00 00 10 3F 5A 75 3F 75 00 43 44   6ADV ~~~?Zu?u~CD
30 42 31 20 20 4D 45 44 44 00 00 39 3F 5A 75 3F   0B1  MEDD~~9?Zu?
75 00 20 44 30 42 31 4D 36 43 4F 4D 46 00 00 10   u~ D0B1M6COMF~~~
3F 5A 75 3F 75 00 3D 44 30 42 31 20 20 41 44 56   ?Zu?u~=D0B1  ADV
20 00 09 4F 74 5A 75 3F 75 00 72 44 30 42 31 20    ~~OtZu?u~rD0B1 
20 44 52 57 56 00 00 58 3F 5A 75 3F 75 00 3F 44    DRWV~~X?Zu?u~?D
30 42 31 20 20 36 33 33 34 00 00 2D 20 5A 75 3F   0B1  6334~~- Zu?
75 00 3E 44 30 42 31 20 20 49 4C 44 52 00 00 2D   u~>D0B1  ILDR~~-
20 5A 75 3F 75 00 31 44 30 42 31 39 34 49 4C 44    Zu?u~1D0B194ILD
52 00 00 0F 12 5A 75 3F 75 00 17 44 30 42 32 20   R~~~~Zu?u~~D0B2 
20 41 34 20 20 00 00 4E 3F 5A 75 3F 75 00 40 44    A4  ~~N?Zu?u~@D
30 42 31 20 20 49 53 20 20 00 00 10 3F 5A 75 3F   0B1  IS  ~~~?Zu?
75 00 11 44 30 42 32 20 20 4D 45 44 44 00 09 51   u~~D0B2  MEDD~~Q
3F 5A 75 3F 75 00 75 44 30 42 31 37 30 46 4C 49   ?Zu?u~uD0B170FLI
50 00 09 4E 3F 5A 75 3F 75 00 3A 44 30 42 31 20   P~~N?Zu?u~:D0B1 
20 49 52 58 20 00 00 3C 3F 5A 75 3F 75 00 3B 44    IRX ~~<?Zu?u~;D
30 42 31 20 20 30 33 32 30 00 00 0F 12 5A 75 3F   0B1  0320~~~~Zu?
75 00 5D 44 30 42 31 20 20 41 34 20 20 00 00 10   u~]D0B1  A4  ~~~
3F 5A 75 3F 75 00 26 44 30 42 31 37 36 41 44 56   ?Zu?u~&D0B176ADV
20 00 00 55 41 5A 75 3F 75 00 1A 44 30 42 32 20    ~~UAZu?u~~D0B2 
20 49 52 58 20 00 09 4F 31 5A 75 3F 75 00 35 44    IRX ~~O1Zu?u~5D
30 42 31 37 39 39 39 39 39 00 00 0F 3F 5A 75 3F   0B1799999~~~?Zu?
75 00 2B 44 30 42 32 20 20 34 33 20 31 00 09 4E   u~+D0B2  43 1~~N
3F 5A 75 3F 75 00 3E 44 30 42 31 20 20 49 52 58   ?Zu?u~>D0B1  IRX
20 00 09 4F 31 5A 75 3F 75 00 1C 44 30 42 32 20    ~~O1Zu?u~~D0B2 
20 39 39 39 39 00 00 3E 7B 5A 75 3F 75 00 3F 44    9999~~>{Zu?u~?D
30 42 31 20 20 47 44 43 20 00 00 3C 3F 5A 75 3F   0B1  GDC ~~<?Zu?
75 00 31 44 30 42 31 36 35 30 33 32 30 00 00 10   u~1D0B1650320~~~
3F 5A 75 3F 75 00 10 44 30 42 31 4E 4E 41 44 56   ?Zu?u~~D0B1NNADV
20 00 09 4F 31 5A 75 3F 75 00 4A 44 30 42 31 20    ~~O1Zu?u~JD0B1 
20 39 39 39 39 00 00 11 3F 5A 75 3F 75 00 39 44    9999~~~?Zu?u~9D
30 42 31 20 20 4D 43 41 5A 00 09 50 4A 5A 75 3F   0B1  MCAZ~~PJZu?
75 00 14 44 30 42 31 4E 4E 53 43 31 20 00 09 4E   u~~D0B1NNSC1 ~~N
3F 5A 75 3F 75 00 2A 44 30 42 31 36 39 48 50 48   ?Zu?u~*D0B169HPH
43 00 09 4F 3F 5A 75 3F 75 00 48 44 30 42 31 20   C~~O?Zu?u~HD0B1 
20 39 39 39 39 00 09 51 3F 5A 75 3F 75 00 7E 44    9999~~Q?Zu?u~~D
30 42 31 20 20 43 52 58 4D 00 00 2F 52 5A 75 3F   0B1  CRXM~~/RZu?
75 00 3A 44 30 42 31 36 39 43 4F 42 41 00 00 2D   u~:D0B169COBA~~-
20 5A 75 3F 75 00 2C 44 30 42 31 39 34 53 41 4C    Zu?u~,D0B194SAL
55 00 09 4E 3F 5A 75 3F 75 00 2C 44 30 42 31 37   U~~N?Zu?u~,D0B17
58 56 44 5A 20 00 00 3C 3F 5A 75 3F 75 00 52 44   XVDZ ~~<?Zu?u~RD
30 42 31 20 20 30 33 32 30 00 00 22 3F 5A 75 3F   0B1  0320~~"?Zu?
75 00 38 44 30 42 31 20 20 57 44 52 58 00 00 25   u~8D0B1  WDRX~~%
53 5A 75 3F 75 00 3F 44 30 42 31 20 20 4D 41 53   SZu?u~?D0B1  MAS
53 00 09 4E 3F 5A 75 3F 75 00 25 44 30 42 31 34   S~~N?Zu?u~%D0B14
30 56 44 5A 20 00 00 0F 12 5A 75 3F 75 00 23 44   0VDZ ~~~~Zu?u~#D
30 42 32 20 20 41 34 20 20 00 00 10 3F 5A 75 3F   0B2  A4  ~~~?Zu?
75 00 2D 44 30 42 31 36 39 41 44 56 20 00 09 50   u~-D0B169ADV ~~P
3F 5A 75 3F 75 00 39 44 30 42 31 20 20 34 31 30   ?Zu?u~9D0B1  410
30 00 00 17 7C 5A 75 3F 75 00 5E 44 30 42 31 20   0~~~|Zu?u~^D0B1 
20 50 44 4D 49 00 09 4F 31 5A 75 3F 75 00 36 44    PDMI~~O1Zu?u~6D
30 42 31 20 20 39 39 39 39 00 00 58 3F 5A 75 3F   0B1  9999~~X?Zu?
75 00 5E 44 30 42 31 37 35 36 33 33 34 00 09 51   u~^D0B1756334~~Q
72 5A 75 3F 75 00 56 44 30 42 31 37 39 41 42 41   rZu?u~VD0B179ABA
52 00 00 19 3F 5A 75 3F 75 00 17 44 30 42 32 20   R~~~?Zu?u~~D0B2 
20 48 4A 4C 20 00 00 42 3F 5A 75 3F 75 00 3F 44    HJL ~~B?Zu?u~?D
30 42 31 20 20 4D 4E 50 52 00 00 0F 12 5A 75 3F   0B1  MNPR~~~~Zu?
75 00 26 44 30 42 31 52 36 41 34 20 20 00 09 4E   u~&D0B1R6A4  ~~N
3F 5A 75 3F 75 00 1B 44 30 42 32 20 20 56 44 5A   ?Zu?u~~D0B2  VDZ
20 00 00 0F 12 5A 75 3F 75 00 55 44 30 42 31 20    ~~~~Zu?u~UD0B1 
20 41 34 20 20 00 09 4E 3F 5A 75 3F 75 00 38 44    A4  ~~N?Zu?u~8D
30 42 31 20 20 56 44 5A 20 00 09 4F 24 5A 75 3F   0B1  VDZ ~~O$Zu?
75 00 3F 44 30 42 32 20 20 41 44 56 20 00 00 0F   u~?D0B2  ADV ~~~
12 5A 75 3F 75 00 36 44 30 42 31 37 58 41 34 20   ~Zu?u~6D0B17XA4 
20 00 00 10 3F 5A 75 3F 75 00 39 44 30 42 31 37    ~~~?Zu?u~9D0B17
36 41 44 56 20 00 09 4E 3F 5A 75 3F 75 00 55 44   6ADV ~~N?Zu?u~UD
30 42 31 20 20 56 44 5A 20 00 09 4E 3F 5A 75 3F   0B1  VDZ ~~N?Zu?
75 00 49 44 30 42 31 20 20 43 54 52 58 00 09 4E   u~ID0B1  CTRX~~N
3F 5A 75 3F 75 00 42 44 30 42 31 20 20 43 54 52   ?Zu?u~BD0B1  CTR
58 00 09 50 3F 5A 75 3F 75 00 3F 44 30 42 31 20   X~~P?Zu?u~?D0B1 
20 31 39 30 33 00 09 50 3F 5A 75 3F 75 00 26 44    1903~~P?Zu?u~&D
30 42 31 34 31 4D 45 44 44 00 00 0F 12 5A 75 3F   0B141MEDD~~~~Zu?
75 00 55 44 30 42 31 37 35 41 34 20 20 00 09 4F   u~UD0B175A4  ~~O
31 5A 75 3F 75 00 13 44 30 42 32 20 20 39 39 39   1Zu?u~~D0B2  999
03                                                ~