
02 31 35 30 36 37 30 31 36 34 35 4E 5A 30 34 00   ~1506701645NZ04~
00 31 30 54 50 30 30 30 30 5A 58 30 33 57 4C 47   ~10TP0000ZX03WLG
52 1C 0B 56 32 00 00 01 3F 01 3F 07 3F 00 02 00   R~~V2~~~?~?~?~~~
02 00 0D 00 29 00 1D 00 0C 00 00 00 23 55 3F 73   ~~~~)~~~~~~~#U?s
3F 00 41 00 49 00 00 39 2E 00 09 51 2A 5A 75 3F   ?~A~I~~9.~~Q*Zu?
04 00 51 44 30 42 31 37 30 4E 56 54 20 00 00 4B   ~~QD0B170NVT ~~K
3F 5A 75 3F 04 00 42 44 30 42 31 36 39 57 43 41   ?Zu?~~BD0B169WCA
52 00 00 3E 21 5A 75 3F 04 00 7B 44 30 42 32 20   R~~>!Zu?~~{D0B2 
20 42 43 42 53 00 09 4F 3F 5A 75 3F 04 00 2F 44    BCBS~~O?Zu?~~/D
30 42 31 20 20 39 39 39 39 00 09 50 3F 5A 75 3F   0B1  9999~~P?Zu?
04 00 6B 44 30 42 31 20 20 4D 43 41 49 00 00 0F   ~~kD0B1  MCAI~~~
12 5A 75 3F 04 00 2A 44 30 42 31 30 36 41 34 20   ~Zu?~~*D0B106A4 
20 00 00 10 3F 5A 75 3F 04 00 4E 44 30 42 31 43    ~~~?Zu?~~ND0B1C
31 4F 4F 4E 54 00 09 4E 3F 5A 75 3F 04 00 70 44   1OONT~~N?Zu?~~pD
30 42 31 20 20 49 52 58 20 00 09 4F 3F 5A 75 3F   0B1  IRX ~~O?Zu?
04 03 3F 44 30 42 31 20 20 46 57 20 20 00 09 51   ~~?D0B1  FW  ~~Q
2A 5A 75 3F 04 00 6D 44 30 42 31 20 20 4E 56 54   *Zu?~~mD0B1  NVT
20 00 09 4E 3F 5A 75 3F 04 00 36 44 30 42 31 20    ~~N?Zu?~~6D0B1 
20 56 44 5A 20 00 00 0F 12 5A 75 3F 04 00 21 44    VDZ ~~~~Zu?~~!D
30 42 32 20 20 41 34 20 20 00 09 51 1F 5A 75 3F   0B2  A4  ~~Q~Zu?
04 00 18 44 30 42 32 20 20 41 44 56 20 00 09 4F   ~~~D0B2  ADV ~~O
3F 5A 75 3F 04 00 31 44 30 42 31 20 20 39 39 39   ?Zu?~~1D0B1  999
39 00 00 11 3F 5A 75 3F 04 00 4B 44 30 42 31 20   9~~~?Zu?~~KD0B1 
20 41 4C 41 44 00 00 10 3F 5A 75 3F 04 00 16 44    ALAD~~~?Zu?~~~D
30 42 32 20 20 4D 45 44 44 00 09 4E 3F 5A 75 3F   0B2  MEDD~~N?Zu?
04 00 42 44 30 42 31 20 20 56 44 5A 20 00 00 32   ~~BD0B1  VDZ ~~2
21 5A 75 3F 04 00 2D 44 30 42 31 20 20 4D 45 44   !Zu?~~-D0B1  MED
44 00 09 4F 3F 5A 75 3F 04 00 4E 44 30 42 32 20   D~~O?Zu?~~ND0B2 
20 48 44 20 20 00 09 4F 3F 5A 75 3F 04 00 19 44    HD  ~~O?Zu?~~~D
30 42 32 20 20 39 39 39 39 00 09 4F 31 5A 75 3F   0B2  9999~~O1Zu?
05 00 51 44 30 42 31 20 20 39 39 39 39 00 09 4F   ~~QD0B1  9999~~O
3F 5A 75 3F 05 00 4D 44 30 42 31 37 36 39 39 39   ?Zu?~~MD0B176999
39 00 00 4E 3F 5A 75 3F 05 00 16 44 30 42 32 20   9~~N?Zu?~~~D0B2 
20 49 53 20 20 00 00 39 3F 5A 75 3F 05 00 22 44    IS  ~~9?Zu?~~"D
30 42 31 38 35 43 4F 4D 46 00 09 50 3F 5A 75 3F   0B185COMF~~P?Zu?
05 00 55 44 30 42 31 20 20 34 36 34 36 00 00 10   ~~UD0B1  4646~~~
32 5A 75 3F 05 00 3F 44 30 42 32 20 20 41 4C 4D   2Zu?~~?D0B2  ALM
45 00 09 4F 3F 5A 75 3F 05 00 3A 44 30 42 31 20   E~~O?Zu?~~:D0B1 
20 39 39 39 39 00 00 39 3F 5A 75 3F 05 00 3D 44    9999~~9?Zu?~~=D
30 42 31 38 35 43 4F 4D 46 00 00 4E 3F 5A 75 3F   0B185COMF~~N?Zu?
05 00 47 44 30 42 32 20 20 30 32 30 32 00 00 0F   ~~GD0B2  0202~~~
12 5A 75 3F 05 00 35 44 30 42 31 4D 52 4D 41 20   ~Zu?~~5D0B1MRMA 
20 00 00 39 3F 5A 75 3F 05 00 28 44 30 42 31 38    ~~9?Zu?~~(D0B18
35 43 4F 4D 46 00 00 2D 20 5A 75 3F 05 00 4D 44   5COMF~~- Zu?~~MD
30 42 31 20 20 31 32 31 35 00 09 4F 31 5A 75 3F   0B1  1215~~O1Zu?
05 00 10 44 30 42 32 20 20 39 39 39 39 00 00 42   ~~~D0B2  9999~~B
72 5A 75 3F 05 00 3C 44 30 42 31 4D 52 43 49 4D   rZu?~~<D0B1MRCIM
43 00 00 58 30 5A 75 3F 05 00 2A 44 30 42 31 20   C~~X0Zu?~~*D0B1 
20 43 54 52 58 00 09 50 3F 5A 75 3F 05 00 34 44    CTRX~~P?Zu?~~4D
30 42 31 38 35 34 31 34 31 00 0C 35 08 5A 75 3F   0B1854141~~5~Zu?
05 00 0B 44 30 42 32 20 20 49 48 43 50 00 00 0F   ~~~D0B2  IHCP~~~
12 5A 75 3F 05 00 4A 44 30 42 31 20 20 41 34 20   ~Zu?~~JD0B1  A4 
20 00 00 32 21 5A 75 3F 05 00 40 44 30 42 31 20    ~~2!Zu?~~@D0B1 
20 46 4C 42 43 00 09 50 3F 5A 75 3F 05 00 31 44    FLBC~~P?Zu?~~1D
30 42 31 30 39 4C 4F 59 41 00 00 3D 3F 5A 75 3F   0B109LOYA~~=?Zu?
05 00 37 44 30 42 31 37 30 43 54 52 58 00 00 12   ~~7D0B170CTRX~~~
4A 5A 75 3F 05 01 34 44 30 42 31 20 20 39 36 20   JZu?~~4D0B1  96 
20 00 00 06 11 5A 75 3F 05 00 2B 44 30 42 31 20    ~~~~Zu?~~+D0B1 
20 54 4E 4D 20 00 09 4F 31 5A 75 3F 05 00 16 44    TNM ~~O1Zu?~~~D
30 42 32 20 20 39 39 39 39 00 09 4E 3F 5A 75 3F   0B2  9999~~N?Zu?
05 00 43 44 30 42 31 20 20 49 52 58 20 00 00 42   ~~CD0B1  IRX ~~B
3F 5A 75 3F 05 00 6D 44 30 42 31 20 20 41 53 50   ?Zu?~~mD0B1  ASP
52 00 09 51 72 5A 75 3F 05 00 4B 44 30 42 31 20   R~~QrZu?~~KD0B1 
20 41 42 41 52 00 00 39 3F 5A 75 3F 05 00 1B 44    ABAR~~9?Zu?~~~D
30 42 31 38 35 43 4F 4D 46 00 09 4E 3F 5A 75 3F   0B185COMF~~N?Zu?
05 00 17 44 30 42 32 20 20 56 44 5A 20 00 00 0F   ~~~D0B2  VDZ ~~~
12 5A 75 3F 05 00 41 44 30 42 31 20 20 4D 41 20   ~Zu?~~AD0B1  MA 
20 00 00 3C 3F 5A 75 3F 05 00 51 44 30 42 31 20    ~~<?Zu?~~QD0B1 
20 30 33 32 30 00 09 50 3F 5A 75 3F 05 00 5D 44    0320~~P?Zu?~~]D
30 42 31 20 20 39 39 39 39 00 09 4F 31 5A 75 3F   0B1  9999~~O1Zu?
05 00 35 44 30 42 31 20 20 39 39 39 39 00 00 10   ~~5D0B1  9999~~~
3F 5A 75 3F 05 00 20 44 30 42 31 36 39 41 44 56   ?Zu?~~ D0B169ADV
20 00 00 4E 3F 5A 75 3F 05 00 46 44 30 42 31 20    ~~N?Zu?~~FD0B1 
20 57 47 20 20 00 09 4E 3F 5A 75 3F 05 00 43 44    WG  ~~N?Zu?~~CD
30 42 31 20 20 49 52 58 20 00 00 0F 12 5A 75 3F   0B1  IRX ~~~~Zu?
05 00 42 44 30 42 31 36 35 41 34 20 20 00 00 10   ~~BD0B165A4  ~~~
3F 5A 75 3F 05 01 63 44 30 42 31 20 20 4F 4F 4E   ?Zu?~~cD0B1  OON
54 00 09 50 3F 5A 75 3F 05 00 3B 44 30 42 31 20   T~~P?Zu?~~;D0B1 
20 4D 48 43 50 00 00 10 3F 5A 75 3F 05 00 3E 44    MHCP~~~?Zu?~~>D
30 42 31 37 39 4D 45 44 44 00 00 19 3F 5A 75 3F   0B179MEDD~~~?Zu?
05 00 08 44 30 42 32 20 20 48 4A 4C 20 00 00 10   ~~~D0B2  HJL ~~~
3F 5A 75 3F 05 00 40 44 30 42 31 37 30 4D 45 44   ?Zu?~~@D0B170MED
44 00 09 4F 31 5A 75 3F 05 00 41 44 30 42 31 20   D~~O1Zu?~~AD0B1 
20 39 39 39 39 00 00 4E 48 5A 75 3F 05 00 3D 44    9999~~NHZu?~~=D
30 42 31 38 33 45 50 49 50 00 09 50 3F 5A 75 3F   0B183EPIP~~P?Zu?
05 00 4B 44 30 42 31 37 35 4D 48 43 50 00 00 11   ~~KD0B175MHCP~~~
3F 5A 75 3F 05 00 28 44 30 42 31 38 38 53 54 52   ?Zu?~~(D0B188STR
49 00 09 3F 3F 5A 75 3F 05 00 5D 44 30 42 32 20   I~~??Zu?~~]D0B2 
20 53 54 4C 31 00 00 0F 12 5A 75 3F 05 00 28 44    STL1~~~~Zu?~~(D
30 42 31 41 43 41 34 20 20 00 09 4F 3F 5A 75 3F   0B1ACA4  ~~O?Zu?
05 00 15 44 30 42 32 20 20 46 45 50 52 00 09 4E   ~~~D0B2  FEPR~~N
3F 5A 75 3F 05 00 2E 44 30 42 32 20 20 49 52 58   ?Zu?~~.D0B2  IRX
20 00 00 2D 20 5A 75 3F 05 00 57 44 30 42 31 20    ~~- Zu?~~WD0B1 
20 49 4C 44 52 00 00 58 3F 5A 75 3F 05 00 3F 44    ILDR~~X?Zu?~~?D
30 42 31 20 20 36 33 33 34 00 09 51 2A 5A 75 3F   0B1  6334~~Q*Zu?
05 00 24 44 30 42 32 20 20 45 54 46 20 00 00 58   ~~$D0B2  ETF ~~X
3F 5A 75 3F 05 00 5E 44 30 42 31 20 20 36 33 33   ?Zu?~~^D0B1  633
34 00 09 50 3F 5A 75 3F 05 00 4A 44 30 42 31 35   4~~P?Zu?~~JD0B15
36 45 4D 4E 48 00 09 50 3F 5A 75 3F 05 00 2E 44   6EMNH~~P?Zu?~~.D
30 42 31 37 39 4D 45 44 44 00 09 4F 3F 5A 75 3F   0B179MEDD~~O?Zu?
05 00 40 44 30 42 31 20 20 39 39 39 39 00 09 50   ~~@D0B1  9999~~P
3F 5A 75 3F 05 01 3F 44 30 42 31 20 20 31 39 30   ?Zu?~~?D0B1  190
33 00 00 26 09 5A 75 3F 05 00 6A 44 30 42 31 20   3~~&~Zu?~~jD0B1 
20 50 30 30 38 00 09 4F 3F 5A 75 3F 05 00 3C 44    P008~~O?Zu?~~<D
30 42 31 20 20 46 45 50 52 00 00 37 63 5A 75 3F   0B1  FEPR~~7cZu?
05 00 50 44 30 42 31 20 20 39 37 34 33 00 00 2D   ~~PD0B1  9743~~-
20 5A 75 3F 05 00 31 44 30 42 31 20 20 31 32 31    Zu?~~1D0B1  121
35 00 00 3C 3F 5A 75 3F 05 00 16 44 30 42 32 20   5~~<?Zu?~~~D0B2 
20 30 33 32 30 00 00 4E 3F 5A 75 3F 05 00 44 44    0320~~N?Zu?~~DD
30 42 31 37 36 57 47 20 20 00 00 39 3F 5A 75 3F   0B176WG  ~~9?Zu?
05 00 31 44 30 42 31 38 35 43 4F 4D 46 00 09 4E   ~~1D0B185COMF~~N
3F 5A 75 3F 05 00 3C 44 30 42 31 37 35 56 44 5A   ?Zu?~~<D0B175VDZ
20 00 09 4F 3F 5A 75 3F 05 00 43 44 30 42 31 37    ~~O?Zu?~~CD0B17
35 46 45 50 52 00 09 4E 3F 5A 75 3F 05 00 57 44   5FEPR~~N?Zu?~~WD
30 42 31 37 35 56 44 5A 20 00 00 30 18 5A 75 3F   0B175VDZ ~~0~Zu?
05 00 3F 44 30 42 31 37 30 50 41 52 54 00 09 4F   ~~?D0B170PART~~O
31 5A 75 3F 05 00 4D 44 30 42 31 37 39 39 39 39   1Zu?~~MD0B179999
39 00 00 10 3F 5A 75 3F 05 00 2D 44 30 42 31 20   9~~~?Zu?~~-D0B1 
20 4D 45 44 44 00 00 10 3F 5A 75 3F 05 00 3D 44    MEDD~~~?Zu?~~=D
30 42 31 20 20 41 44 56 20 00 09 4F 3F 5A 75 3F   0B1  ADV ~~O?Zu?
05 00 49 44 30 42 31 20 20 39 39 39 39 00 00 10   ~~ID0B1  9999~~~
3F 5A 75 3F 05 00 2C 44 30 42 31 34 30 4D 43 41   ?Zu?~~,D0B140MCA
49 00 00 30 18 5A 75 3F 05 00 52 44 30 42 31 20   I~~0~Zu?~~RD0B1 
20 50 41 52 54 00 09 4E 3F 5A 75 3F 05 00 41 44    PART~~N?Zu?~~AD
30 42 31 37 30 49 52 58 20 00 00 3C 3F 5A 75 3F   0B170IRX ~~<?Zu?
05 00 3C 44 30 42 31 20 20 30 33 32 30 00 00 4E   ~~<D0B1  0320~~N
3F 5A 75 3F 05 00 40 44 30 42 31 20 20 57 47 20   ?Zu?~~@D0B1  WG 
20 00 00 0F 12 5A 75 3F 05 00 42 44 30 42 31 20    ~~~~Zu?~~BD0B1 
20 41 34 20 20 00 00 4E 3F 5A 75 3F 05 00 3B 44    A4  ~~N?Zu?~~;D
30 42 31 37 39 57 47 20 20 00 00 38 3F 5A 75 3F   0B179WG  ~~8?Zu?
05 00 39 44 30 42 31 20 20 49 4D 4D 55 00 09 4F   ~~9D0B1  IMMU~~O
31 5A 75 3F 05 00 5E 44 30 42 31 20 20 39 39 39   1Zu?~~^D0B1  999
39 00 09 4E 3F 5A 75 3F 05 00 2C 44 30 42 31 20   9~~N?Zu?~~,D0B1 
20 56 44 5A 20 00 09 4F 31 5A 75 3F 05 00 49 44    VDZ ~~O1Zu?~~ID
30 42 31 20 20 39 39 39 39 00 00 0E 01 5A 75 3F   0B1  9999~~~~Zu?
05 00 63 44 30 42 31 20 20 41 53 50 52 00 09 4F   ~~cD0B1  ASPR~~O
31 5A 75 3F 05 00 3C 44 30 42 31 37 30 39 39 39   1Zu?~~<D0B170999
39 00 00 44 3F 5A 75 3F 05 00 50 44 30 42 31 20   9~~D?Zu?~~PD0B1 
20 50 30 32 37 00 09 4F 31 5A 75 3F 05 00 1F 44    P027~~O1Zu?~~~D
30 42 32 20 20 39 39 39 39 00 00 10 3F 5A 75 3F   0B2  9999~~~?Zu?
05 00 15 44 30 42 32 20 20 4D 45 44 44 00 09 4E   ~~~D0B2  MEDD~~N
3F 5A 75 3F 05 00 35 44 30 42 31 37 35 56 44 5A   ?Zu?~~5D0B175VDZ
20 00 09 51 1F 5A 75 3F 05 00 33 44 30 42 31 20    ~~Q~Zu?~~3D0B1 
20 41 44 56 20 00 00 42 3F 5A 75 3F 05 00 43 44    ADV ~~B?Zu?~~CD
30 42 31 20 20 41 53 50 52 00 09 4E 3F 5A 75 3F   0B1  ASPR~~N?Zu?
05 00 2F 44 30 42 31 20 20 4D 49 42 43 00 09 4F   ~~/D0B1  MIBC~~O
31 5A 75 3F 05 00 45 44 30 42 31 20 20 39 39 39   1Zu?~~ED0B1  999
39 00 09 4F 3F 5A 75 3F 05 00 51 44 30 42 31 20   9~~O?Zu?~~QD0B1 
20 39 39 39 39 00 09 51 72 5A 75 3F 05 00 14 44    9999~~QrZu?~~~D
30 42 32 20 20 41 42 41 52 00 00 4E 3F 5A 75 3F   0B2  ABAR~~N?Zu?
05 00 3B 44 30 42 31 37 39 57 47 20 20 00 00 4E   ~~;D0B179WG  ~~N
3F 5A 75 3F 05 00 16 44 30 42 32 20 20 4E 43 20   ?Zu?~~~D0B2  NC 
20 00 00 5D 48 5A 75 3F 05 00 7F 44 30 42 31 20    ~~]HZu?~~~D0B1 
20 4B 59 50 52 00 00 10 3F 5A 75 3F 05 00 01 44    KYPR~~~?Zu?~~~D
30 42 31 38 38 4D 43 41 49 00 00 0F 12 5A 75 3F   0B188MCAI~~~~Zu?
05 00 20 44 30 42 32 20 20 41 34 20 20 00 00 0F   ~~ D0B2  A4  ~~~
12 5A 75 3F 05 00 33 44 30 42 31 20 20 41 34 20   ~Zu?~~3D0B1  A4 
20 00 00 42 72 5A 75 3F 05 00 14 44 30 42 32 20    ~~BrZu?~~~D0B2 
20 30 35 31 38 00 09 4E 3F 5A 75 3F 05 00 16 44    0518~~N?Zu?~~~D
30 42 32 20 20 56 44 5A 20 00 09 4E 3F 5A 75 3F   0B2  VDZ ~~N?Zu?
05 00 3D 44 30 42 31 20 20 56 44 5A 20 00 09 4E   ~~=D0B1  VDZ ~~N
3F 5A 75 3F 05 00 2D 44 30 42 31 37 39 43 52 4B   ?Zu?~~-D0B179CRK
20 00 00 39 3F 5A 75 3F 05 00 3F 44 30 42 31 38    ~~9?Zu?~~?D0B18
35 43 4F 4D 46 00 00 10 3F 5A 75 3F 05 00 33 44   5COMF~~~?Zu?~~3D
30 42 31 37 35 41 44 56 20 00 09 4F 3F 5A 75 3F   0B175ADV ~~O?Zu?
05 00 16 44 30 42 32 20 20 39 39 39 39 00 00 4E   ~~~D0B2  9999~~N
3F 5A 75 3F 05 00 40 44 30 42 31 20 20 41 43 20   ?Zu?~~@D0B1  AC 
20 00 00 0E 01 5A 75 3F 06 00 69 44 30 42 31 20    ~~~~Zu?~~iD0B1 
20 32 34 30 30 00 09 4E 3F 5A 75 3F 06 00 22 44    2400~~N?Zu?~~"D
30 42 32 20 20 56 44 5A 20 00 00 10 3F 5A 75 3F   0B2  VDZ ~~~?Zu?
06 00 4B 44 30 42 31 20 20 41 44 56 20 00 00 42   ~~KD0B1  ADV ~~B
72 5A 75 3F 06 00 30 44 30 42 31 20 20 43 49 4D   rZu?~~0D0B1  CIM
43 00 09 4F 3F 5A 75 3F 06 00 34 44 30 42 31 20   C~~O?Zu?~~4D0B1 
20 39 39 39 39 00 00 39 3F 5A 75 3F 06 00 30 44    9999~~9?Zu?~~0D
30 42 31 38 35 43 4F 4D 46 00 00 10 3F 5A 75 3F   0B185COMF~~~?Zu?
06 00 3C 44 30 42 31 37 36 41 44 56 20 00 09 4F   ~~<D0B176ADV ~~O
4F 5A 75 3F 06 00 38 44 30 42 31 37 36 30 31 39   OZu?~~8D0B176019
36 00 00 10 3F 5A 75 3F 06 00 0D 44 30 42 32 20   6~~~?Zu?~~~D0B2 
20 41 44 56 20 00 00 2D 20 5A 75 3F 06 00 29 44    ADV ~~- Zu?~~)D
30 42 32 20 20 49 4C 44 52 00 00 10 3F 5A 75 3F   0B2  ILDR~~~?Zu?
06 00 4C 44 30 42 31 20 20 41 44 56 20 00 00 26   ~~LD0B1  ADV ~~&
3F 5A 75 3F 06 00 6D 44 30 42 31 20 20 52 4F 49   ?Zu?~~mD0B1  ROI
52 00 09 4F 31 5A 75 3F 06 00 30 44 30 42 31 20   R~~O1Zu?~~0D0B1 
20 39 39 39 39 00 00 2D 20 5A 75 3F 06 00 3F 44    9999~~- Zu?~~?D
30 42 31 37 30 49 4C 44 52 00 09 51 2A 5A 75 3F   0B170ILDR~~Q*Zu?
06 00 2C 44 30 42 32 20 20 45 54 46 20 00 00 10   ~~,D0B2  ETF ~~~
3F 5A 75 3F 06 00 0A 44 30 42 32 20 20 4D 45 44   ?Zu?~~~D0B2  MED
44 00 09 50 3F 5A 75 3F 06 00 0F 44 30 42 31 4E   D~~P?Zu?~~~D0B1N
4E 41 44 44 50 00 00 4D 3F 5A 75 3F 06 00 32 44   NADDP~~M?Zu?~~2D
30 42 32 20 20 43 48 49 50 00 00 0F 12 5A 75 3F   0B2  CHIP~~~~Zu?
06 00 26 44 30 42 32 20 20 41 34 20 20 00 00 10   ~~&D0B2  A4  ~~~
3F 5A 75 3F 06 00 37 44 30 42 31 20 20 41 44 56   ?Zu?~~7D0B1  ADV
20 00 09 50 3F 5A 75 3F 06 00 15 44 30 42 32 20    ~~P?Zu?~~~D0B2 
20 4D 45 44 44 00 0C 35 0A 5A 75 3F 06 00 13 44    MEDD~~5~Zu?~~~D
30 42 32 20 20 4C 44 49 20 00 00 2D 20 5A 75 3F   0B2  LDI ~~- Zu?
06 00 25 44 30 42 32 20 20 42 43 54 58 00 00 4F   ~~%D0B2  BCTX~~O
3F 5A 75 3F 06 00 51 44 30 42 31 20 20 49 52 58   ?Zu?~~QD0B1  IRX
4D 00 00 4E 3F 5A 75 3F 06 00 46 44 30 42 31 37   M~~N?Zu?~~FD0B17
30 49 53 20 20 00 00 32 21 5A 75 3F 06 00 19 44   0IS  ~~2!Zu?~~~D
30 42 32 20 20 46 4C 42 43 00 00 32 21 5A 75 3F   0B2  FLBC~~2!Zu?
06 00 20 44 30 42 32 20 20 46 4C 42 43 00 00 42   ~~ D0B2  FLBC~~B
72 5A 75 3F 06 00 27 44 30 42 31 36 39 43 49 4D   rZu?~~'D0B169CIM
43 00 00 10 3F 5A 75 3F 06 00 30 44 30 42 31 20   C~~~?Zu?~~0D0B1 
20 41 44 56 20 00 09 4F 3F 5A 75 3F 06 00 3F 44    ADV ~~O?Zu?~~?D
30 42 31 20 20 46 45 50 52 00 00 10 3F 5A 75 3F   0B1  FEPR~~~?Zu?
06 00 1B 44 30 42 31 35 36 4D 45 44 44 00 00 06   ~~~D0B156MEDD~~~
11 5A 75 3F 06 00 27 44 30 42 31 37 35 54 4E 4D   ~Zu?~~'D0B175TNM
20 00 00 58 3F 5A 75 3F 06 00 39 44 30 42 31 34    ~~X?Zu?~~9D0B14
31 36 33 33 34 00 00 32 21 5A 75 3F 06 00 37 44   16334~~2!Zu?~~7D
30 42 31 20 20 46 4C 42 43 00 09 4E 3F 5A 75 3F   0B1  FLBC~~N?Zu?
06 00 0C 44 30 42 32 20 20 43 54 52 58 00 09 4E   ~~~D0B2  CTRX~~N
3F 5A 75 3F 06 00 26 44 30 42 31 36 39 56 44 5A   ?Zu?~~&D0B169VDZ
20 00 00 42 72 5A 75 3F 06 00 19 44 30 42 32 20    ~~BrZu?~~~D0B2 
20 30 35 31 38 00 00 4E 3F 5A 75 3F 06 00 2E 44    0518~~N?Zu?~~.D
30 42 31 20 20 49 53 20 20 00 00 39 3F 5A 75 3F   0B1  IS  ~~9?Zu?
06 00 19 44 30 42 31 4D 36 43 4F 4D 46 00 00 3C   ~~~D0B1M6COMF~~<
3F 5A 75 3F 06 00 42 44 30 42 31 20 20 30 33 32   ?Zu?~~BD0B1  032
30 00 00 0F 12 5A 75 3F 06 00 6A 44 30 42 31 37   0~~~~Zu?~~jD0B17
35 41 34 20 20 00 09 4F 31 5A 75 3F 06 00 0F 44   5A4  ~~O1Zu?~~~D
30 42 32 20 20 39 39 39 39 00 09 50 3F 5A 75 3F   0B2  9999~~P?Zu?
06 00 62 44 30 42 31 34 31 31 39 30 33 00 09 4F   ~~bD0B1411903~~O
31 5A 75 3F 06 00 29 44 30 42 31 36 35 39 39 39   1Zu?~~)D0B165999
39 00 00 10 3F 5A 75 3F 06 00 17 44 30 42 32 20   9~~~?Zu?~~~D0B2 
20 41 44 56 20 00 09 50 3F 5A 75 3F 06 00 29 44    ADV ~~P?Zu?~~)D
30 42 31 37 36 30 30 36 37 00 00 3C 3F 5A 75 3F   0B1760067~~<?Zu?
06 00 29 44 30 42 31 36 35 30 33 32 30 00 00 3C   ~~)D0B1650320~~<
3F 5A 75 3F 06 00 28 44 30 42 32 20 20 30 33 32   ?Zu?~~(D0B2  032
30 00 09 4F 31 5A 75 3F 06 00 50 44 30 42 31 20   0~~O1Zu?~~PD0B1 
20 39 39 39 39 00 00 58 3F 5A 75 3F 06 00 6C 44    9999~~X?Zu?~~lD
30 42 31 37 35 36 33 33 34 00 00 3C 3F 5A 75 3F   0B1756334~~<?Zu?
06 00 11 44 30 42 32 20 20 30 33 32 30 00 00 3C   ~~~D0B2  0320~~<
3F 5A 75 3F 06 00 3F 44 30 42 31 20 20 30 33 32   ?Zu?~~?D0B1  032
30 00 00 10 3F 5A 75 3F 06 00 2B 44 30 42 31 35   0~~~?Zu?~~+D0B15
32 41 44 56 20 00 00 0F 12 5A 75 3F 06 00 6B 44   2ADV ~~~~Zu?~~kD
30 42 31 38 38 41 34 20 20 00 00 39 3F 5A 75 3F   0B188A4  ~~9?Zu?
06 00 2B 44 30 42 31 4D 36 43 4F 4D 46 00 00 32   ~~+D0B1M6COMF~~2
21 5A 75 3F 06 00 31 44 30 42 31 20 20 46 4C 42   !Zu?~~1D0B1  FLB
43 00 09 29 6C 5A 75 3F 06 00 15 44 30 42 31 31   C~~)lZu?~~~D0B11
37 4E 4F 52 45 00 09 4F 4F 5A 75 3F 06 00 25 44   7NORE~~OOZu?~~%D
30 42 32 20 20 30 31 39 36 00 09 4E 3F 5A 75 3F   0B2  0196~~N?Zu?
06 00 31 44 30 42 31 20 20 56 44 5A 20 00 00 10   ~~1D0B1  VDZ ~~~
3F 5A 75 3F 06 00 3F 44 30 42 31 20 20 41 44 56   ?Zu?~~?D0B1  ADV
20 00 09 50 3F 5A 75 3F 06 00 20 44 30 42 32 20    ~~P?Zu?~~ D0B2 
20 34 34 34 34 00 00 10 3F 5A 75 3F 06 00 58 44    4444~~~?Zu?~~XD
30 42 31 20 20 4D 45 44 44 00 09 51 2A 5A 75 3F   0B1  MEDD~~Q*Zu?
06 00 50 44 30 42 31 20 20 4D 43 44 20 00 09 51   ~~PD0B1  MCD ~~Q
2A 5A 75 3F 06 00 3E 44 30 42 31 20 20 4E 56 54   *Zu?~~>D0B1  NVT
20 00 00 10 3F 5A 75 3F 06 00 41 44 30 42 31 20    ~~~?Zu?~~AD0B1 
20 41 44 56 20 00 00 4E 3F 5A 75 3F 06 00 42 44    ADV ~~N?Zu?~~BD
30 42 31 37 36 57 47 20 20 00 00 58 3F 5A 75 3F   0B176WG  ~~X?Zu?
06 00 3F 44 30 42 31 20 20 36 33 33 34 00 00 0F   ~~?D0B1  6334~~~
12 5A 75 3F 06 00 32 44 30 42 31 20 20 41 34 20   ~Zu?~~2D0B1  A4 
20 00 09 4F 3F 5A 75 3F 06 00 41 44 30 42 31 20    ~~O?Zu?~~AD0B1 
20 46 45 50 52 00 09 4F 31 5A 75 3F 06 00 0F 44    FEPR~~O1Zu?~~~D
30 42 32 20 20 39 39 39 39 00 09 4E 3F 5A 75 3F   0B2  9999~~N?Zu?
06 00 32 44 30 42 31 20 20 49 52 58 20 00 09 4E   ~~2D0B1  IRX ~~N
3F 5A 75 3F 06 00 36 44 30 42 31 20 20 49 52 58   ?Zu?~~6D0B1  IRX
20 00 00 17 3B 5A 75 3F 06 00 39 44 30 42 31 20    ~~~;Zu?~~9D0B1 
20 43 4C 41 49 00 00 10 3F 5A 75 3F 06 00 47 44    CLAI~~~?Zu?~~GD
30 42 31 37 30 4D 45 44 44 00 09 34 3F 5A 75 3F   0B170MEDD~~4?Zu?
06 00 26 44 30 42 31 39 36 30 31 34 31 00 09 50   ~~&D0B1960141~~P
3F 5A 75 3F 06 01 1E 44 30 42 31 37 36 31 39 30   ?Zu?~~~D0B176190
33 00 09 4F 31 5A 75 3F 06 00 38 44 30 42 31 20   3~~O1Zu?~~8D0B1 
20 39 39 39 39 00 09 4F 3F 5A 75 3F 06 00 24 44    9999~~O?Zu?~~$D
30 42 31 36 35 37 37 37 37 00 00 39 3F 5A 75 3F   0B1657777~~9?Zu?
06 00 1F 44 30 42 31 4D 36 43 4F 4D 46 00 00 42   ~~~D0B1M6COMF~~B
72 5A 75 3F 06 00 4A 44 30 42 31 20 20 30 35 31   rZu?~~JD0B1  051
38 00 00 3C 3F 5A 75 3F 06 00 43 44 30 42 31 20   8~~<?Zu?~~CD0B1 
20 30 33 32 30 00 09 4E 3F 5A 75 3F 06 00 2C 44    0320~~N?Zu?~~,D
30 42 31 37 39 56 44 5A 20 00 00 10 3F 5A 75 3F   0B179VDZ ~~~?Zu?
06 00 1A 44 30 42 31 45 37 4D 45 44 44 00 00 48   ~~~D0B1E7MEDD~~H
3F 5A 75 3F 06 00 24 44 30 42 31 20 20 48 45 4C   ?Zu?~~$D0B1  HEL
50 00 09 50 3F 5A 75 3F 06 00 43 44 30 42 31 20   P~~P?Zu?~~CD0B1 
20 4D 48 43 50 00 09 4F 31 5A 75 3F 06 00 47 44    MHCP~~O1Zu?~~GD
30 42 31 37 39 39 39 39 39 00 09 4E 3F 5A 75 3F   0B1799999~~N?Zu?
06 00 2E 44 30 42 31 36 39 49 52 58 20 00 09 51   ~~.D0B169IRX ~~Q
1F 5A 75 3F 06 00 35 44 30 42 31 37 39 4D 45 44   ~Zu?~~5D0B179MED
44 00 09 4F 3F 5A 75 3F 06 00 2F 44 30 42 31 36   D~~O?Zu?~~/D0B16
39 39 39 39 39 00 09 4E 3F 5A 75 3F 06 00 2D 44   99999~~N?Zu?~~-D
30 42 31 20 20 56 44 5A 20 00 00 58 3F 5A 75 3F   0B1  VDZ ~~X?Zu?
06 00 12 44 30 42 32 20 20 36 33 33 34 00 00 4E   ~~~D0B2  6334~~N
3F 5A 75 3F 06 00 59 44 30 42 31 20 20 57 47 20   ?Zu?~~YD0B1  WG 
20 00 00 58 3F 5A 75 3F 06 00 3F 44 30 42 31 20    ~~X?Zu?~~?D0B1 
20 36 33 33 34 00 00 32 21 5A 75 3F 06 00 2B 44    6334~~2!Zu?~~+D
30 42 31 39 34 4D 45 44 44 00 09 50 3F 5A 75 3F   0B194MEDD~~P?Zu?
06 00 10 44 30 42 31 4E 4E 42 43 52 49 00 00 0F   ~~~D0B1NNBCRI~~~
12 5A 75 3F 06 00 3F 44 30 42 31 20 20 41 34 20   ~Zu?~~?D0B1  A4 
20 00 00 3E 7B 5A 75 3F 06 00 3F 44 30 42 32 20    ~~>{Zu?~~?D0B2 
20 47 44 43 20 00 00 4E 3F 5A 75 3F 06 00 34 44    GDC ~~N?Zu?~~4D
30 42 31 20 20 4E 43 20 20 00 00 0F 12 5A 75 3F   0B1  NC  ~~~~Zu?
06 00 58 44 30 42 31 20 20 41 34 20 20 00 09 50   ~~XD0B1  A4  ~~P
3F 5A 75 3F 06 00 4C 44 30 42 31 37 30 34 34 30   ?Zu?~~LD0B170440
30 00 00 3E 7B 5A 75 3F 06 00 3F 44 30 42 31 20   0~~>{Zu?~~?D0B1 
20 47 44 43 20 00 09 3F 1D 5A 75 3F 06 00 0D 44    GDC ~~?~Zu?~~~D
30 42 32 20 20 30 31 34 31 00 09 4E 3F 5A 75 3F   0B2  0141~~N?Zu?
06 00 33 44 30 42 31 20 20 49 52 58 20 00 09 4F   ~~3D0B1  IRX ~~O
3F 5A 75 3F 06 00 38 44 30 42 31 20 20 39 39 39   ?Zu?~~8D0B1  999
39 00 00 3B 51 5A 75 3F 06 00 7E 44 30 42 31 20   9~~;QZu?~~~D0B1 
20 43 4D 53 50 00 00 2D 20 5A 75 3F 06 00 37 44    CMSP~~- Zu?~~7D
30 42 31 20 20 42 43 54 58 00 09 4F 3F 5A 75 3F   0B1  BCTX~~O?Zu?
06 00 34 44 30 42 31 20 20 37 37 37 37 00 09 51   ~~4D0B1  7777~~Q
2A 5A 75 3F 06 00 55 44 30 42 31 20 20 35 31 30   *Zu?~~UD0B1  510
34 00 00 3D 3F 5A 75 3F 07 00 60 44 30 42 31 20   4~~=?Zu?~~`D0B1 
20 30 36 30 38 00 09 4F 4F 5A 75 3F 07 00 3F 44    0608~~OOZu?~~?D
30 42 31 20 20 30 31 39 36 00 00 0F 12 5A 75 3F   0B1  0196~~~~Zu?
07 00 48 44 30 42 31 20 20 41 34 20 20 00 00 2D   ~~HD0B1  A4  ~~-
20 5A 75 3F 07 00 08 44 30 42 32 20 20 49 4C 43    Zu?~~~D0B2  ILC
41 00 00 10 3F 5A 75 3F 07 00 39 44 30 42 31 20   A~~~?Zu?~~9D0B1 
20 4D 45 44 44 00 00 4E 3F 5A 75 3F 07 00 45 44    MEDD~~N?Zu?~~ED
30 42 31 20 20 57 47 20 20 00 00 0F 12 5A 75 3F   0B1  WG  ~~~~Zu?
07 00 10 44 30 42 32 20 20 4D 41 20 20 00 09 4E   ~~~D0B2  MA  ~~N
3F 5A 75 3F 07 00 30 44 30 42 31 20 20 4D 49 42   ?Zu?~~0D0B1  MIB
43 00 09 4F 31 5A 75 3F 07 00 3C 44 30 42 31 20   C~~O1Zu?~~<D0B1 
20 39 39 39 39 00 09 4E 3F 5A 75 3F 07 00 3C 44    9999~~N?Zu?~~<D
30 42 31 20 20 4D 45 44 44 00 00 10 3F 5A 75 3F   0B1  MEDD~~~?Zu?
07 00 3A 44 30 42 31 20 20 37 37 39 39 00 09 4F   ~~:D0B1  7799~~O
3F 5A 75 3F 07 00 14 44 30 42 32 20 20 46 45 50   ?Zu?~~~D0B2  FEP
52 00 00 42 72 5A 75 3F 07 00 57 44 30 42 31 20   R~~BrZu?~~WD0B1 
20 30 35 31 38 00 00 2D 20 5A 75 3F 07 00 2C 44    0518~~- Zu?~~,D
30 42 31 36 39 49 4C 44 52 00 00 3C 3F 5A 75 3F   0B169ILDR~~<?Zu?
07 00 41 44 30 42 31 20 20 30 33 32 30 00 00 10   ~~AD0B1  0320~~~
3F 5A 75 3F 07 00 2C 44 30 42 31 30 36 41 44 56   ?Zu?~~,D0B106ADV
20 00 00 2D 20 5A 75 3F 07 00 1A 44 30 42 32 20    ~~- Zu?~~~D0B2 
20 49 4C 44 52 00 09 4F 31 5A 75 3F 07 00 40 44    ILDR~~O1Zu?~~@D
30 42 31 38 38 39 39 39 39 00 00 39 3F 5A 75 3F   0B1889999~~9?Zu?
07 00 37 44 30 42 31 38 35 43 4F 4D 46 00 09 4F   ~~7D0B185COMF~~O
31 5A 75 3F 07 00 55 44 30 42 31 20 20 39 39 39   1Zu?~~UD0B1  999
39 00 00 26 3F 5A 75 3F 07 00 0D 44 30 42 32 20   9~~&?Zu?~~~D0B2 
20 52 4F 49 52 00 00 10 32 5A 75 3F 07 00 3F 44    ROIR~~~2Zu?~~?D
30 42 31 20 20 41 4C 4D 45 00 00 10 3F 5A 75 3F   0B1  ALME~~~?Zu?
07 00 34 44 30 42 31 20 20 4D 45 44 44 00 09 50   ~~4D0B1  MEDD~~P
3F 5A 75 3F 07 00 42 44 30 42 31 37 30 34 36 30   ?Zu?~~BD0B170460
30 00 09 4F 31 5A 75 3F 07 00 39 44 30 42 31 20   0~~O1Zu?~~9D0B1 
20 39 39 39 39 00 09 3F 1D 5A 75 3F 07 00 21 44    9999~~?~Zu?~~!D
30 42 31 37 30 30 31 34 31 00 00 10 3F 5A 75 3F   0B1700141~~~?Zu?
07 00 39 44 30 42 31 20 20 41 44 56 20 00 09 4F   ~~9D0B1  ADV ~~O
31 5A 75 3F 07 00 0D 44 30 42 32 20 20 39 39 39   1Zu?~~~D0B2  999
39 00 00 3C 3F 5A 75 3F 07 00 3C 44 30 42 31 35   9~~<?Zu?~~<D0B15
36 30 33 32 30 00 09 4F 31 5A 75 3F 07 00 40 44   60320~~O1Zu?~~@D
30 42 31 20 20 39 39 39 39 00 00 17 3B 5A 75 3F   0B1  9999~~~;Zu?
07 00 3F 44 30 42 31 20 20 43 4C 41 49 00 09 4E   ~~?D0B1  CLAI~~N
3F 5A 75 3F 07 00 2C 44 30 42 31 20 20 56 44 5A   ?Zu?~~,D0B1  VDZ
20 00 00 42 72 5A 75 3F 07 00 2E 44 30 42 31 4D    ~~BrZu?~~.D0B1M
52 43 49 4D 43 00 00 10 3F 5A 75 3F 07 00 37 44   RCIMC~~~?Zu?~~7D
30 42 31 20 20 4D 43 41 49 00 00 2D 20 5A 75 3F   0B1  MCAI~~- Zu?
07 00 3F 44 30 42 31 20 20 31 32 31 35 00 09 51   ~~?D0B1  1215~~Q
3F 5A 75 3F 07 00 3F 44 30 42 31 37 39 43 52 58   ?Zu?~~?D0B179CRX
4D 00 09 4F 3F 5A 75 3F 07 00 4A 44 30 42 31 20   M~~O?Zu?~~JD0B1 
20 39 39 39 39 00 00 3E 7B 5A 75 3F 07 00 3F 44    9999~~>{Zu?~~?D
30 42 32 20 20 47 44 43 20 00 09 4F 31 5A 75 3F   0B2  GDC ~~O1Zu?
07 00 53 44 30 42 31 37 30 39 39 39 39 00 00 0F   ~~SD0B1709999~~~
12 5A 75 3F 07 00 29 44 30 42 31 36 39 41 34 20   ~Zu?~~)D0B169A4 
20 00 09 4F 31 5A 75 3F 07 00 36 44 30 42 31 20    ~~O1Zu?~~6D0B1 
20 39 39 39 39 00 00 13 33 5A 75 3F 07 00 0B 44    9999~~~3Zu?~~~D
30 42 32 20 20 41 4C 42 43 00 00 10 3F 5A 75 3F   0B2  ALBC~~~?Zu?
07 00 16 44 30 42 32 20 20 41 44 56 20 00 00 3E   ~~~D0B2  ADV ~~>
7B 5A 75 3F 07 00 3F 44 30 42 32 20 20 47 44 43   {Zu?~~?D0B2  GDC
20 00 00 10 3F 5A 75 3F 07 00 5B 44 30 42 31 20    ~~~?Zu?~~[D0B1 
20 41 44 56 20 00 00 0F 12 5A 75 3F 07 00 5B 44    ADV ~~~~Zu?~~[D
30 42 31 20 20 41 34 20 20 00 09 52 24 5A 75 3F   0B1  A4  ~~R$Zu?
07 00 66 44 30 42 31 20 20 43 48 4D 20 00 00 30   ~~fD0B1  CHM ~~0
49 5A 75 3F 07 00 03 44 30 42 31 38 35 41 42 49   IZu?~~~D0B185ABI
4E 00 00 10 3F 5A 75 3F 07 00 3C 44 30 42 31 20   N~~~?Zu?~~<D0B1 
20 4D 45 44 44 00 09 50 3F 5A 75 3F 07 00 65 44    MEDD~~P?Zu?~~eD
30 42 31 39 34 47 44 45 4D 00 00 3C 3F 5A 75 3F   0B194GDEM~~<?Zu?
07 00 44 44 30 42 31 20 20 30 33 32 30 00 00 42   ~~DD0B1  0320~~B
3F 5A 75 3F 07 00 30 44 30 42 31 36 35 4D 4E 50   ?Zu?~~0D0B165MNP
52 00 00 10 3F 5A 75 3F 07 00 19 44 30 42 32 20   R~~~?Zu?~~~D0B2 
20 41 44 56 20 00 09 50 3F 5A 75 3F 07 00 3A 44    ADV ~~P?Zu?~~:D
30 42 31 37 30 4D 45 44 44 00 09 50 3F 5A 75 3F   0B170MEDD~~P?Zu?
07 00 36 44 30 42 31 20 20 4D 48 43 50 00 00 10   ~~6D0B1  MHCP~~~
3F 5A 75 3F 07 00 37 44 30 42 31 20 20 4D 45 44   ?Zu?~~7D0B1  MED
44 00 09 4F 3F 5A 75 3F 07 00 36 44 30 42 31 20   D~~O?Zu?~~6D0B1 
20 39 39 39 39 00 00 0F 12 5A 75 3F 07 00 3D 44    9999~~~~Zu?~~=D
30 42 31 20 20 4D 41 20 20 00 09 50 3F 5A 75 3F   0B1  MA  ~~P?Zu?
07 00 15 44 30 42 32 20 20 34 36 34 36 00 09 51   ~~~D0B2  4646~~Q
21 5A 75 3F 07 00 28 44 30 42 31 20 20 56 41 20   !Zu?~~(D0B1  VA 
20 00 00 10 3F 5A 75 3F 07 00 3B 44 30 42 31 20    ~~~?Zu?~~;D0B1 
20 41 44 56 20 00 00 39 3F 5A 75 3F 07 00 26 44    ADV ~~9?Zu?~~&D
30 42 31 4D 36 43 4F 4D 46 00 00 0F 12 5A 75 3F   0B1M6COMF~~~~Zu?
07 00 37 44 30 42 31 38 39 41 34 20 20 00 09 50   ~~7D0B189A4  ~~P
3F 5A 75 3F 07 00 4D 44 30 42 31 20 20 45 4D 4E   ?Zu?~~MD0B1  EMN
48 00 00 3E 21 5A 75 3F 07 00 57 44 30 42 32 20   H~~>!Zu?~~WD0B2 
20 42 43 42 53 00 00 0F 12 5A 75 3F 07 00 3A 44    BCBS~~~~Zu?~~:D
30 42 31 20 20 4D 41 20 20 00 00 19 3F 5A 75 3F   0B1  MA  ~~~?Zu?
07 00 3F 44 30 42 31 20 20 48 4A 4C 20 00 00 3C   ~~?D0B1  HJL ~~<
3F 5A 75 3F 07 00 3E 44 30 42 31 20 20 30 33 32   ?Zu?~~>D0B1  032
30 00 00 3E 7B 5A 75 3F 07 00 3F 44 30 42 32 20   0~~>{Zu?~~?D0B2 
20 47 44 43 20 00 00 39 3F 5A 75 3F 07 00 2C 44    GDC ~~9?Zu?~~,D
30 42 31 4D 36 43 4F 4D 46 00 00 10 3F 5A 75 3F   0B1M6COMF~~~?Zu?
07 00 39 44 30 42 31 20 20 4D 43 41 49 00 00 39   ~~9D0B1  MCAI~~9
3F 5A 75 3F 07 00 2F 44 30 42 31 4D 36 43 4F 4D   ?Zu?~~/D0B1M6COM
46 00 00 3C 3F 5A 75 3F 07 00 47 44 30 42 31 20   F~~<?Zu?~~GD0B1 
20 30 33 32 30 00 09 4E 3F 5A 75 3F 07 00 39 44    0320~~N?Zu?~~9D
30 42 31 37 58 4D 45 44 44 00 00 2D 20 5A 75 3F   0B17XMEDD~~- Zu?
07 00 09 44 30 42 32 20 20 49 4C 43 41 00 09 4E   ~~~D0B2  ILCA~~N
3F 5A 75 3F 07 00 34 44 30 42 31 20 20 4D 49 42   ?Zu?~~4D0B1  MIB
43 00 00 58 3F 5A 75 3F 07 00 5D 44 30 42 31 20   C~~X?Zu?~~]D0B1 
20 36 33 33 34 00 09 4E 3F 5A 75 3F 07 00 0A 44    6334~~N?Zu?~~~D
30 42 32 20 20 49 52 58 20 00 09 4F 3F 5A 75 3F   0B2  IRX ~~O?Zu?
07 00 36 44 30 42 31 20 20 39 39 39 39 00 00 10   ~~6D0B1  9999~~~
3F 5A 75 3F 07 00 2F 44 30 42 31 20 20 41 44 56   ?Zu?~~/D0B1  ADV
20 00 00 39 3F 5A 75 3F 07 00 1D 44 30 42 31 38    ~~9?Zu?~~~D0B18
35 43 4F 4D 46 00 09 4F 31 5A 75 3F 07 00 2E 44   5COMF~~O1Zu?~~.D
30 42 32 20 20 39 39 39 39 00 09 4F 31 5A 75 3F   0B2  9999~~O1Zu?
07 00 47 44 30 42 31 37 30 39 39 39 39 00 09 50   ~~GD0B1709999~~P
4A 5A 75 3F 07 00 3F 44 30 42 31 20 20 53 43 31   JZu?~~?D0B1  SC1
20 00 09 4E 3F 5A 75 3F 07 00 38 44 30 42 31 38    ~~N?Zu?~~8D0B18
38 49 52 58 20 00 09 4E 3F 5A 75 3F 07 00 41 44   8IRX ~~N?Zu?~~AD
30 42 31 20 20 49 52 58 20 00 09 4E 3F 5A 75 3F   0B1  IRX ~~N?Zu?
07 00 32 44 30 42 31 34 34 4D 49 42 43 00 00 3E   ~~2D0B144MIBC~~>
7B 5A 75 3F 07 00 3F 44 30 42 32 20 20 47 44 43   {Zu?~~?D0B2  GDC
20 00 00 45 3F 5A 75 3F 07 00 3F 44 30 42 31 20    ~~E?Zu?~~?D0B1 
20 49 4C 50 4F 00 09 50 3F 5A 75 3F 07 00 39 44    ILPO~~P?Zu?~~9D
30 42 31 20 20 34 36 30 30 00 00 0F 12 5A 75 3F   0B1  4600~~~~Zu?
07 00 44 44 30 42 31 20 20 41 34 20 20 00 09 4F   ~~DD0B1  A4  ~~O
31 5A 75 3F 07 00 4A 44 30 42 31 20 20 39 39 39   1Zu?~~JD0B1  999
39 00 09 4F 4F 5A 75 3F 07 00 48 44 30 42 31 20   9~~OOZu?~~HD0B1 
20 30 31 39 36 00 09 4E 3F 5A 75 3F 07 00 51 44    0196~~N?Zu?~~QD
30 42 31 20 20 49 52 58 20 00 00 10 3F 5A 75 3F   0B1  IRX ~~~?Zu?
07 00 3B 44 30 42 31 20 20 41 44 56 20 00 00 5D   ~~;D0B1  ADV ~~]
48 5A 75 3F 07 00 6B 44 30 42 31 20 20 4B 59 50   HZu?~~kD0B1  KYP
52 00 09 4F 31 5A 75 3F 07 00 59 44 30 42 31 20   R~~O1Zu?~~YD0B1 
20 39 39 39 39 00 00 10 3F 5A 75 3F 07 00 35 44    9999~~~?Zu?~~5D
30 42 31 20 20 41 44 56 20 00 00 10 3F 5A 75 3F   0B1  ADV ~~~?Zu?
08 00 34 44 30 42 31 20 20 41 44 56 20 00 09 4F   ~~4D0B1  ADV ~~O
24 5A 75 3F 08 00 62 44 30 42 31 36 35 50 43 53   $Zu?~~bD0B165PCS
20 00 00 3E 7B 5A 75 3F 08 00 3F 44 30 42 32 20    ~~>{Zu?~~?D0B2 
20 47 44 43 20 00 00 0E 01 5A 75 3F 08 00 2A 44    GDC ~~~~Zu?~~*D
30 42 31 36 39 41 53 50 52 00 09 50 3F 5A 75 3F   0B169ASPR~~P?Zu?
08 00 3F 44 30 42 31 20 20 39 39 39 39 00 09 4F   ~~?D0B1  9999~~O
31 5A 75 3F 08 00 25 44 30 42 31 36 39 39 39 39   1Zu?~~%D0B169999
39 00 00 3E 7B 5A 75 3F 08 02 3F 44 30 42 31 20   9~~>{Zu?~~?D0B1 
20 47 44 43 20 00 00 44 3F 5A 75 3F 08 00 41 44    GDC ~~D?Zu?~~AD
30 42 31 36 35 50 30 32 37 00 00 3C 3F 5A 75 3F   0B165P027~~<?Zu?
08 00 3F 44 30 42 31 20 20 30 33 32 30 00 09 51   ~~?D0B1  0320~~Q
59 5A 75 3F 08 00 4F 44 30 42 31 33 39 30 33 31   YZu?~~OD0B139031
39 00 09 4F 3F 5A 75 3F 08 00 61 44 30 42 32 20   9~~O?Zu?~~aD0B2 
20 39 39 39 39 00 00 3C 3F 5A 75 3F 08 00 37 44    9999~~<?Zu?~~7D
30 42 31 20 20 30 33 32 30 00 09 50 3F 5A 75 3F   0B1  0320~~P?Zu?
08 00 1F 44 30 42 32 20 20 34 34 34 34 00 00 39   ~~~D0B2  4444~~9
3F 5A 75 3F 08 00 45 44 30 42 31 38 35 43 4F 4D   ?Zu?~~ED0B185COM
46 00 09 4F 4F 5A 75 3F 08 00 3F 44 30 42 31 37   F~~OOZu?~~?D0B17
36 30 31 39 36 00 09 51 2A 5A 75 3F 08 00 55 44   60196~~Q*Zu?~~UD
30 42 31 37 58 4E 56 54 20 00 00 10 3F 5A 75 3F   0B17XNVT ~~~?Zu?
08 00 3A 44 30 42 31 20 20 41 44 56 20 00 00 10   ~~:D0B1  ADV ~~~
3F 5A 75 3F 08 00 2D 44 30 42 31 34 30 4D 43 41   ?Zu?~~-D0B140MCA
49 00 09 50 3F 5A 75 3F 08 00 40 44 30 42 31 20   I~~P?Zu?~~@D0B1 
20 39 39 39 39 00 00 3C 3F 5A 75 3F 08 00 49 44    9999~~<?Zu?~~ID
30 42 31 20 20 30 33 32 30 00 00 38 3F 5A 75 3F   0B1  0320~~8?Zu?
08 00 21 44 30 42 31 37 36 56 41 31 39 00 09 4F   ~~!D0B176VA19~~O
31 5A 75 3F 08 00 52 44 30 42 31 20 20 39 39 39   1Zu?~~RD0B1  999
39 00 09 51 2A 5A 75 3F 08 00 34 44 30 42 31 34   9~~Q*Zu?~~4D0B14
31 4D 43 44 20 00 09 4F 74 5A 75 3F 08 00 6E 44   1MCD ~~OtZu?~~nD
30 42 31 20 20 44 52 57 56 00 00 39 3F 5A 75 3F   0B1  DRWV~~9?Zu?
08 00 25 44 30 42 31 38 35 43 4F 4D 46 00 00 44   ~~%D0B185COMF~~D
29 5A 75 3F 08 00 11 44 30 42 32 20 20 36 37 39   )Zu?~~~D0B2  679
32 00 00 10 3F 5A 75 3F 08 00 36 44 30 42 31 20   2~~~?Zu?~~6D0B1 
20 41 44 56 20 00 00 10 3F 5A 75 3F 08 00 41 44    ADV ~~~?Zu?~~AD
30 42 31 37 35 41 44 56 20 00 09 4F 31 5A 75 3F   0B175ADV ~~O1Zu?
08 00 43 44 30 42 31 20 20 39 39 39 39 00 09 4F   ~~CD0B1  9999~~O
3F 5A 75 3F 08 00 3F 44 30 42 31 20 20 46 57 20   ?Zu?~~?D0B1  FW 
20 00 00 3A 31 5A 75 3F 08 00 2F 44 30 42 31 20    ~~:1Zu?~~/D0B1 
20 4D 42 47 20 00 09 4E 3F 5A 75 3F 08 00 2C 44    MBG ~~N?Zu?~~,D
30 42 31 20 20 49 52 58 20 00 09 50 3F 5A 75 3F   0B1  IRX ~~P?Zu?
08 00 64 44 30 42 32 20 20 35 35 32 39 00 09 4F   ~~dD0B2  5529~~O
3F 5A 75 3F 08 00 3A 44 30 42 31 20 20 39 39 39   ?Zu?~~:D0B1  999
39 00 09 51 3F 5A 75 3F 08 00 3F 44 30 42 31 20   9~~Q?Zu?~~?D0B1 
20 43 52 58 4D 00 00 10 3F 5A 75 3F 08 00 30 44    CRXM~~~?Zu?~~0D
30 42 31 20 20 4D 45 44 44 00 00 3C 3F 5A 75 3F   0B1  MEDD~~<?Zu?
08 00 71 44 30 42 31 20 20 30 33 32 30 00 09 4F   ~~qD0B1  0320~~O
31 5A 75 3F 08 00 4F 44 30 42 31 37 35 39 39 39   1Zu?~~OD0B175999
39 00 09 4F 31 5A 75 3F 08 00 36 44 30 42 31 36   9~~O1Zu?~~6D0B16
39 39 39 39 39 00 09 4E 3F 5A 75 3F 08 00 24 44   99999~~N?Zu?~~$D
30 42 31 36 35 56 44 5A 20 00 09 4E 3F 5A 75 3F   0B165VDZ ~~N?Zu?
08 00 0D 44 30 42 32 20 20 43 54 52 58 00 00 49   ~~~D0B2  CTRX~~I
3F 5A 75 3F 08 00 4A 44 30 42 31 20 20 50 33 30   ?Zu?~~JD0B1  P30
33 00 00 10 3F 5A 75 3F 08 00 31 44 30 42 31 20   3~~~?Zu?~~1D0B1 
20 41 44 56 20 00 00 58 3F 5A 75 3F 08 00 65 44    ADV ~~X?Zu?~~eD
30 42 31 20 20 36 33 33 34 00 09 4F 31 5A 75 3F   0B1  6334~~O1Zu?
08 00 3F 44 30 42 31 20 20 39 39 39 39 00 09 4E   ~~?D0B1  9999~~N
3F 5A 75 3F 08 00 3E 44 30 42 31 20 20 56 44 5A   ?Zu?~~>D0B1  VDZ
20 00 00 12 4A 5A 75 3F 08 00 6B 44 30 42 32 20    ~~~JZu?~~kD0B2 
20 39 36 20 20 00 00 39 3F 5A 75 3F 08 00 0C 44    96  ~~9?Zu?~~~D
30 42 31 4D 36 43 4F 4D 46 00 00 0F 12 5A 75 3F   0B1M6COMF~~~~Zu?
08 00 57 44 30 42 31 20 20 41 34 20 20 00 09 4F   ~~WD0B1  A4  ~~O
3F 5A 75 3F 08 00 36 44 30 42 31 20 20 39 39 39   ?Zu?~~6D0B1  999
39 00 09 4F 31 5A 75 3F 08 00 10 44 30 42 32 20   9~~O1Zu?~~~D0B2 
20 39 39 39 39 00 00 39 3F 5A 75 3F 08 00 26 44    9999~~9?Zu?~~&D
30 42 31 4D 36 43 4F 4D 46 00 09 4E 3F 5A 75 3F   0B1M6COMF~~N?Zu?
08 00 1E 44 30 42 32 20 20 56 44 5A 20 00 09 4F   ~~~D0B2  VDZ ~~O
31 5A 75 3F 08 00 13 44 30 42 32 20 20 39 39 39   1Zu?~~~D0B2  999
39 00 00 0F 12 5A 75 3F 08 00 1A 44 30 42 32 20   9~~~~Zu?~~~D0B2 
20 4D 44 20 20 00 00 10 3F 5A 75 3F 08 00 0A 44    MD  ~~~?Zu?~~~D
30 42 32 20 20 4D 45 44 44 00 09 4F 3F 5A 75 3F   0B2  MEDD~~O?Zu?
08 00 22 44 30 42 32 20 20 39 39 39 39 00 00 10   ~~"D0B2  9999~~~
3F 5A 75 3F 08 00 16 44 30 42 32 20 20 4D 45 44   ?Zu?~~~D0B2  MED
44 00 09 4E 3F 5A 75 3F 08 00 24 44 30 42 31 32   D~~N?Zu?~~$D0B12
32 56 44 5A 20 00 00 10 3F 5A 75 3F 08 00 32 44   2VDZ ~~~?Zu?~~2D
30 42 31 20 20 41 44 56 20 00 09 4F 3F 5A 75 3F   0B1  ADV ~~O?Zu?
08 00 45 44 30 42 31 37 30 39 39 39 39 00 00 10   ~~ED0B1709999~~~
3F 5A 75 3F 08 00 34 44 30 42 31 20 20 41 44 56   ?Zu?~~4D0B1  ADV
20 00 09 50 3F 5A 75 3F 08 00 30 44 30 42 31 20    ~~P?Zu?~~0D0B1 
20 34 34 34 34 00 00 06 11 5A 75 3F 08 00 1E 44    4444~~~~Zu?~~~D
30 42 32 20 20 47 41 4D 20 00 09 4F 3F 5A 75 3F   0B2  GAM ~~O?Zu?
08 00 2B 44 30 42 31 36 35 4D 48 50 49 00 00 4E   ~~+D0B165MHPI~~N
3F 5A 75 3F 08 00 34 44 30 42 31 38 38 43 48 20   ?Zu?~~4D0B188CH 
20 00 09 4E 3F 5A 75 3F 08 00 20 44 30 42 32 20    ~~N?Zu?~~ D0B2 
20 56 44 5A 20 00 00 2D 20 5A 75 3F 08 00 4B 44    VDZ ~~- Zu?~~KD
30 42 31 20 20 49 4C 44 52 00 09 4F 31 5A 75 3F   0B1  ILDR~~O1Zu?
08 00 14 44 30 42 32 20 20 39 39 39 39 00 00 0E   ~~~D0B2  9999~~~
01 5A 75 3F 08 00 6C 44 30 42 31 37 58 32 38 39   ~Zu?~~lD0B17X289
31 00 00 0F 12 5A 75 3F 08 00 59 44 30 42 31 20   1~~~~Zu?~~YD0B1 
20 41 34 20 20 00 00 32 21 5A 75 3F 08 00 48 44    A4  ~~2!Zu?~~HD
30 42 31 36 30 46 4C 42 43 00 00 2D 3F 5A 75 3F   0B160FLBC~~-?Zu?
08 00 01 44 30 45 31 20 20 32 32 32 32 00 00 0F   ~~~D0E1  2222~~~
12 5A 75 3F 08 00 0F 44 30 42 32 20 20 4D 41 20   ~Zu?~~~D0B2  MA 
20 00 00 39 3F 5A 75 3F 08 00 1F 44 30 42 31 4D    ~~9?Zu?~~~D0B1M
36 43 4F 4D 46 00 09 50 3F 5A 75 3F 08 00 3F 44   6COMF~~P?Zu?~~?D
30 42 31 20 20 30 30 36 37 00 00 10 3F 5A 75 3F   0B1  0067~~~?Zu?
08 00 3B 44 30 42 31 20 20 4D 45 44 44 00 09 4F   ~~;D0B1  MEDD~~O
31 5A 75 3F 08 00 39 44 30 42 31 20 20 39 39 39   1Zu?~~9D0B1  999
39 00 00 2D 20 5A 75 3F 08 00 27 44 30 42 32 20   9~~- Zu?~~'D0B2 
20 49 4C 44 52 00 00 10 3F 5A 75 3F 08 00 19 44    ILDR~~~?Zu?~~~D
30 42 31 4E 4E 48 52 53 41 00 00 3C 3F 5A 75 3F   0B1NNHRSA~~<?Zu?
08 00 45 44 30 42 31 20 20 30 33 32 30 00 09 4F   ~~ED0B1  0320~~O
31 5A 75 3F 08 00 55 44 30 42 31 20 20 39 39 39   1Zu?~~UD0B1  999
39 00 00 4B 3F 5A 75 3F 08 00 48 44 30 42 31 20   9~~K?Zu?~~HD0B1 
20 57 43 41 52 00 09 4F 31 5A 75 3F 08 00 5F 44    WCAR~~O1Zu?~~_D
30 42 31 20 20 39 39 39 39 00 09 4F 3F 5A 75 3F   0B1  9999~~O?Zu?
08 00 2E 44 30 42 32 20 20 39 39 39 39 00 09 4F   ~~.D0B2  9999~~O
31 5A 75 3F 08 00 56 44 30 42 31 20 20 39 39 39   1Zu?~~VD0B1  999
39 00 00 45 3F 5A 75 3F 08 00 24 44 30 42 31 20   9~~E?Zu?~~$D0B1 
20 56 54 50 4F 00 09 51 2E 5A 75 3F 08 00 68 44    VTPO~~Q.Zu?~~hD
30 42 31 38 38 48 4D 43 20 00 00 0F 12 5A 75 3F   0B188HMC ~~~~Zu?
08 00 4A 44 30 42 31 20 20 41 34 20 20 00 00 3C   ~~JD0B1  A4  ~~<
49 5A 75 3F 08 01 14 44 30 42 31 41 47 53 53 4E   IZu?~~~D0B1AGSSN
20 00 00 42 72 5A 75 3F 08 00 43 44 30 42 31 20    ~~BrZu?~~CD0B1 
20 30 32 31 35 00 09 4F 3F 5A 75 3F 08 00 0B 44    0215~~O?Zu?~~~D
30 42 32 20 20 30 32 33 31 00 00 10 3F 5A 75 3F   0B2  0231~~~?Zu?
08 00 2F 44 30 42 31 20 20 4D 45 44 44 00 09 4F   ~~/D0B1  MEDD~~O
3F 5A 75 3F 08 00 3B 44 30 42 31 20 20 39 39 39   ?Zu?~~;D0B1  999
39 00 09 4F 31 5A 75 3F 08 00 51 44 30 42 31 20   9~~O1Zu?~~QD0B1 
20 39 39 39 39 00 00 0F 3F 5A 75 3F 08 00 49 44    9999~~~?Zu?~~ID
30 42 31 20 20 34 33 20 31 00 00 4E 3F 5A 75 3F   0B1  43 1~~N?Zu?
08 00 3D 44 30 42 31 20 20 46 43 20 20 00 00 10   ~~=D0B1  FC  ~~~
3F 5A 75 3F 08 00 31 44 30 42 31 20 20 4D 45 44   ?Zu?~~1D0B1  MED
44 00 00 10 3F 5A 75 3F 08 00 48 44 30 42 31 20   D~~~?Zu?~~HD0B1 
20 4D 45 44 44 00 00 10 3F 5A 75 3F 08 00 3C 44    MEDD~~~?Zu?~~<D
30 42 31 37 35 41 44 56 20 00 09 50 3F 5A 75 3F   0B175ADV ~~P?Zu?
09 00 2C 44 30 42 31 34 30 30 30 36 37 00 09 4E   ~~,D0B1400067~~N
3F 5A 75 3F 09 00 44 44 30 42 31 20 20 49 52 58   ?Zu?~~DD0B1  IRX
20 00 09 4F 31 5A 75 3F 09 00 4B 44 30 42 31 20    ~~O1Zu?~~KD0B1 
20 39 39 39 39 00 00 10 3F 5A 75 3F 09 00 18 44    9999~~~?Zu?~~~D
30 42 32 20 20 41 44 56 20 00 00 32 21 5A 75 3F   0B2  ADV ~~2!Zu?
09 00 78 44 30 42 31 20 20 46 4C 42 43 00 00 2D   ~~xD0B1  FLBC~~-
20 5A 75 3F 09 00 39 44 30 42 31 39 34 49 4C 44    Zu?~~9D0B194ILD
52 00 09 4E 3F 5A 75 3F 09 00 1B 44 30 42 32 20   R~~N?Zu?~~~D0B2 
20 4D 49 42 43 00 00 42 72 5A 75 3F 09 00 2B 44    MIBC~~BrZu?~~+D
30 42 31 37 39 30 35 31 38 00 09 4F 3F 5A 75 3F   0B1790518~~O?Zu?
09 00 41 44 30 42 32 20 20 30 30 30 30 00 09 4F   ~~AD0B2  0000~~O
3F 5A 75 3F 09 00 41 44 30 42 31 20 20 39 39 39   ?Zu?~~AD0B1  999
39 00 00 42 72 5A 75 3F 01 00 3C 44 30 42 31 20   9~~BrZu?~~<D0B1 
20 43 49 4D 43 00 00 3C 3F 5A 75 3F 01 00 38 44    CIMC~~<?Zu?~~8D
30 42 31 20 20 30 33 32 30 00 09 50 3F 5A 75 3F   0B1  0320~~P?Zu?
02 00 40 44 30 42 31 41 47 31 39 30 33 00 00 48   ~~@D0B1AG1903~~H
3F 5A 75 3F 02 00 49 44 30 42 32 20 20 55 48 43   ?Zu?~~ID0B2  UHC
20 00 09 4F 31 5A 75 3F 02 00 37 44 30 42 31 20    ~~O1Zu?~~7D0B1 
20 39 39 39 39 00 09 29 6A 5A 75 3F 02 01 2E 44    9999~~)jZu?~~.D
30 42 31 20 20 35 34 20 20 00 09 4F 3F 5A 75 3F   0B1  54  ~~O?Zu?
02 00 28 44 30 42 32 20 20 39 39 39 39 00 09 4F   ~~(D0B2  9999~~O
3F 5A 75 3F 02 00 56 44 30 42 31 20 20 46 45 50   ?Zu?~~VD0B1  FEP
52 00 09 4F 3F 5A 75 3F 02 00 3B 44 30 42 31 20   R~~O?Zu?~~;D0B1 
20 30 32 33 31 00 09 4F 3F 5A 75 3F 02 00 3F 44    0231~~O?Zu?~~?D
30 42 31 38 38 4D 43 53 52 00 09 4F 31 5A 75 3F   0B188MCSR~~O1Zu?
02 00 2C 44 30 42 31 36 39 39 39 39 39 00 00 13   ~~,D0B1699999~~~
33 5A 75 3F 02 00 1D 44 30 42 32 20 20 41 4C 42   3Zu?~~~D0B2  ALB
43 00 0C 35 08 5A 75 3F 02 00 39 44 30 42 31 37   C~~5~Zu?~~9D0B17
36 49 48 43 50 00 00 0F 12 5A 75 3F 02 00 10 44   6IHCP~~~~Zu?~~~D
30 42 32 20 20 4D 41 20 20 00 09 50 3F 5A 75 3F   0B2  MA  ~~P?Zu?
02 00 38 44 30 42 31 20 20 30 30 36 37 00 00 3A   ~~8D0B1  0067~~:
31 5A 75 3F 02 00 38 44 30 42 31 20 20 4D 42 47   1Zu?~~8D0B1  MBG
20 00 09 4E 3F 5A 75 3F 02 00 2A 44 30 42 31 20    ~~N?Zu?~~*D0B1 
20 56 44 5A 20 00 00 0F 12 5A 75 3F 02 00 20 44    VDZ ~~~~Zu?~~ D
30 42 32 20 20 41 34 20 20 00 00 0F 12 5A 75 3F   0B2  A4  ~~~~Zu?
02 00 34 44 30 42 31 20 20 41 34 20 20 00 00 39   ~~4D0B1  A4  ~~9
3F 5A 75 3F 02 00 14 44 30 42 31 4D 36 43 4F 4D   ?Zu?~~~D0B1M6COM
46 00 00 25 53 5A 75 3F 02 00 3F 44 30 42 31 20   F~~%SZu?~~?D0B1 
20 4D 41 53 53 00 00 0F 12 5A 75 3F 02 00 5A 44    MASS~~~~Zu?~~ZD
30 42 31 20 20 41 34 20 20 00 09 50 3F 5A 75 3F   0B1  A4  ~~P?Zu?
02 00 3F 44 30 42 31 20 20 31 39 30 33 00 00 10   ~~?D0B1  1903~~~
3F 5A 75 3F 02 00 34 44 30 42 31 37 39 4D 45 44   ?Zu?~~4D0B179MED
44 00 09 4F 3F 5A 75 3F 02 00 2A 44 30 42 32 20   D~~O?Zu?~~*D0B2 
20 39 39 39 39 00 00 5F 30 5A 75 3F 02 00 3F 44    9999~~_0Zu?~~?D
30 42 31 20 20 33 32 30 37 00 00 39 3F 5A 75 3F   0B1  3207~~9?Zu?
02 00 21 44 30 42 31 38 35 43 4F 4D 46 00 09 4E   ~~!D0B185COMF~~N
3F 5A 75 3F 02 00 2E 44 30 42 32 20 20 49 52 58   ?Zu?~~.D0B2  IRX
20 00 00 30 18 5A 75 3F 02 00 13 44 30 42 32 20    ~~0~Zu?~~~D0B2 
20 50 41 52 54 00 00 10 3F 5A 75 3F 02 00 15 44    PART~~~?Zu?~~~D
30 42 32 20 20 41 44 56 20 00 00 0F 12 5A 75 3F   0B2  ADV ~~~~Zu?
02 00 3E 44 30 42 31 37 39 41 34 20 20 00 00 3C   ~~>D0B179A4  ~~<
3F 5A 75 3F 02 00 40 44 30 42 31 20 20 30 33 32   ?Zu?~~@D0B1  032
30 00 00 39 3F 5A 75 3F 02 00 27 44 30 42 31 38   0~~9?Zu?~~'D0B18
35 43 4F 4D 46 00 00 10 3F 5A 75 3F 02 00 39 44   5COMF~~~?Zu?~~9D
30 42 31 20 20 4D 45 44 44 00 09 4E 3F 5A 75 3F   0B1  MEDD~~N?Zu?
02 00 41 44 30 42 31 20 20 49 52 58 20 00 00 19   ~~AD0B1  IRX ~~~
3F 5A 75 3F 02 00 37 44 30 42 31 20 20 50 45 52   ?Zu?~~7D0B1  PER
53 00 00 42 72 5A 75 3F 02 00 16 44 30 42 31 45   S~~BrZu?~~~D0B1E
58 30 32 31 35 00 00 2D 20 5A 75 3F 02 00 25 44   X0215~~- Zu?~~%D
30 42 32 20 20 49 4C 44 52 00 09 4F 3F 5A 75 3F   0B2  ILDR~~O?Zu?
02 00 38 44 30 42 31 38 38 39 39 39 39 00 09 51   ~~8D0B1889999~~Q
2E 5A 75 3F 02 00 24 44 30 42 32 20 20 48 4D 43   .Zu?~~$D0B2  HMC
20 00 00 39 3F 5A 75 3F 02 00 21 44 30 42 31 4D    ~~9?Zu?~~!D0B1M
36 43 4F 4D 46 00 00 3C 3F 5A 75 3F 02 00 4D 44   6COMF~~<?Zu?~~MD
30 42 31 20 20 30 33 32 30 00 00 42 72 5A 75 3F   0B1  0320~~BrZu?
02 00 42 44 30 42 31 37 58 43 49 4D 43 00 00 0F   ~~BD0B17XCIMC~~~
12 5A 75 3F 02 00 30 44 30 42 31 35 32 41 34 20   ~Zu?~~0D0B152A4 
20 00 00 3C 3F 5A 75 3F 02 00 35 44 30 42 31 36    ~~<?Zu?~~5D0B16
35 30 33 32 30 00 00 10 3F 5A 75 3F 02 00 36 44   50320~~~?Zu?~~6D
30 42 31 37 39 41 44 56 20 00 00 3C 3F 5A 75 3F   0B179ADV ~~<?Zu?
02 00 62 44 30 42 31 20 20 30 33 32 30 00 09 4F   ~~bD0B1  0320~~O
31 5A 75 3F 02 00 42 44 30 42 31 20 20 39 39 39   1Zu?~~BD0B1  999
39 00 09 4E 3F 5A 75 3F 02 00 1A 44 30 42 32 20   9~~N?Zu?~~~D0B2 
20 49 52 58 20 00 09 4E 3F 5A 75 3F 02 00 2F 44    IRX ~~N?Zu?~~/D
30 42 31 20 20 56 44 5A 20 00 00 10 3F 5A 75 3F   0B1  VDZ ~~~?Zu?
02 00 34 44 30 42 31 20 20 41 44 56 20 00 00 58   ~~4D0B1  ADV ~~X
3F 5A 75 3F 02 00 61 44 30 42 31 20 20 36 33 33   ?Zu?~~aD0B1  633
34 00 00 5D 48 5A 75 3F 02 00 17 44 30 42 32 20   4~~]HZu?~~~D0B2 
20 4B 59 50 52 00 00 10 3F 5A 75 3F 02 00 38 44    KYPR~~~?Zu?~~8D
30 42 31 20 20 4D 45 44 44 00 00 0F 3F 5A 75 3F   0B1  MEDD~~~?Zu?
02 00 49 44 30 42 31 20 20 34 33 20 31 00 00 2D   ~~ID0B1  43 1~~-
20 5A 75 3F 02 00 47 44 30 42 31 37 58 49 4C 44    Zu?~~GD0B17XILD
52 00 00 0F 3F 5A 75 3F 02 00 2B 44 30 42 32 20   R~~~?Zu?~~+D0B2 
20 34 33 20 31 00 09 51 2A 5A 75 3F 02 00 7E 44    43 1~~Q*Zu?~~~D
30 42 31 38 38 4E 56 54 20 00 00 39 3F 5A 75 3F   0B188NVT ~~9?Zu?
02 00 30 44 30 42 31 38 35 43 4F 4D 46 00 09 4E   ~~0D0B185COMF~~N
3F 5A 75 3F 02 00 34 44 30 42 31 20 20 56 44 5A   ?Zu?~~4D0B1  VDZ
20 00 00 17 3B 5A 75 3F 02 00 38 44 30 42 31 38    ~~~;Zu?~~8D0B18
38 43 4C 41 49 00 00 3C 3F 5A 75 3F 02 00 54 44   8CLAI~~<?Zu?~~TD
30 42 31 20 20 30 33 32 30 00 00 58 3F 5A 75 3F   0B1  0320~~X?Zu?
02 00 6A 44 30 42 31 20 20 33 39 33 20 00 00 3E   ~~jD0B1  393 ~~>
7B 5A 75 3F 02 00 3F 44 30 42 31 20 20 47 44 43   {Zu?~~?D0B1  GDC
20 00 09 4F 3F 5A 75 3F 02 00 18 44 30 42 32 20    ~~O?Zu?~~~D0B2 
20 39 39 39 39 00 09 4E 3F 5A 75 3F 02 00 0D 44    9999~~N?Zu?~~~D
30 42 32 20 20 56 44 5A 20 00 09 4F 31 5A 75 3F   0B2  VDZ ~~O1Zu?
02 00 31 44 30 42 31 37 39 39 39 39 39 00 00 0F   ~~1D0B1799999~~~
12 5A 75 3F 02 00 6F 44 30 42 31 20 20 41 34 20   ~Zu?~~oD0B1  A4 
20 00 09 4E 3F 5A 75 3F 02 00 2E 44 30 42 31 20    ~~N?Zu?~~.D0B1 
20 56 44 5A 20 00 00 0F 12 5A 75 3F 02 00 16 44    VDZ ~~~~Zu?~~~D
30 42 32 20 20 41 34 20 20 00 00 3C 3F 5A 75 3F   0B2  A4  ~~<?Zu?
02 00 2A 44 30 42 31 37 30 30 33 32 30 00 00 42   ~~*D0B1700320~~B
3F 5A 75 3F 02 00 5A 44 30 42 31 20 20 41 53 50   ?Zu?~~ZD0B1  ASP
52 00 09 4F 3F 5A 75 3F 02 00 39 44 30 42 32 20   R~~O?Zu?~~9D0B2 
20 39 39 39 39 00 00 10 3F 5A 75 3F 02 00 16 44    9999~~~?Zu?~~~D
30 42 32 20 20 4D 43 41 49 00 00 2D 20 5A 75 3F   0B2  MCAI~~- Zu?
02 00 3A 44 30 42 31 37 30 42 43 54 58 00 00 4E   ~~:D0B170BCTX~~N
3F 5A 75 3F 02 00 6B 44 30 42 31 20 20 49 53 20   ?Zu?~~kD0B1  IS 
20 00 00 10 3F 5A 75 3F 02 00 3C 44 30 42 31 37    ~~~?Zu?~~<D0B17
30 4D 45 44 44 00 00 42 72 5A 75 3F 02 00 4F 44   0MEDD~~BrZu?~~OD
30 42 31 20 20 30 35 31 38 00 09 51 59 5A 75 3F   0B1  0518~~QYZu?
02 00 3B 44 30 42 31 20 20 30 33 31 39 00 00 42   ~~;D0B1  0319~~B
72 5A 75 3F 02 00 33 44 30 42 31 20 20 43 49 4D   rZu?~~3D0B1  CIM
43 00 09 4E 3F 5A 75 3F 02 00 30 44 30 42 31 20   C~~N?Zu?~~0D0B1 
20 56 44 5A 20 00 09 4E 3F 5A 75 3F 02 00 36 44    VDZ ~~N?Zu?~~6D
30 42 31 20 20 43 54 52 58 00 00 2D 20 5A 75 3F   0B1  CTRX~~- Zu?
02 00 5B 44 30 42 31 20 20 42 43 54 58 00 09 4E   ~~[D0B1  BCTX~~N
3F 5A 75 3F 02 00 34 44 30 42 31 20 20 56 44 5A   ?Zu?~~4D0B1  VDZ
20 00 09 4F 31 5A 75 3F 02 00 14 44 30 42 32 20    ~~O1Zu?~~~D0B2 
20 39 39 39 39 00 00 2D 20 5A 75 3F 02 00 0F 44    9999~~- Zu?~~~D
30 42 32 20 20 42 43 54 58 00 09 4E 3F 5A 75 3F   0B2  BCTX~~N?Zu?
02 00 19 44 30 42 32 20 20 4D 49 42 43 00 00 10   ~~~D0B2  MIBC~~~
3F 5A 75 3F 02 00 2F 44 30 42 31 37 39 4D 45 44   ?Zu?~~/D0B179MED
44 00 00 3C 3F 5A 75 3F 02 00 25 44 30 42 31 37   D~~<?Zu?~~%D0B17
39 30 33 32 30 00 00 4E 3F 5A 75 3F 02 00 40 44   90320~~N?Zu?~~@D
30 42 31 20 20 57 47 20 20 00 00 0F 12 5A 75 3F   0B1  WG  ~~~~Zu?
02 00 51 44 30 42 31 20 20 41 34 20 20 00 09 29   ~~QD0B1  A4  ~~)
3F 5A 75 3F 02 00 1B 44 30 42 32 20 20 37 37 37   ?Zu?~~~D0B2  777
37 00 09 4F 31 5A 75 3F 02 00 3A 44 30 42 31 37   7~~O1Zu?~~:D0B17
35 39 39 39 39 00 09 4E 3F 5A 75 3F 02 00 24 44   59999~~N?Zu?~~$D
30 42 31 35 32 56 44 5A 20 00 09 4E 3F 5A 75 3F   0B152VDZ ~~N?Zu?
02 00 2E 44 30 42 31 20 20 56 44 5A 20 00 00 2D   ~~.D0B1  VDZ ~~-
20 5A 75 3F 02 00 20 44 30 42 32 20 20 31 32 31    Zu?~~ D0B2  121
35 00 00 34 28 5A 75 3F 02 00 21 44 30 42 31 35   5~~4(Zu?~~!D0B15
32 50 30 33 35 00 00 39 3F 5A 75 3F 02 00 2B 44   2P035~~9?Zu?~~+D
30 42 31 38 35 43 4F 4D 46 00 09 4E 3F 5A 75 3F   0B185COMF~~N?Zu?
02 00 1B 44 30 42 32 20 20 56 44 5A 20 00 00 3C   ~~~D0B2  VDZ ~~<
3F 5A 75 3F 02 00 02 44 30 42 31 38 38 30 33 32   ?Zu?~~~D0B188032
30 00 09 50 3F 5A 75 3F 02 00 56 44 30 42 31 20   0~~P?Zu?~~VD0B1 
20 30 30 36 37 00 00 4E 3F 5A 75 3F 02 00 41 44    0067~~N?Zu?~~AD
30 42 31 20 20 49 53 20 20 00 09 4F 3F 5A 75 3F   0B1  IS  ~~O?Zu?
02 00 3F 44 30 42 31 20 20 46 57 20 20 00 09 4E   ~~?D0B1  FW  ~~N
3F 5A 75 3F 02 00 47 44 30 42 31 37 36 56 44 5A   ?Zu?~~GD0B176VDZ
20 00 00 42 72 5A 75 3F 02 00 34 44 30 42 31 20    ~~BrZu?~~4D0B1 
20 43 49 4D 43 00 09 4E 3F 5A 75 3F 02 00 43 44    CIMC~~N?Zu?~~CD
30 42 31 20 20 49 52 58 20 00 00 4E 3F 5A 75 3F   0B1  IRX ~~N?Zu?
02 00 3C 44 30 42 31 37 39 46 47 20 20 00 09 51   ~~<D0B179FG  ~~Q
2E 5A 75 3F 02 00 58 44 30 42 31 20 20 48 4D 43   .Zu?~~XD0B1  HMC
20 00 00 3C 3F 5A 75 3F 02 00 2D 44 30 42 31 37    ~~<?Zu?~~-D0B17
30 30 33 32 30 00 00 10 3F 5A 75 3F 02 00 34 44   00320~~~?Zu?~~4D
30 42 31 20 20 4D 43 41 49 00 09 4E 3F 5A 75 3F   0B1  MCAI~~N?Zu?
02 00 23 44 30 42 31 20 20 49 52 58 20 00 00 10   ~~#D0B1  IRX ~~~
3F 5A 75 3F 02 00 1B 44 30 42 31 4E 4E 4D 45 44   ?Zu?~~~D0B1NNMED
44 00 09 50 3F 5A 75 3F 02 00 3F 44 30 42 31 20   D~~P?Zu?~~?D0B1 
20 31 39 30 33 00 09 4F 4F 5A 75 3F 02 00 5F 44    1903~~OOZu?~~_D
30 42 31 20 20 30 31 39 36 00 00 32 21 5A 75 3F   0B1  0196~~2!Zu?
02 00 2B 44 30 42 31 35 36 4D 45 44 44 00 00 30   ~~+D0B156MEDD~~0
18 5A 75 3F 03 00 17 44 30 42 31 4E 4D 50 41 52   ~Zu?~~~D0B1NMPAR
54 00 00 3E 31 5A 75 3F 03 00 49 44 30 42 31 20   T~~>1Zu?~~ID0B1 
20 41 52 42 45 00 00 4E 3F 5A 75 3F 03 00 5E 44    ARBE~~N?Zu?~~^D
30 42 31 20 20 41 43 20 20 00 00 10 3F 5A 75 3F   0B1  AC  ~~~?Zu?
03 00 2D 44 30 42 31 20 20 4D 45 44 44 00 00 2E   ~~-D0B1  MEDD~~.
5B 5A 75 3F 03 00 53 44 30 42 31 20 20 48 54 20   [Zu?~~SD0B1  HT 
20 00 00 0F 12 5A 75 3F 03 00 10 44 30 42 32 20    ~~~~Zu?~~~D0B2 
20 41 34 20 20 00 00 3E 21 5A 75 3F 03 01 19 44    A4  ~~>!Zu?~~~D
30 42 31 37 30 42 43 42 53 00 09 4F 3F 5A 75 3F   0B170BCBS~~O?Zu?
03 00 18 44 30 42 32 20 20 46 45 50 52 00 00 10   ~~~D0B2  FEPR~~~
3F 5A 75 3F 03 00 57 44 30 42 31 20 20 4D 45 44   ?Zu?~~WD0B1  MED
44 00 09 4F 31 5A 75 3F 03 00 45 44 30 42 31 20   D~~O1Zu?~~ED0B1 
20 39 39 39 39 00 09 4F 31 5A 75 3F 03 00 43 44    9999~~O1Zu?~~CD
30 42 31 20 20 39 39 39 39 00 00 42 72 5A 75 3F   0B1  9999~~BrZu?
03 00 38 44 30 42 31 20 20 30 32 31 35 00 09 50   ~~8D0B1  0215~~P
3F 5A 75 3F 03 00 40 44 30 42 31 20 20 4D 45 44   ?Zu?~~@D0B1  MED
44 00 09 4E 3F 5A 75 3F 03 00 36 44 30 42 31 38   D~~N?Zu?~~6D0B18
38 56 44 5A 20 00 09 4E 3F 5A 75 3F 03 00 30 44   8VDZ ~~N?Zu?~~0D
30 42 31 20 20 43 52 4B 20 00 09 4F 31 5A 75 3F   0B1  CRK ~~O1Zu?
03 00 35 44 30 42 31 20 20 39 39 39 39 00 00 10   ~~5D0B1  9999~~~
3F 5A 75 3F 03 00 38 44 30 42 31 20 20 4D 45 44   ?Zu?~~8D0B1  MED
44 00 00 10 3F 5A 75 3F 03 00 41 44 30 42 31 20   D~~~?Zu?~~AD0B1 
20 41 44 56 20 00 09 50 3F 5A 75 3F 03 00 47 44    ADV ~~P?Zu?~~GD
30 42 31 34 31 34 39 34 39 00 09 4E 3F 5A 75 3F   0B1414949~~N?Zu?
03 00 1D 44 30 42 32 20 20 56 44 5A 20 00 09 29   ~~~D0B2  VDZ ~~)
3F 5A 75 3F 03 00 2E 44 30 42 31 30 34 37 37 37   ?Zu?~~.D0B104777
37 00 00 3E 7B 5A 75 3F 03 00 3F 44 30 42 32 20   7~~>{Zu?~~?D0B2 
20 47 44 43 20 00 00 3C 3F 5A 75 3F 03 00 4E 44    GDC ~~<?Zu?~~ND
30 42 31 20 20 30 33 32 30 00 00 30 49 5A 75 3F   0B1  0320~~0IZu?
03 00 03 44 30 45 31 20 20 32 32 32 32 00 09 50   ~~~D0E1  2222~~P
3F 5A 75 3F 03 00 42 44 30 42 31 37 36 30 30 36   ?Zu?~~BD0B176006
37 00 00 0F 12 5A 75 3F 03 00 4F 44 30 42 31 20   7~~~~Zu?~~OD0B1 
20 41 34 20 20 00 09 4F 31 5A 75 3F 03 00 3B 44    A4  ~~O1Zu?~~;D
30 42 31 20 20 39 39 39 39 00 00 10 3F 5A 75 3F   0B1  9999~~~?Zu?
03 00 15 44 30 42 32 20 20 4D 43 41 49 00 00 2D   ~~~D0B2  MCAI~~-
20 5A 75 3F 03 00 37 44 30 42 31 20 20 42 43 54    Zu?~~7D0B1  BCT
58 00 09 4F 3F 5A 75 3F 03 00 30 44 30 42 31 20   X~~O?Zu?~~0D0B1 
20 46 45 50 52 00 00 06 11 5A 75 3F 03 00 2E 44    FEPR~~~~Zu?~~.D
30 42 31 20 20 54 4E 4D 20 00 09 4F 3F 5A 75 3F   0B1  TNM ~~O?Zu?
03 00 3E 44 30 42 31 20 20 39 39 39 39 00 09 4E   ~~>D0B1  9999~~N
3F 5A 75 3F 03 00 6C 44 30 42 32 20 20 49 52 58   ?Zu?~~lD0B2  IRX
20 00 09 4F 3F 5A 75 3F 03 00 42 44 30 42 31 20    ~~O?Zu?~~BD0B1 
20 39 39 39 39 00 00 2D 20 5A 75 3F 03 00 35 44    9999~~- Zu?~~5D
30 42 31 20 20 42 43 54 58 00 09 51 21 5A 75 3F   0B1  BCTX~~Q!Zu?
03 00 33 44 30 42 31 20 20 50 48 50 43 00 09 4E   ~~3D0B1  PHPC~~N
3F 5A 75 3F 03 00 45 44 30 42 31 20 20 49 52 58   ?Zu?~~ED0B1  IRX
20 00 00 4B 3F 5A 75 3F 03 00 33 44 30 42 31 20    ~~K?Zu?~~3D0B1 
20 57 43 41 52 00 00 10 3F 5A 75 3F 03 00 40 44    WCAR~~~?Zu?~~@D
30 42 31 20 20 4D 43 41 49 00 09 4E 3F 5A 75 3F   0B1  MCAI~~N?Zu?
03 00 49 44 30 42 31 20 20 56 44 5A 20 00 09 51   ~~ID0B1  VDZ ~~Q
2E 5A 75 3F 03 00 5C 44 30 42 31 37 30 48 4D 43   .Zu?~~\D0B170HMC
20 00 00 39 3F 5A 75 3F 03 00 17 44 30 42 31 4D    ~~9?Zu?~~~D0B1M
36 43 4F 4D 46 00 00 3C 3F 5A 75 3F 03 00 12 44   6COMF~~<?Zu?~~~D
30 42 32 38 37 30 33 32 30 00 09 4F 31 5A 75 3F   0B2870320~~O1Zu?
03 00 3E 44 30 42 31 20 20 39 39 39 39 00 00 32   ~~>D0B1  9999~~2
21 5A 75 3F 03 00 3B 44 30 42 31 20 20 46 4C 42   !Zu?~~;D0B1  FLB
43 00 00 3C 3F 5A 75 3F 03 00 27 44 30 42 31 36   C~~<?Zu?~~'D0B16
35 30 33 32 30 00 09 4E 3F 5A 75 3F 03 00 35 44   50320~~N?Zu?~~5D
30 42 31 20 20 56 44 5A 20 00 09 4F 74 5A 75 3F   0B1  VDZ ~~OtZu?
03 00 51 44 30 42 31 20 20 44 52 57 56 00 09 51   ~~QD0B1  DRWV~~Q
2A 5A 75 3F 03 00 3F 44 30 42 31 20 20 4E 56 54   *Zu?~~?D0B1  NVT
20 00 09 4F 4F 5A 75 3F 03 00 38 44 30 42 31 20    ~~OOZu?~~8D0B1 
20 30 32 33 33 00 00 4E 3F 5A 75 3F 03 00 37 44    0233~~N?Zu?~~7D
30 42 31 20 20 49 53 20 20 00 09 4F 31 5A 75 3F   0B1  IS  ~~O1Zu?
03 00 36 44 30 42 31 20 20 39 39 39 39 00 00 42   ~~6D0B1  9999~~B
72 5A 75 3F 03 00 1B 44 30 42 32 20 20 43 49 4D   rZu?~~~D0B2  CIM
43 00 09 4E 3F 5A 75 3F 03 00 4E 44 30 42 31 20   C~~N?Zu?~~ND0B1 
20 49 52 58 20 00 09 4F 31 5A 75 3F 03 00 3A 44    IRX ~~O1Zu?~~:D
30 42 31 20 20 39 39 39 39 00 00 0F 12 5A 75 3F   0B1  9999~~~~Zu?
03 00 2D 44 30 42 31 20 20 41 34 20 20 00 09 4F   ~~-D0B1  A4  ~~O
31 5A 75 3F 03 00 10 44 30 42 31 4E 4E 39 39 39   1Zu?~~~D0B1NN999
39 00 09 4E 3F 5A 75 3F 03 00 1E 44 30 42 32 20   9~~N?Zu?~~~D0B2 
20 56 44 5A 20 00 09 50 4A 5A 75 3F 03 00 3F 44    VDZ ~~PJZu?~~?D
30 42 31 20 20 53 43 31 20 00 09 51 3F 5A 75 3F   0B1  SC1 ~~Q?Zu?
03 00 33 44 30 42 31 39 34 30 32 31 30 00 00 2D   ~~3D0B1940210~~-
20 5A 75 3F 03 00 39 44 30 42 31 4E 31 49 4C 44    Zu?~~9D0B1N1ILD
52 00 09 4E 3F 5A 75 3F 03 00 29 44 30 42 31 35   R~~N?Zu?~~)D0B15
31 4D 45 44 44 00 09 50 3F 5A 75 3F 03 00 3F 44   1MEDD~~P?Zu?~~?D
30 42 31 20 20 48 4D 48 53 00 09 34 3F 5A 75 3F   0B1  HMHS~~4?Zu?
03 00 2B 44 30 42 31 39 36 30 31 34 31 00 09 4F   ~~+D0B1960141~~O
3F 5A 75 3F 03 00 2A 44 30 42 31 37 35 46 45 50   ?Zu?~~*D0B175FEP
52 00 09 4E 3F 5A 75 3F 03 00 3B 44 30 42 31 20   R~~N?Zu?~~;D0B1 
20 4D 49 42 43 00 09 4F 31 5A 75 3F 03 00 3F 44    MIBC~~O1Zu?~~?D
30 42 31 20 20 39 39 39 39 00 09 4E 3F 5A 75 3F   0B1  9999~~N?Zu?
03 00 4B 44 30 42 31 20 20 50 58 58 50 00 00 10   ~~KD0B1  PXXP~~~
3F 5A 75 3F 03 00 33 44 30 42 31 37 30 4D 45 44   ?Zu?~~3D0B170MED
44 00 09 51 3F 5A 75 3F 03 00 76 44 30 42 32 20   D~~Q?Zu?~~vD0B2 
20 46 4C 49 50 00 00 10 3F 5A 75 3F 03 00 0A 44    FLIP~~~?Zu?~~~D
30 42 32 20 20 41 44 56 20 00 00 45 18 5A 75 3F   0B2  ADV ~~E~Zu?
03 00 53 44 30 42 31 20 20 39 37 34 33 00 00 2D   ~~SD0B1  9743~~-
20 5A 75 3F 03 00 46 44 30 42 31 20 20 49 4C 43    Zu?~~FD0B1  ILC
41 00 09 4F 31 5A 75 3F 03 00 35 44 30 42 31 37   A~~O1Zu?~~5D0B17
30 39 39 39 39 00 09 4F 31 5A 75 3F 03 00 35 44   09999~~O1Zu?~~5D
30 42 31 20 20 39 39 39 39 00 09 4F 31 5A 75 3F   0B1  9999~~O1Zu?
03 00 3A 44 30 42 31 20 20 39 39 39 39 00 00 0E   ~~:D0B1  9999~~~
01 5A 75 3F 03 00 5A 44 30 42 31 20 20 41 53 50   ~Zu?~~ZD0B1  ASP
52 00 00 42 72 5A 75 3F 03 00 37 44 30 42 31 20   R~~BrZu?~~7D0B1 
20 43 49 4D 43 00 00 30 18 5A 75 3F 03 00 3F 44    CIMC~~0~Zu?~~?D
30 42 31 20 20 50 41 52 54 00 09 51 58 5A 75 3F   0B1  PART~~QXZu?
03 00 12 44 30 42 32 20 20 30 31 38 32 00 00 39   ~~~D0B2  0182~~9
3F 5A 75 3F 03 00 29 44 30 42 31 38 35 43 4F 4D   ?Zu?~~)D0B185COM
46 00 00 4E 3F 5A 75 3F 03 00 42 44 30 42 31 37   F~~N?Zu?~~BD0B17
36 57 47 20 20 00 00 4E 3F 5A 75 3F 03 00 37 44   6WG  ~~N?Zu?~~7D
30 42 31 20 20 49 53 20 20 00 09 4F 3F 5A 75 3F   0B1  IS  ~~O?Zu?
03 00 32 44 30 42 31 20 20 39 39 39 39 00 00 0F   ~~2D0B1  9999~~~
12 5A 75 3F 03 00 58 44 30 42 31 20 20 41 34 20   ~Zu?~~XD0B1  A4 
20 00 09 4E 3F 5A 75 3F 03 00 23 44 30 42 32 20    ~~N?Zu?~~#D0B2 
20 56 44 5A 20 00 00 26 3F 5A 75 3F 03 00 3F 44    VDZ ~~&?Zu?~~?D
30 42 31 20 20 52 4F 49 52 00 09 4F 31 5A 75 3F   0B1  ROIR~~O1Zu?
03 00 3B 44 30 42 31 20 20 39 39 39 39 00 09 4F   ~~;D0B1  9999~~O
31 5A 75 3F 03 00 3E 44 30 42 31 20 20 39 39 39   1Zu?~~>D0B1  999
39 00 00 0F 12 5A 75 3F 03 00 12 44 30 42 32 20   9~~~~Zu?~~~D0B2 
20 41 34 20 20 00 00 49 3F 5A 75 3F 03 00 4E 44    A4  ~~I?Zu?~~ND
30 42 31 20 20 50 33 30 33 00 00 2D 20 5A 75 3F   0B1  P303~~- Zu?
03 00 30 44 30 42 32 20 20 49 4C 44 52 00 00 48   ~~0D0B2  ILDR~~H
3F 5A 75 3F 03 00 1B 44 30 42 32 20 20 48 45 4C   ?Zu?~~~D0B2  HEL
50 00 00 58 3F 5A 75 3F 03 00 50 44 30 42 31 36   P~~X?Zu?~~PD0B16
35 36 33 33 34 00 00 2D 3F 5A 75 3F 03 00 05 44   56334~~-?Zu?~~~D
30 45 31 35 32 32 32 32 32 00 09 29 3F 5A 75 3F   0E1522222~~)?Zu?
03 00 1F 44 30 42 32 20 20 37 37 37 37 00 00 10   ~~~D0B2  7777~~~
3F 5A 75 3F 03 00 4D 44 30 42 31 20 20 41 44 56   ?Zu?~~MD0B1  ADV
20 00 09 51 2A 5A 75 3F 03 00 14 44 30 42 31 4E    ~~Q*Zu?~~~D0B1N
4E 4E 56 54 20 00 00 30 18 5A 75 3F 03 00 3F 44   NNVT ~~0~Zu?~~?D
30 42 31 20 20 50 41 52 54 00 00 4E 3F 5A 75 3F   0B1  PART~~N?Zu?
03 00 3B 44 30 42 31 20 20 49 53 20 20 00 09 4E   ~~;D0B1  IS  ~~N
3F 5A 75 3F 03 00 14 44 30 42 32 20 20 56 44 5A   ?Zu?~~~D0B2  VDZ
20 00 00 10 3F 5A 75 3F 03 00 31 44 30 42 31 20    ~~~?Zu?~~1D0B1 
20 41 44 56 20 00 00 5D 48 5A 75 3F 04 00 57 44    ADV ~~]HZu?~~WD
30 42 31 20 20 4B 59 50 52 00 00 0F 12 5A 75 3F   0B1  KYPR~~~~Zu?
04 00 5B 44 30 42 31 20 20 41 34 20 20 00 00 4E   ~~[D0B1  A4  ~~N
3F 5A 75 3F 04 00 48 44 30 42 31 37 36 57 47 20   ?Zu?~~HD0B176WG 
20 00 00 3C 3F 5A 75 3F 04 00 32 44 30 42 31 37    ~~<?Zu?~~2D0B17
39 30 33 32 30 00 00 10 3F 5A 75 3F 04 00 5B 44   90320~~~?Zu?~~[D
30 42 31 20 20 4D 45 44 44 00 00 10 3F 5A 75 3F   0B1  MEDD~~~?Zu?
04 00 48 44 30 42 31 20 20 4D 43 41 49 00 00 58   ~~HD0B1  MCAI~~X
3F 5A 75 3F 04 00 3F 44 30 42 31 20 20 36 33 33   ?Zu?~~?D0B1  633
34 00 00 3C 3F 5A 75 3F 04 00 40 44 30 42 31 20   4~~<?Zu?~~@D0B1 
20 30 33 32 30 00 00 3C 3F 5A 75 3F 04 00 6C 44    0320~~<?Zu?~~lD
30 42 31 20 20 41 53 50 52 00 00 15 01 5A 75 3F   0B1  ASPR~~~~Zu?
04 00 3F 44 30 42 31 20 20 41 4D 41 52 00 00 4E   ~~?D0B1  AMAR~~N
3F 5A 75 3F 04 00 3F 44 30 42 31 20 20 30 32 30   ?Zu?~~?D0B1  020
32 00 00 40 73 5A 75 3F 04 00 37 44 30 42 31 20   2~~@sZu?~~7D0B1 
20 50 44 50 4E 00 00 10 3F 5A 75 3F 04 00 2A 44    PDPN~~~?Zu?~~*D
30 42 32 20 20 41 44 56 20 00 09 4F 31 5A 75 3F   0B2  ADV ~~O1Zu?
04 00 47 44 30 42 31 37 30 39 39 39 39 00 00 10   ~~GD0B1709999~~~
3F 5A 75 3F 04 00 19 44 30 42 32 20 20 41 44 56   ?Zu?~~~D0B2  ADV
20 00 09 4E 3F 5A 75 3F 04 00 26 44 30 42 31 47    ~~N?Zu?~~&D0B1G
39 56 44 5A 20 00 00 58 3F 5A 75 3F 04 00 40 44   9VDZ ~~X?Zu?~~@D
30 42 32 20 20 36 33 33 34 00 00 13 33 5A 75 3F   0B2  6334~~~3Zu?
04 00 2D 44 30 42 31 20 20 41 4C 42 43 00 09 4F   ~~-D0B1  ALBC~~O
31 5A 75 3F 04 00 4C 44 30 42 31 20 20 39 39 39   1Zu?~~LD0B1  999
39 00 00 4E 3F 5A 75 3F 04 00 32 44 30 42 31 37   9~~N?Zu?~~2D0B17
30 57 47 20 20 00 09 4E 3F 5A 75 3F 04 00 2A 44   0WG  ~~N?Zu?~~*D
30 42 31 37 35 56 44 5A 20 00 09 51 21 5A 75 3F   0B175VDZ ~~Q!Zu?
04 00 49 44 30 42 31 20 20 50 48 50 4D 00 00 0F   ~~ID0B1  PHPM~~~
12 5A 75 3F 04 00 3F 44 30 42 31 37 35 41 34 20   ~Zu?~~?D0B175A4 
20 00 00 10 3F 5A 75 3F 04 00 40 44 30 42 31 20    ~~~?Zu?~~@D0B1 
20 37 37 39 39 00 00 10 3F 5A 75 3F 04 00 12 44    7799~~~?Zu?~~~D
30 42 32 20 20 41 44 56 20 00 00 0F 12 5A 75 3F   0B2  ADV ~~~~Zu?
04 00 40 44 30 42 31 20 20 41 34 20 20 00 09 29   ~~@D0B1  A4  ~~)
6A 5A 75 3F 04 00 3F 44 30 42 32 20 20 4A 50 20   jZu?~~?D0B2  JP 
20 00 09 4E 3F 5A 75 3F 04 00 39 44 30 42 31 20    ~~N?Zu?~~9D0B1 
20 56 44 5A 20 00 00 25 53 5A 75 3F 04 00 3F 44    VDZ ~~%SZu?~~?D
30 42 31 41 47 4D 41 53 53 00 00 2D 20 5A 75 3F   0B1AGMASS~~- Zu?
04 00 3D 44 30 42 31 20 20 49 4C 44 52 00 09 4E   ~~=D0B1  ILDR~~N
3F 5A 75 3F 04 00 4F 44 30 42 31 20 20 56 44 5A   ?Zu?~~OD0B1  VDZ
20 00 00 10 3F 5A 75 3F 04 00 12 44 30 42 32 20    ~~~?Zu?~~~D0B2 
20 37 37 39 39 00 00 42 72 5A 75 3F 04 00 67 44    7799~~BrZu?~~gD
30 42 31 20 20 30 35 31 38 00 00 10 3F 5A 75 3F   0B1  0518~~~?Zu?
04 00 66 44 30 42 32 38 37 43 41 4C 20 00 09 4E   ~~fD0B287CAL ~~N
3F 5A 75 3F 04 00 4C 44 30 42 31 20 20 56 44 5A   ?Zu?~~LD0B1  VDZ
20 00 00 0F 12 5A 75 3F 04 00 18 44 30 42 32 20    ~~~~Zu?~~~D0B2 
20 4D 41 20 20 00 00 2D 20 5A 75 3F 04 00 2D 44    MA  ~~- Zu?~~-D
30 42 31 20 20 42 43 54 58 00 00 0F 12 5A 75 3F   0B1  BCTX~~~~Zu?
04 00 12 44 30 42 32 20 20 41 34 20 20 00 00 4E   ~~~D0B2  A4  ~~N
3F 5A 75 3F 04 00 30 44 30 42 31 37 36 57 47 20   ?Zu?~~0D0B176WG 
20 00 00 10 3F 5A 75 3F 04 00 49 44 30 42 31 20    ~~~?Zu?~~ID0B1 
20 4D 45 44 44 00 09 29 6A 5A 75 3F 04 00 07 44    MEDD~~)jZu?~~~D
30 42 31 38 38 4A 50 20 20 00 00 10 3F 5A 75 3F   0B188JP  ~~~?Zu?
04 00 36 44 30 42 31 20 20 41 44 56 20 00 00 26   ~~6D0B1  ADV ~~&
3F 5A 75 3F 04 00 2F 44 30 42 31 36 35 52 4F 49   ?Zu?~~/D0B165ROI
52 00 00 0F 12 5A 75 3F 04 00 32 44 30 42 31 20   R~~~~Zu?~~2D0B1 
20 41 34 20 20 00 00 2D 3F 5A 75 3F 04 00 08 44    A4  ~~-?Zu?~~~D
30 45 31 20 20 32 32 32 32 00 00 3C 3F 5A 75 3F   0E1  2222~~<?Zu?
04 00 40 44 30 42 31 20 20 30 33 32 30 00 00 0F   ~~@D0B1  0320~~~
12 5A 75 3F 04 00 7B 44 30 42 31 20 20 41 34 20   ~Zu?~~{D0B1  A4 
20 00 09 50 3F 5A 75 3F 04 01 25 44 30 42 31 37    ~~P?Zu?~~%D0B17
30 52 58 4E 45 00 00 0F 12 5A 75 3F 04 00 5D 44   0RXNE~~~~Zu?~~]D
30 42 31 20 20 41 34 20 20 00 00 32 21 5A 75 3F   0B1  A4  ~~2!Zu?
04 00 21 44 30 42 32 20 20 46 4C 42 43 00 00 32   ~~!D0B2  FLBC~~2
21 5A 75 3F 04 00 2D 44 30 42 32 20 20 46 4C 42   !Zu?~~-D0B2  FLB
43 00 00 17 3F 5A 75 3F 04 00 33 44 30 42 32 20   C~~~?Zu?~~3D0B2 
20 4D 53 43 20 00 09 4E 3F 5A 75 3F 04 00 57 44    MSC ~~N?Zu?~~WD
30 42 31 20 20 56 44 5A 20 00 09 4F 3F 5A 75 3F   0B1  VDZ ~~O?Zu?
04 00 35 44 30 42 31 20 20 39 39 39 39 00 00 4E   ~~5D0B1  9999~~N
3F 5A 75 3F 04 00 38 44 30 42 31 37 35 46 4D 20   ?Zu?~~8D0B175FM 
20 00 09 50 3F 5A 75 3F 04 00 39 44 30 42 31 20    ~~P?Zu?~~9D0B1 
20 4D 45 44 44 00 00 0F 12 5A 75 3F 04 00 34 44    MEDD~~~~Zu?~~4D
30 42 31 36 35 41 34 20 20 00 00 06 11 5A 75 3F   0B165A4  ~~~~Zu?
04 00 35 44 30 42 31 37 35 54 4E 4D 20 00 09 4F   ~~5D0B175TNM ~~O
3F 5A 75 3F 04 00 0B 44 30 42 32 20 20 46 45 50   ?Zu?~~~D0B2  FEP
52 00 09 4E 3F 5A 75 3F 04 00 4E 44 30 42 31 20   R~~N?Zu?~~ND0B1 
20 4D 49 42 43 00 00 0E 01 5A 75 3F 04 00 5C 44    MIBC~~~~Zu?~~\D
30 42 31 20 20 41 53 50 52 00 00 0F 3F 5A 75 3F   0B1  ASPR~~~?Zu?
04 00 26 44 30 42 31 31 39 34 33 20 31 00 00 32   ~~&D0B11943 1~~2
21 5A 75 3F 04 00 3F 44 30 42 31 20 20 46 4C 42   !Zu?~~?D0B1  FLB
43 00 00 42 3F 5A 75 3F 04 00 6F 44 30 42 31 20   C~~B?Zu?~~oD0B1 
20 4D 4E 50 52 00 00 38 3F 5A 75 3F 04 00 25 44    MNPR~~8?Zu?~~%D
30 42 31 20 20 43 50 4F 57 00 00 58 30 5A 75 3F   0B1  CPOW~~X0Zu?
04 00 13 44 30 42 32 20 20 43 54 52 58 00 00 2D   ~~~D0B2  CTRX~~-
20 5A 75 3F 04 00 31 44 30 42 31 20 20 50 44 50    Zu?~~1D0B1  PDP
49 00 09 4F 4F 5A 75 3F 04 00 47 44 30 42 31 20   I~~OOZu?~~GD0B1 
20 30 31 39 36 00 09 4E 3F 5A 75 3F 04 00 2D 44    0196~~N?Zu?~~-D
30 42 31 37 30 49 52 58 20 00 00 10 3F 5A 75 3F   0B170IRX ~~~?Zu?
04 00 37 44 30 42 31 20 20 41 44 56 20 00 00 10   ~~7D0B1  ADV ~~~
3F 5A 75 3F 04 00 36 44 30 42 31 20 20 41 44 56   ?Zu?~~6D0B1  ADV
20 00 00 3E 21 5A 75 3F 04 01 19 44 30 42 31 20    ~~>!Zu?~~~D0B1 
20 42 43 42 53 00 00 42 3F 5A 75 3F 04 00 1C 44    BCBS~~B?Zu?~~~D
30 42 31 4E 4D 41 53 50 52 00 09 50 3F 5A 75 3F   0B1NMASPR~~P?Zu?
04 00 3F 44 30 42 31 20 20 34 32 30 30 00 00 13   ~~?D0B1  4200~~~
33 5A 75 3F 04 00 3D 44 30 42 31 20 20 41 4C 42   3Zu?~~=D0B1  ALB
43 00 09 50 3F 5A 75 3F 04 00 3F 44 30 42 31 20   C~~P?Zu?~~?D0B1 
20 31 39 30 33 00 09 4F 31 5A 75 3F 04 00 39 44    1903~~O1Zu?~~9D
30 42 31 20 20 39 39 39 39 00 09 4F 3F 5A 75 3F   0B1  9999~~O?Zu?
04 00 27 44 30 42 32 20 20 39 39 39 39 00 00 32   ~~'D0B2  9999~~2
21 5A 75 3F 04 00 4A 44 30 42 31 20 20 4D 45 44   !Zu?~~JD0B1  MED
44 00 00 10 3F 5A 75 3F 04 00 47 44 30 42 31 20   D~~~?Zu?~~GD0B1 
20 4D 45 44 44 00 00 4E 3F 5A 75 3F 04 00 39 44    MEDD~~N?Zu?~~9D
30 42 31 20 20 57 47 20 20 00 09 4F 31 5A 75 3F   0B1  WG  ~~O1Zu?
04 00 3F 44 30 42 31 20 20 39 39 39 39 00 00 39   ~~?D0B1  9999~~9
3F 5A 75 3F 04 00 79 44 30 42 31 38 35 43 4F 4D   ?Zu?~~yD0B185COM
46 00 00 10 3F 5A 75 3F 04 00 30 44 30 42 31 20   F~~~?Zu?~~0D0B1 
20 41 44 56 20 00 0C 35 08 5A 75 3F 04 00 2C 44    ADV ~~5~Zu?~~,D
30 42 31 20 20 49 48 43 50 00 00 30 18 5A 75 3F   0B1  IHCP~~0~Zu?
04 00 0D 44 30 42 32 20 20 50 41 52 54 00 00 0F   ~~~D0B2  PART~~~
12 5A 75 3F 04 00 2D 44 30 42 31 30 31 41 34 20   ~Zu?~~-D0B101A4 
03                                                ~