
02 31 35 30 36 37 30 31 36 50 53 4F 56 30 30 00   ~15067016PSOV00~
00 31 30 54 50 30 30 30 30 5A 58 30 33 57 4C 47   ~10TP0000ZX03WLG
52 1C 0A 56 32 00 00 00 3F 00 3F 07 3F 00 02 00   R~~V2~~~?~?~?~~~
02 00 0D 00 22 00 2E 00 3A 00 00 00 23 55 3F 3F   ~~~~"~.~:~~~#U??
52 00 41 00 41 00 00 39 2E 00 00 3E 21 5A 75 3F   R~A~A~~9.~~>!Zu?
74 00 3D 44 30 42 32 20 20 48 4D 4F 4E 00 09 4E   t~=D0B2  HMON~~N
3F 5A 75 3F 74 00 01 44 30 42 31 38 38 4D 45 44   ?Zu?t~~D0B188MED
44 00 09 50 3F 5A 75 3F 74 00 51 44 30 42 32 20   D~~P?Zu?t~QD0B2 
20 31 39 30 33 00 00 2D 20 5A 75 3F 74 00 40 44    1903~~- Zu?t~@D
30 42 31 20 20 49 4C 44 52 00 09 51 21 5A 75 3F   0B1  ILDR~~Q!Zu?
74 00 2F 44 30 42 31 36 39 53 58 43 20 00 00 2D   t~/D0B169SXC ~~-
20 5A 75 3F 74 00 1A 44 30 42 32 20 20 42 43 54    Zu?t~~D0B2  BCT
58 00 09 4F 31 5A 75 3F 74 00 45 44 30 42 31 37   X~~O1Zu?t~ED0B17
39 39 39 39 39 00 00 3E 7B 5A 75 3F 74 00 18 44   99999~~>{Zu?t~~D
30 42 31 4E 4E 47 44 43 20 00 00 0F 12 5A 75 3F   0B1NNGDC ~~~~Zu?
74 00 18 44 30 42 32 20 20 41 34 20 20 00 00 3C   t~~D0B2  A4  ~~<
3F 5A 75 3F 74 00 4F 44 30 42 31 20 20 30 33 32   ?Zu?t~OD0B1  032
30 00 09 4E 3F 5A 75 3F 74 00 3C 44 30 42 31 20   0~~N?Zu?t~<D0B1 
20 56 44 5A 20 00 00 4E 3F 5A 75 3F 74 00 37 44    VDZ ~~N?Zu?t~7D
30 42 31 20 20 49 53 20 20 00 00 3C 3F 5A 75 3F   0B1  IS  ~~<?Zu?
74 00 2E 44 30 42 31 37 30 30 33 32 30 00 00 0F   t~.D0B1700320~~~
12 5A 75 3F 74 00 34 44 30 42 31 37 39 41 34 20   ~Zu?t~4D0B179A4 
20 00 00 32 21 5A 75 3F 74 00 37 44 30 42 31 36    ~~2!Zu?t~7D0B16
35 46 4C 42 43 00 00 22 3F 5A 75 3F 74 00 6E 44   5FLBC~~"?Zu?t~nD
30 42 31 20 20 57 44 52 58 00 09 4E 3F 5A 75 3F   0B1  WDRX~~N?Zu?
74 00 1C 44 30 42 32 20 20 56 44 5A 20 00 00 2D   t~~D0B2  VDZ ~~-
3F 5A 75 3F 74 00 09 44 30 45 31 20 20 32 32 32   ?Zu?t~~D0E1  222
32 00 00 30 18 5A 75 3F 74 00 3F 44 30 42 31 20   2~~0~Zu?t~?D0B1 
20 50 41 52 54 00 00 5D 48 5A 75 3F 74 00 57 44    PART~~]HZu?t~WD
30 42 31 20 20 4B 59 50 52 00 00 0F 12 5A 75 3F   0B1  KYPR~~~~Zu?
74 00 34 44 30 42 31 20 20 41 34 20 20 00 00 42   t~4D0B1  A4  ~~B
72 5A 75 3F 74 00 33 44 30 42 31 20 20 43 49 4D   rZu?t~3D0B1  CIM
43 00 09 4E 3F 5A 75 3F 74 00 36 44 30 42 31 20   C~~N?Zu?t~6D0B1 
20 56 44 5A 20 00 00 42 72 5A 75 3F 74 00 31 44    VDZ ~~BrZu?t~1D
30 42 31 37 39 43 49 4D 43 00 00 58 3F 5A 75 3F   0B179CIMC~~X?Zu?
74 00 3F 44 30 42 31 20 20 36 33 33 34 00 00 2D   t~?D0B1  6334~~-
20 5A 75 3F 74 00 4A 44 30 42 31 20 20 49 4C 43    Zu?t~JD0B1  ILC
41 00 00 0F 12 5A 75 3F 75 00 22 44 30 42 31 34   A~~~~Zu?u~"D0B14
30 41 34 20 20 00 09 4F 31 5A 75 3F 75 00 37 44   0A4  ~~O1Zu?u~7D
30 42 31 20 20 39 39 39 39 00 09 4F 3F 5A 75 3F   0B1  9999~~O?Zu?
75 00 2A 44 30 42 31 36 35 37 37 37 37 00 00 3E   u~*D0B1657777~~>
21 5A 75 3F 75 00 33 44 30 42 32 20 20 42 43 42   !Zu?u~3D0B2  BCB
53 00 00 10 3F 5A 75 3F 75 00 2C 44 30 42 32 20   S~~~?Zu?u~,D0B2 
20 4D 45 44 44 00 09 50 3F 5A 75 3F 75 00 6E 44    MEDD~~P?Zu?u~nD
30 42 31 20 20 31 39 30 33 00 00 32 21 5A 75 3F   0B1  1903~~2!Zu?
75 00 41 44 30 42 31 37 35 46 4C 42 43 00 09 51   u~AD0B175FLBC~~Q
2A 5A 75 3F 75 00 64 44 30 42 31 20 20 4D 43 44   *Zu?u~dD0B1  MCD
20 00 09 4E 3F 5A 75 3F 75 00 16 44 30 42 32 20    ~~N?Zu?u~~D0B2 
20 56 44 5A 20 00 09 50 3F 5A 75 3F 75 00 2B 44    VDZ ~~P?Zu?u~+D
30 42 31 36 39 34 39 34 39 00 09 4E 3F 5A 75 3F   0B1694949~~N?Zu?
75 00 50 44 30 42 31 37 35 43 52 4B 20 00 00 42   u~PD0B175CRK ~~B
72 5A 75 3F 75 00 31 44 30 42 31 20 20 43 49 4D   rZu?u~1D0B1  CIM
43 00 09 4F 31 5A 75 3F 75 00 2C 44 30 42 31 37   C~~O1Zu?u~,D0B17
39 39 39 39 39 00 00 10 3F 5A 75 3F 75 00 14 44   99999~~~?Zu?u~~D
30 42 32 20 20 4D 45 44 44 00 00 4E 3F 5A 75 3F   0B2  MEDD~~N?Zu?
75 00 2F 44 30 42 31 35 36 49 53 20 20 00 09 4F   u~/D0B156IS  ~~O
31 5A 75 3F 75 00 2E 44 30 42 31 20 20 39 39 39   1Zu?u~.D0B1  999
39 00 09 4F 31 5A 75 3F 75 00 15 44 30 42 31 45   9~~O1Zu?u~~D0B1E
37 39 39 39 39 00 09 4F 31 5A 75 3F 75 00 3F 44   79999~~O1Zu?u~?D
30 42 31 37 30 39 39 39 39 00 00 4E 3F 5A 75 3F   0B1709999~~N?Zu?
75 00 13 44 30 42 32 20 20 49 53 20 20 00 00 54   u~~D0B2  IS  ~~T
3F 5A 75 3F 75 00 21 44 30 42 32 20 20 42 43 53   ?Zu?u~!D0B2  BCS
53 00 00 2D 20 5A 75 3F 75 00 17 44 30 42 31 4E   S~~- Zu?u~~D0B1N
4D 42 43 54 58 00 00 32 21 5A 75 3F 75 00 34 44   MBCTX~~2!Zu?u~4D
30 42 31 20 20 46 4C 42 43 00 09 4F 31 5A 75 3F   0B1  FLBC~~O1Zu?
75 00 42 44 30 42 31 37 39 39 39 39 39 00 00 3C   u~BD0B1799999~~<
3F 5A 75 3F 75 00 61 44 30 42 31 20 20 30 33 32   ?Zu?u~aD0B1  032
30 00 09 4F 31 5A 75 3F 75 00 17 44 30 42 32 20   0~~O1Zu?u~~D0B2 
20 39 39 39 39 00 00 0F 12 5A 75 3F 75 00 34 44    9999~~~~Zu?u~4D
30 42 31 20 20 41 34 20 20 00 09 4E 3F 5A 75 3F   0B1  A4  ~~N?Zu?
75 00 1D 44 30 42 32 20 20 56 44 5A 20 00 09 4F   u~~D0B2  VDZ ~~O
31 5A 75 3F 75 00 40 44 30 42 31 20 20 39 39 39   1Zu?u~@D0B1  999
39 00 00 06 11 5A 75 3F 75 00 15 44 30 42 31 4E   9~~~~Zu?u~~D0B1N
4E 54 4E 4D 20 00 00 2D 20 5A 75 3F 75 00 40 44   NTNM ~~- Zu?u~@D
30 42 31 20 20 49 4C 44 52 00 09 4F 3F 5A 75 3F   0B1  ILDR~~O?Zu?
75 00 39 44 30 42 31 20 20 46 45 50 52 00 00 5D   u~9D0B1  FEPR~~]
48 5A 75 3F 75 00 5D 44 30 42 31 20 20 4B 59 50   HZu?u~]D0B1  KYP
52 00 00 2D 20 5A 75 3F 75 00 3C 44 30 42 31 20   R~~- Zu?u~<D0B1 
20 42 43 54 58 00 09 51 72 5A 75 3F 75 00 3F 44    BCTX~~QrZu?u~?D
30 42 31 20 20 41 42 41 52 00 00 10 3F 5A 75 3F   0B1  ABAR~~~?Zu?
75 00 17 44 30 42 32 20 20 41 44 56 20 00 00 0F   u~~D0B2  ADV ~~~
12 5A 75 3F 75 00 30 44 30 42 31 20 20 41 34 20   ~Zu?u~0D0B1  A4 
20 00 09 4F 31 5A 75 3F 75 00 44 44 30 42 31 37    ~~O1Zu?u~DD0B17
39 39 39 39 39 00 09 51 72 5A 75 3F 75 00 51 44   99999~~QrZu?u~QD
30 42 31 20 20 41 42 41 52 00 00 0E 01 5A 75 3F   0B1  ABAR~~~~Zu?
75 00 6A 44 30 42 31 20 20 41 53 50 52 00 09 50   u~jD0B1  ASPR~~P
3F 5A 75 3F 75 00 1C 44 30 42 32 20 20 34 34 34   ?Zu?u~~D0B2  444
34 00 09 52 24 5A 75 3F 75 00 3F 44 30 42 31 37   4~~R$Zu?u~?D0B17
35 43 48 4D 20 00 00 3C 3F 5A 75 3F 75 00 40 44   5CHM ~~<?Zu?u~@D
30 42 31 20 20 30 33 32 30 00 00 5D 48 5A 75 3F   0B1  0320~~]HZu?
75 00 63 44 30 42 31 37 35 4B 59 50 52 00 00 58   u~cD0B175KYPR~~X
3F 5A 75 3F 75 00 3F 44 30 42 31 20 20 36 33 33   ?Zu?u~?D0B1  633
34 00 09 4E 3F 5A 75 3F 75 00 12 44 30 42 32 20   4~~N?Zu?u~~D0B2 
20 4D 49 42 43 00 09 4F 3F 5A 75 3F 75 00 0E 44    MIBC~~O?Zu?u~~D
30 42 32 20 20 30 32 33 30 00 09 4F 3F 5A 75 3F   0B2  0230~~O?Zu?
75 00 3F 44 30 42 31 20 20 46 57 20 20 00 09 4F   u~?D0B1  FW  ~~O
3F 5A 75 3F 75 00 2F 44 30 42 31 20 20 39 39 39   ?Zu?u~/D0B1  999
39 00 09 50 3F 5A 75 3F 75 01 1C 44 30 42 31 20   9~~P?Zu?u~~D0B1 
20 35 35 32 39 00 00 10 3F 5A 75 3F 75 00 33 44    5529~~~?Zu?u~3D
30 42 31 20 20 41 44 56 20 00 00 4C 3F 5A 75 3F   0B1  ADV ~~L?Zu?
75 00 4C 44 30 42 31 20 20 30 31 39 34 00 00 0F   u~LD0B1  0194~~~
12 5A 75 3F 75 00 1B 44 30 42 32 20 20 41 34 20   ~Zu?u~~D0B2  A4 
20 00 09 4F 31 5A 75 3F 75 00 33 44 30 42 31 20    ~~O1Zu?u~3D0B1 
20 39 39 39 39 00 00 42 72 5A 75 3F 75 00 46 44    9999~~BrZu?u~FD
30 42 31 20 20 43 49 4D 43 00 00 13 33 5A 75 3F   0B1  CIMC~~~3Zu?
75 00 3E 44 30 42 31 20 20 41 4C 42 43 00 09 50   u~>D0B1  ALBC~~P
3F 5A 75 3F 75 00 4D 44 30 42 32 20 20 31 39 30   ?Zu?u~MD0B2  190
33 00 09 4E 3F 5A 75 3F 75 00 31 44 30 42 31 37   3~~N?Zu?u~1D0B17
58 56 44 5A 20 00 00 0E 01 5A 75 3F 75 00 3F 44   XVDZ ~~~~Zu?u~?D
30 42 31 20 20 41 53 50 52 00 00 3C 3F 5A 75 3F   0B1  ASPR~~<?Zu?
75 00 45 44 30 42 31 20 20 30 33 32 30 00 00 3C   u~ED0B1  0320~~<
3F 5A 75 3F 75 00 15 44 30 42 32 20 20 30 33 32   ?Zu?u~~D0B2  032
30 00 09 4F 24 5A 75 3F 75 00 3F 44 30 42 31 20   0~~O$Zu?u~?D0B1 
20 44 52 4D 44 00 09 4F 3F 5A 75 3F 75 00 37 44    DRMD~~O?Zu?u~7D
30 42 31 37 37 46 45 50 52 00 00 3C 3F 5A 75 3F   0B177FEPR~~<?Zu?
75 00 32 44 30 42 32 20 20 30 33 32 30 00 00 3C   u~2D0B2  0320~~<
49 5A 75 3F 75 00 3F 44 30 42 31 35 31 53 53 4E   IZu?u~?D0B151SSN
20 00 00 2D 20 5A 75 3F 75 00 31 44 30 42 31 38    ~~- Zu?u~1D0B18
38 49 4C 43 41 00 09 50 3F 5A 75 3F 75 00 35 44   8ILCA~~P?Zu?u~5D
30 42 31 20 20 53 45 52 56 00 00 3E 21 5A 75 3F   0B1  SERV~~>!Zu?
75 00 5B 44 30 42 31 20 20 48 4D 4F 4E 00 09 4E   u~[D0B1  HMON~~N
3F 5A 75 3F 75 00 3B 44 30 42 31 20 20 49 52 58   ?Zu?u~;D0B1  IRX
20 00 00 42 3F 5A 75 3F 75 00 11 44 30 42 31 4E    ~~B?Zu?u~~D0B1N
4E 41 53 50 52 00 00 0F 12 5A 75 3F 75 00 3A 44   NASPR~~~~Zu?u~:D
30 42 31 20 20 41 34 20 20 00 00 5B 3F 5A 75 3F   0B1  A4  ~~[?Zu?
75 00 32 44 30 42 32 20 20 41 52 58 20 00 09 4F   u~2D0B2  ARX ~~O
31 5A 75 3F 75 00 41 44 30 42 31 20 20 39 39 39   1Zu?u~AD0B1  999
39 00 09 4F 74 5A 75 3F 75 00 4E 44 30 42 32 20   9~~OtZu?u~ND0B2 
20 44 52 57 56 00 09 4E 3F 5A 75 3F 75 00 10 44    DRWV~~N?Zu?u~~D
30 42 32 20 20 49 52 58 20 00 00 3E 7B 5A 75 3F   0B2  IRX ~~>{Zu?
75 01 2E 44 30 42 31 20 20 47 44 43 20 00 00 0F   u~.D0B1  GDC ~~~
12 5A 75 3F 75 00 01 44 30 42 31 38 38 41 34 20   ~Zu?u~~D0B188A4 
20 00 09 4E 3F 5A 75 3F 75 00 1F 44 30 42 31 36    ~~N?Zu?u~~D0B16
39 56 44 5A 20 00 09 4F 3F 5A 75 3F 75 00 2A 44   9VDZ ~~O?Zu?u~*D
30 42 31 20 20 39 39 39 39 00 00 58 3F 5A 75 3F   0B1  9999~~X?Zu?
75 00 69 44 30 42 31 20 20 36 33 33 34 00 00 2D   u~iD0B1  6334~~-
20 5A 75 3F 75 00 33 44 30 42 31 39 34 42 43 54    Zu?u~3D0B194BCT
58 00 00 10 3F 5A 75 3F 75 00 36 44 30 42 31 20   X~~~?Zu?u~6D0B1 
20 4D 45 44 44 00 00 4E 3F 5A 75 3F 75 00 4A 44    MEDD~~N?Zu?u~JD
30 42 31 20 20 57 47 20 20 00 00 3C 3F 5A 75 3F   0B1  WG  ~~<?Zu?
75 00 5B 44 30 42 31 37 58 41 53 50 52 00 00 10   u~[D0B17XASPR~~~
3F 5A 75 3F 75 00 67 44 30 42 31 20 20 4D 45 44   ?Zu?u~gD0B1  MED
44 00 09 51 72 5A 75 3F 75 00 6D 44 30 42 31 37   D~~QrZu?u~mD0B17
39 41 42 41 52 00 00 5E 3F 5A 75 3F 75 00 41 44   9ABAR~~^?Zu?u~AD
30 42 31 30 37 4F 48 52 58 00 09 4F 31 5A 75 3F   0B107OHRX~~O1Zu?
75 00 37 44 30 42 31 37 39 39 39 39 39 00 09 4F   u~7D0B1799999~~O
31 5A 75 3F 75 00 3C 44 30 42 31 37 39 39 39 39   1Zu?u~<D0B179999
39 00 00 30 18 5A 75 3F 75 00 0E 44 30 42 32 20   9~~0~Zu?u~~D0B2 
20 50 41 52 54 00 00 4E 3F 5A 75 3F 75 00 3F 44    PART~~N?Zu?u~?D
30 42 31 20 20 49 53 20 20 00 00 58 3F 5A 75 3F   0B1  IS  ~~X?Zu?
75 00 67 44 30 42 31 20 20 36 33 33 34 00 00 55   u~gD0B1  6334~~U
41 5A 75 3F 75 00 36 44 30 42 31 20 20 49 52 58   AZu?u~6D0B1  IRX
20 00 00 10 3F 5A 75 3F 75 00 34 44 30 42 31 20    ~~~?Zu?u~4D0B1 
20 41 44 56 20 00 09 4F 31 5A 75 3F 75 00 45 44    ADV ~~O1Zu?u~ED
30 42 31 37 30 39 39 39 39 00 09 4E 3F 5A 75 3F   0B1709999~~N?Zu?
75 00 1D 44 30 42 31 38 35 49 52 58 20 00 00 3E   u~~D0B185IRX ~~>
21 5A 75 3F 75 00 6F 44 30 42 31 20 20 42 43 42   !Zu?u~oD0B1  BCB
53 00 09 4E 3F 5A 75 3F 75 00 0B 44 30 42 32 20   S~~N?Zu?u~~D0B2 
20 49 52 58 20 00 09 50 3F 5A 75 3F 75 00 37 44    IRX ~~P?Zu?u~7D
30 42 31 20 20 34 34 34 34 00 09 4E 3F 5A 75 3F   0B1  4444~~N?Zu?
76 00 44 44 30 42 31 20 20 49 52 58 20 00 09 4E   v~DD0B1  IRX ~~N
3F 5A 75 3F 76 00 37 44 30 42 31 33 33 4D 45 44   ?Zu?v~7D0B133MED
44 00 00 0F 12 5A 75 3F 76 00 1B 44 30 42 32 20   D~~~~Zu?v~~D0B2 
20 41 34 20 20 00 00 0F 12 5A 75 3F 76 00 2E 44    A4  ~~~~Zu?v~.D
30 42 31 20 20 41 34 20 20 00 09 51 2E 5A 75 3F   0B1  A4  ~~Q.Zu?
76 00 41 44 30 42 31 32 31 48 4D 43 20 00 00 42   v~AD0B121HMC ~~B
72 5A 75 3F 76 00 15 44 30 42 32 20 20 43 49 4D   rZu?v~~D0B2  CIM
43 00 00 0F 12 5A 75 3F 76 00 4D 44 30 42 31 20   C~~~~Zu?v~MD0B1 
20 41 34 20 20 00 09 51 2A 5A 75 3F 76 00 3F 44    A4  ~~Q*Zu?v~?D
30 42 31 20 20 4E 56 54 20 00 09 50 3F 5A 75 3F   0B1  NVT ~~P?Zu?
76 00 43 44 30 42 31 37 36 34 39 34 39 00 00 3E   v~CD0B1764949~~>
21 5A 75 3F 76 00 3F 44 30 42 31 20 20 42 43 42   !Zu?v~?D0B1  BCB
53 00 00 0F 12 5A 75 3F 76 00 4C 44 30 42 31 20   S~~~~Zu?v~LD0B1 
20 41 34 20 20 00 00 10 3F 5A 75 3F 76 00 14 44    A4  ~~~?Zu?v~~D
30 42 32 20 20 41 44 56 20 00 09 51 2A 5A 75 3F   0B2  ADV ~~Q*Zu?
76 00 10 44 30 42 31 4E 4E 4E 56 54 20 00 00 3C   v~~D0B1NNNVT ~~<
3F 5A 75 3F 76 00 31 44 30 42 31 20 20 30 33 32   ?Zu?v~1D0B1  032
30 00 00 19 3F 5A 75 3F 76 00 2B 44 30 42 31 37   0~~~?Zu?v~+D0B17
36 48 4A 4C 20 00 00 2D 20 5A 75 3F 76 00 46 44   6HJL ~~- Zu?v~FD
30 42 31 20 20 42 43 54 58 00 00 12 12 5A 75 3F   0B1  BCTX~~~~Zu?
76 00 17 44 30 42 32 20 20 30 30 34 36 00 00 4E   v~~D0B2  0046~~N
3F 5A 75 3F 76 00 47 44 30 42 31 20 20 49 53 20   ?Zu?v~GD0B1  IS 
20 00 09 4F 31 5A 75 3F 76 00 3B 44 30 42 31 20    ~~O1Zu?v~;D0B1 
20 39 39 39 39 00 00 10 3F 5A 75 3F 76 00 35 44    9999~~~?Zu?v~5D
30 42 31 20 20 4D 45 44 44 00 00 0F 3F 5A 75 3F   0B1  MEDD~~~?Zu?
76 00 2A 44 30 42 32 20 20 34 33 20 31 00 09 50   v~*D0B2  43 1~~P
3F 5A 75 3F 76 00 10 44 30 42 32 20 20 4D 45 44   ?Zu?v~~D0B2  MED
44 00 09 50 3F 5A 75 3F 76 00 10 44 30 42 32 20   D~~P?Zu?v~~D0B2 
20 4D 45 44 44 00 09 50 3F 5A 75 3F 76 00 10 44    MEDD~~P?Zu?v~~D
30 42 32 20 20 4D 45 44 44 00 00 3C 3F 5A 75 3F   0B2  MEDD~~<?Zu?
76 00 32 44 30 42 31 37 39 30 33 32 30 00 00 42   v~2D0B1790320~~B
72 5A 75 3F 76 00 2C 44 30 42 31 20 20 30 32 31   rZu?v~,D0B1  021
35 00 09 51 21 5A 75 3F 76 00 33 44 30 42 31 20   5~~Q!Zu?v~3D0B1 
20 56 41 20 20 00 00 10 3F 5A 75 3F 76 00 3E 44    VA  ~~~?Zu?v~>D
30 42 31 20 20 41 44 56 20 00 00 4E 3F 5A 75 3F   0B1  ADV ~~N?Zu?
76 00 10 44 30 42 32 20 20 46 47 20 20 00 09 4E   v~~D0B2  FG  ~~N
3F 5A 75 3F 76 00 3C 44 30 42 31 20 20 56 44 5A   ?Zu?v~<D0B1  VDZ
20 00 00 26 3F 5A 75 3F 76 00 2C 44 30 42 31 36    ~~&?Zu?v~,D0B16
35 52 4F 49 52 00 00 4B 3F 5A 75 3F 76 00 39 44   5ROIR~~K?Zu?v~9D
30 42 31 36 39 57 43 41 52 00 09 4F 3F 5A 75 3F   0B169WCAR~~O?Zu?
76 00 34 44 30 42 31 20 20 39 39 39 39 00 09 51   v~4D0B1  9999~~Q
2A 5A 75 3F 76 00 20 44 30 42 32 20 20 4D 43 44   *Zu?v~ D0B2  MCD
20 00 09 4E 3F 5A 75 3F 76 00 36 44 30 42 31 20    ~~N?Zu?v~6D0B1 
20 56 44 5A 20 00 00 32 21 5A 75 3F 76 00 34 44    VDZ ~~2!Zu?v~4D
30 42 31 20 20 46 4C 42 43 00 00 0F 12 5A 75 3F   0B1  FLBC~~~~Zu?
76 00 11 44 30 42 32 20 20 41 34 20 20 00 09 4E   v~~D0B2  A4  ~~N
3F 5A 75 3F 76 00 47 44 30 42 31 20 20 49 52 58   ?Zu?v~GD0B1  IRX
20 00 00 3C 3F 5A 75 3F 76 00 52 44 30 42 31 20    ~~<?Zu?v~RD0B1 
20 30 33 32 30 00 09 4F 3F 5A 75 3F 76 00 33 44    0320~~O?Zu?v~3D
30 42 31 20 20 55 4E 41 44 00 09 50 3F 5A 75 3F   0B1  UNAD~~P?Zu?
76 00 45 44 30 42 31 20 20 30 30 36 37 00 09 51   v~ED0B1  0067~~Q
2A 5A 75 3F 76 00 3F 44 30 42 31 20 20 4E 56 54   *Zu?v~?D0B1  NVT
44 00 00 44 3F 5A 75 3F 76 00 4F 44 30 42 31 37   D~~D?Zu?v~OD0B17
36 50 30 32 37 00 00 2D 20 5A 75 3F 76 00 1F 44   6P027~~- Zu?v~~D
30 42 32 20 20 49 4C 44 52 00 00 3C 3F 5A 75 3F   0B2  ILDR~~<?Zu?
76 00 16 44 30 42 32 20 20 30 33 32 30 00 00 58   v~~D0B2  0320~~X
3F 5A 75 3F 76 00 16 44 30 42 32 20 20 36 33 33   ?Zu?v~~D0B2  633
34 00 09 3F 1D 5A 75 3F 76 00 1E 44 30 42 32 20   4~~?~Zu?v~~D0B2 
20 54 4D 43 48 00 00 58 3F 5A 75 3F 76 00 15 44    TMCH~~X?Zu?v~~D
30 42 32 20 20 36 33 33 34 00 00 10 3F 5A 75 3F   0B2  6334~~~?Zu?
76 00 10 44 30 42 32 20 20 41 44 56 20 00 00 0F   v~~D0B2  ADV ~~~
12 5A 75 3F 76 00 35 44 30 42 31 20 20 41 34 20   ~Zu?v~5D0B1  A4 
20 00 00 3C 3F 5A 75 3F 6E 00 51 44 30 42 31 20    ~~<?Zu?n~QD0B1 
20 30 33 32 30 00 00 58 3F 5A 75 3F 6E 00 72 44    0320~~X?Zu?n~rD
30 42 31 20 20 36 33 33 34 00 00 42 72 5A 75 3F   0B1  6334~~BrZu?
6E 00 3D 44 30 42 31 20 20 43 49 4D 43 00 00 39   n~=D0B1  CIMC~~9
3F 5A 75 3F 6E 00 1B 44 30 42 31 4D 36 43 4F 4D   ?Zu?n~~D0B1M6COM
46 00 00 3E 7B 5A 75 3F 6E 00 3F 44 30 42 31 20   F~~>{Zu?n~?D0B1 
20 47 44 43 20 00 00 10 3F 5A 75 3F 6E 00 23 44    GDC ~~~?Zu?n~#D
30 42 32 20 20 41 44 56 20 00 00 3E 7B 5A 75 3F   0B2  ADV ~~>{Zu?
6E 01 3A 44 30 42 31 20 20 47 44 43 20 00 09 4F   n~:D0B1  GDC ~~O
31 5A 75 3F 6E 00 46 44 30 42 31 20 20 39 39 39   1Zu?n~FD0B1  999
39 00 00 0E 01 5A 75 3F 6E 00 62 44 30 42 31 20   9~~~~Zu?n~bD0B1 
20 41 53 50 52 00 00 0F 12 5A 75 3F 6E 00 2B 44    ASPR~~~~Zu?n~+D
30 42 31 20 20 41 34 20 20 00 09 50 3F 5A 75 3F   0B1  A4  ~~P?Zu?
6E 00 5C 44 30 42 31 20 20 30 30 36 37 00 00 10   n~\D0B1  0067~~~
3F 5A 75 3F 6E 00 38 44 30 42 31 20 20 4D 45 44   ?Zu?n~8D0B1  MED
44 00 09 4F 3F 5A 75 3F 6E 00 0F 44 30 42 32 20   D~~O?Zu?n~~D0B2 
20 46 45 50 52 00 00 3C 3F 5A 75 3F 6E 00 2A 44    FEPR~~<?Zu?n~*D
30 42 32 20 20 30 33 32 30 00 09 29 3F 5A 75 3F   0B2  0320~~)?Zu?
6E 00 46 44 30 42 31 20 20 37 37 37 37 00 09 4E   n~FD0B1  7777~~N
3F 5A 75 3F 6E 00 42 44 30 42 31 20 20 4D 45 44   ?Zu?n~BD0B1  MED
44 00 09 4F 3F 5A 75 3F 6E 00 31 44 30 42 31 20   D~~O?Zu?n~1D0B1 
20 46 45 50 52 00 00 0F 12 5A 75 3F 6E 00 3C 44    FEPR~~~~Zu?n~<D
30 42 31 20 20 41 34 20 20 00 00 13 33 5A 75 3F   0B1  A4  ~~~3Zu?
6E 00 21 44 30 42 32 20 20 41 4C 42 43 00 09 4E   n~!D0B2  ALBC~~N
3F 5A 75 3F 6E 00 1B 44 30 42 32 20 20 56 44 5A   ?Zu?n~~D0B2  VDZ
20 00 09 4E 3F 5A 75 3F 6E 00 31 44 30 42 31 20    ~~N?Zu?n~1D0B1 
20 49 52 58 20 00 09 4F 31 5A 75 3F 6E 00 19 44    IRX ~~O1Zu?n~~D
30 42 32 20 20 39 39 39 39 00 09 4F 31 5A 75 3F   0B2  9999~~O1Zu?
6E 00 42 44 30 42 31 20 20 39 39 39 39 00 09 4E   n~BD0B1  9999~~N
3F 5A 75 3F 6E 00 43 44 30 42 31 20 20 49 52 58   ?Zu?n~CD0B1  IRX
20 00 00 2D 20 5A 75 3F 6E 00 1B 44 30 42 32 20    ~~- Zu?n~~D0B2 
20 31 32 31 35 00 00 2D 20 5A 75 3F 6E 00 3B 44    1215~~- Zu?n~;D
30 42 31 20 20 31 32 31 35 00 00 10 3F 5A 75 3F   0B1  1215~~~?Zu?
6E 00 39 44 30 42 31 20 20 4D 45 44 44 00 09 4E   n~9D0B1  MEDD~~N
3F 5A 75 3F 6E 00 37 44 30 42 31 20 20 4D 45 44   ?Zu?n~7D0B1  MED
44 00 00 58 3F 5A 75 3F 6E 00 62 44 30 42 31 20   D~~X?Zu?n~bD0B1 
20 36 33 33 34 00 00 2D 20 5A 75 3F 6E 00 2A 44    6334~~- Zu?n~*D
30 42 32 20 20 49 4C 44 52 00 09 50 3F 5A 75 3F   0B2  ILDR~~P?Zu?
6E 00 3F 44 30 42 31 37 36 48 4D 48 53 00 00 3E   n~?D0B176HMHS~~>
21 5A 75 3F 6E 01 1A 44 30 42 31 20 20 42 43 42   !Zu?n~~D0B1  BCB
53 00 09 4E 3F 5A 75 3F 6E 00 23 44 30 42 31 38   S~~N?Zu?n~#D0B18
35 49 52 58 20 00 00 10 3F 5A 75 3F 6E 00 5F 44   5IRX ~~~?Zu?n~_D
30 42 31 44 4B 48 52 53 41 00 00 32 21 5A 75 3F   0B1DKHRSA~~2!Zu?
6E 00 32 44 30 42 31 20 20 46 4C 42 43 00 00 13   n~2D0B1  FLBC~~~
33 5A 75 3F 6E 00 3E 44 30 42 31 20 20 41 4C 42   3Zu?n~>D0B1  ALB
43 00 09 4F 31 5A 75 3F 6E 00 48 44 30 42 31 20   C~~O1Zu?n~HD0B1 
20 39 39 39 39 00 09 50 3F 5A 75 3F 6E 00 52 44    9999~~P?Zu?n~RD
30 42 31 20 20 34 36 34 36 00 00 10 3F 5A 75 3F   0B1  4646~~~?Zu?
6E 00 37 44 30 42 31 20 20 41 44 56 20 00 00 0E   n~7D0B1  ADV ~~~
01 5A 75 3F 6E 00 5B 44 30 42 31 20 20 41 53 50   ~Zu?n~[D0B1  ASP
52 00 00 0F 12 5A 75 3F 6E 00 33 44 30 42 31 37   R~~~~Zu?n~3D0B17
58 41 34 20 20 00 00 10 3F 5A 75 3F 6E 00 52 44   XA4  ~~~?Zu?n~RD
30 42 31 20 20 41 44 56 20 00 00 10 3F 5A 75 3F   0B1  ADV ~~~?Zu?
6E 00 3A 44 30 42 31 37 36 41 44 56 20 00 09 4F   n~:D0B176ADV ~~O
3F 5A 75 3F 6E 00 38 44 30 42 31 37 36 39 39 39   ?Zu?n~8D0B176999
39 00 00 10 3F 5A 75 3F 6E 00 37 44 30 42 31 20   9~~~?Zu?n~7D0B1 
20 41 44 56 20 00 09 4F 31 5A 75 3F 6E 00 54 44    ADV ~~O1Zu?n~TD
30 42 31 20 20 39 39 39 39 00 00 10 3F 5A 75 3F   0B1  9999~~~?Zu?
6E 00 11 44 30 42 31 4E 4E 4D 45 44 44 00 09 4E   n~~D0B1NNMEDD~~N
3F 5A 75 3F 6E 00 29 44 30 42 31 36 39 56 44 5A   ?Zu?n~)D0B169VDZ
20 00 09 4F 3F 5A 75 3F 6E 00 16 44 30 42 32 20    ~~O?Zu?n~~D0B2 
20 46 45 50 52 00 09 4E 3F 5A 75 3F 6E 00 3A 44    FEPR~~N?Zu?n~:D
30 42 31 20 20 49 52 58 20 00 00 58 3F 5A 75 3F   0B1  IRX ~~X?Zu?
6E 00 5F 44 30 42 31 20 20 36 33 33 34 00 09 3F   n~_D0B1  6334~~?
1D 5A 75 3F 6E 00 33 44 30 42 31 37 30 30 31 34   ~Zu?n~3D0B170014
31 00 00 0F 12 5A 75 3F 6E 00 52 44 30 42 31 20   1~~~~Zu?n~RD0B1 
20 41 34 20 20 00 00 43 3F 5A 75 3F 6E 00 3F 44    A4  ~~C?Zu?n~?D
30 42 31 35 31 39 39 39 39 00 00 10 3F 5A 75 3F   0B1519999~~~?Zu?
6E 00 36 44 30 42 31 20 20 4D 45 44 44 00 00 42   n~6D0B1  MEDD~~B
72 5A 75 3F 6E 00 15 44 30 42 32 20 20 30 35 31   rZu?n~~D0B2  051
38 00 00 10 3F 5A 75 3F 6E 00 32 44 30 42 31 20   8~~~?Zu?n~2D0B1 
20 41 44 56 20 00 00 39 3F 5A 75 3F 6F 00 21 44    ADV ~~9?Zu?o~!D
30 42 31 4D 36 43 4F 4D 46 00 00 0F 12 5A 75 3F   0B1M6COMF~~~~Zu?
6F 00 34 44 30 42 31 37 35 4D 41 20 20 00 00 48   o~4D0B175MA  ~~H
3F 5A 75 3F 6F 00 2C 44 30 42 31 20 20 48 45 4C   ?Zu?o~,D0B1  HEL
50 00 00 0F 12 5A 75 3F 6F 00 18 44 30 42 32 20   P~~~~Zu?o~~D0B2 
20 41 34 20 20 00 00 10 3F 5A 75 3F 6F 00 39 44    A4  ~~~?Zu?o~9D
30 42 31 37 39 41 44 56 20 00 00 42 72 5A 75 3F   0B179ADV ~~BrZu?
6F 00 50 44 30 42 31 20 20 30 35 31 38 00 00 10   o~PD0B1  0518~~~
3F 5A 75 3F 6F 00 32 44 30 42 31 20 20 41 44 56   ?Zu?o~2D0B1  ADV
20 00 00 42 72 5A 75 3F 6F 00 3F 44 30 42 31 20    ~~BrZu?o~?D0B1 
20 43 49 4D 43 00 00 42 72 5A 75 3F 6F 00 38 44    CIMC~~BrZu?o~8D
30 42 31 20 20 43 49 4D 43 00 00 5E 3F 5A 75 3F   0B1  CIMC~~^?Zu?
6F 00 34 44 30 42 31 30 37 4F 48 52 58 00 09 4E   o~4D0B107OHRX~~N
3F 5A 75 3F 6F 00 2E 44 30 42 31 37 39 56 44 5A   ?Zu?o~.D0B179VDZ
20 00 00 49 3F 5A 75 3F 6F 00 40 44 30 42 31 20    ~~I?Zu?o~@D0B1 
20 50 33 30 33 00 00 42 72 5A 75 3F 6F 00 13 44    P303~~BrZu?o~~D
30 42 32 20 20 43 49 4D 43 00 00 2D 20 5A 75 3F   0B2  CIMC~~- Zu?
6F 00 44 44 30 42 31 20 20 49 4C 44 52 00 09 4F   o~DD0B1  ILDR~~O
3F 5A 75 3F 6F 00 3F 44 30 42 31 20 20 4D 43 53   ?Zu?o~?D0B1  MCS
52 00 00 3C 3F 5A 75 3F 6F 00 6A 44 30 42 31 20   R~~<?Zu?o~jD0B1 
20 41 53 50 52 00 09 4F 3F 5A 75 3F 6F 00 3C 44    ASPR~~O?Zu?o~<D
30 42 31 20 20 46 45 50 52 00 00 3C 3F 5A 75 3F   0B1  FEPR~~<?Zu?
6F 00 62 44 30 42 31 20 20 41 53 50 52 00 00 42   o~bD0B1  ASPR~~B
72 5A 75 3F 6F 00 33 44 30 42 31 37 30 43 49 4D   rZu?o~3D0B170CIM
43 00 09 4F 31 5A 75 3F 6F 00 11 44 30 42 32 20   C~~O1Zu?o~~D0B2 
20 39 39 39 39 00 00 4E 3F 5A 75 3F 6F 00 3B 44    9999~~N?Zu?o~;D
30 42 31 37 30 4E 53 20 20 00 00 2D 20 5A 75 3F   0B170NS  ~~- Zu?
6F 00 1D 44 30 42 32 20 20 49 4C 44 52 00 00 3C   o~~D0B2  ILDR~~<
3F 5A 75 3F 6F 00 3A 44 30 42 31 20 20 30 33 32   ?Zu?o~:D0B1  032
30 00 00 10 32 5A 75 3F 6F 00 3F 44 30 42 31 34   0~~~2Zu?o~?D0B14
31 41 4C 4D 45 00 00 3C 49 5A 75 3F 6F 00 76 44   1ALME~~<IZu?o~vD
30 42 31 20 20 53 53 4E 20 00 09 51 2A 5A 75 3F   0B1  SSN ~~Q*Zu?
6F 00 3F 44 30 42 31 20 20 45 47 57 50 00 00 10   o~?D0B1  EGWP~~~
3F 5A 75 3F 6F 00 38 44 30 42 31 20 20 41 44 56   ?Zu?o~8D0B1  ADV
20 00 09 4F 3F 5A 75 3F 6F 00 4F 44 30 42 31 20    ~~O?Zu?o~OD0B1 
20 39 39 39 39 00 09 4E 3F 5A 75 3F 6F 00 37 44    9999~~N?Zu?o~7D
30 42 31 20 20 4D 45 44 44 00 09 4E 3F 5A 75 3F   0B1  MEDD~~N?Zu?
6F 00 39 44 30 42 31 20 20 49 52 58 20 00 09 4E   o~9D0B1  IRX ~~N
3F 5A 75 3F 6F 00 32 44 30 42 31 37 39 56 44 5A   ?Zu?o~2D0B179VDZ
20 00 00 10 3F 5A 75 3F 6F 00 44 44 30 42 31 37    ~~~?Zu?o~DD0B17
30 4D 45 44 44 00 00 5D 48 5A 75 3F 6F 00 4C 44   0MEDD~~]HZu?o~LD
30 42 31 37 43 4B 59 50 52 00 09 4E 3F 5A 75 3F   0B17CKYPR~~N?Zu?
6F 00 34 44 30 42 31 37 58 56 44 5A 20 00 09 4F   o~4D0B17XVDZ ~~O
3F 5A 75 3F 6F 00 64 44 30 42 31 20 20 39 39 39   ?Zu?o~dD0B1  999
39 00 00 58 3F 5A 75 3F 6F 00 3F 44 30 42 31 20   9~~X?Zu?o~?D0B1 
20 36 33 33 34 00 00 0E 42 5A 75 3F 6F 00 42 44    6334~~~BZu?o~BD
30 42 31 20 20 36 34 20 20 00 09 4F 31 5A 75 3F   0B1  64  ~~O1Zu?
6F 00 40 44 30 42 31 20 20 39 39 39 39 00 00 10   o~@D0B1  9999~~~
3F 5A 75 3F 6F 00 30 44 30 42 31 37 39 49 41 54   ?Zu?o~0D0B179IAT
43 00 00 30 18 5A 75 3F 6F 00 69 44 30 42 31 20   C~~0~Zu?o~iD0B1 
20 50 41 52 54 00 09 50 3F 5A 75 3F 6F 00 26 44    PART~~P?Zu?o~&D
30 42 32 20 20 55 4D 45 4D 00 09 4F 31 5A 75 3F   0B2  UMEM~~O1Zu?
6F 00 29 44 30 42 32 20 20 39 39 39 39 00 09 50   o~)D0B2  9999~~P
3F 5A 75 3F 6F 00 42 44 30 42 31 20 20 39 39 39   ?Zu?o~BD0B1  999
39 00 09 4F 3F 5A 75 3F 6F 00 37 44 30 42 31 20   9~~O?Zu?o~7D0B1 
20 46 45 50 52 00 00 0F 12 5A 75 3F 6F 00 59 44    FEPR~~~~Zu?o~YD
30 42 31 20 20 41 34 20 20 00 00 2D 20 5A 75 3F   0B1  A4  ~~- Zu?
6F 00 41 44 30 42 31 20 20 42 43 54 58 00 09 4F   o~AD0B1  BCTX~~O
31 5A 75 3F 6F 00 53 44 30 42 31 20 20 39 39 39   1Zu?o~SD0B1  999
39 00 00 30 18 5A 75 3F 6F 00 3F 44 30 42 31 20   9~~0~Zu?o~?D0B1 
20 50 41 52 54 00 09 4F 3F 5A 75 3F 6F 00 31 44    PART~~O?Zu?o~1D
30 42 31 20 20 46 45 50 52 00 00 3C 3F 5A 75 3F   0B1  FEPR~~<?Zu?
6F 00 65 44 30 42 31 20 20 30 33 32 30 00 00 30   o~eD0B1  0320~~0
18 5A 75 3F 6F 00 2C 44 30 42 31 36 35 50 41 52   ~Zu?o~,D0B165PAR
54 00 00 58 3F 5A 75 3F 6F 00 0E 44 30 42 32 20   T~~X?Zu?o~~D0B2 
20 36 33 33 34 00 09 4F 31 5A 75 3F 6F 00 4A 44    6334~~O1Zu?o~JD
30 42 31 20 20 39 39 39 39 00 00 3D 3F 5A 75 3F   0B1  9999~~=?Zu?
6F 00 5E 44 30 42 31 20 20 30 36 30 39 00 09 4F   o~^D0B1  0609~~O
3F 5A 75 3F 6F 00 44 44 30 42 31 37 36 39 39 39   ?Zu?o~DD0B176999
39 00 00 10 3F 5A 75 3F 6F 00 2A 44 30 42 31 20   9~~~?Zu?o~*D0B1 
20 4D 43 41 49 00 00 0F 12 5A 75 3F 6F 00 12 44    MCAI~~~~Zu?o~~D
30 42 32 20 20 4D 41 20 20 00 00 58 3F 5A 75 3F   0B2  MA  ~~X?Zu?
6F 00 59 44 30 42 31 20 20 36 33 33 34 00 09 4F   o~YD0B1  6334~~O
4F 5A 75 3F 6F 00 3C 44 30 42 31 20 20 30 31 39   OZu?o~<D0B1  019
36 00 00 4E 3F 5A 75 3F 6F 00 3E 44 30 42 31 20   6~~N?Zu?o~>D0B1 
20 49 53 20 20 00 00 2D 20 5A 75 3F 6F 00 32 44    IS  ~~- Zu?o~2D
30 42 31 20 20 53 41 4C 55 00 00 10 3F 5A 75 3F   0B1  SALU~~~?Zu?
6F 00 15 44 30 42 32 20 20 4D 43 41 49 00 00 10   o~~D0B2  MCAI~~~
3F 5A 75 3F 6F 00 11 44 30 42 32 20 20 41 44 56   ?Zu?o~~D0B2  ADV
20 00 09 4E 3F 5A 75 3F 6F 00 14 44 30 42 32 20    ~~N?Zu?o~~D0B2 
20 49 52 58 20 00 09 50 3F 5A 75 3F 6F 00 58 44    IRX ~~P?Zu?o~XD
30 42 31 35 36 50 44 50 4F 00 00 13 33 5A 75 3F   0B156PDPO~~~3Zu?
6F 00 77 44 30 42 31 20 20 41 4C 42 43 00 00 58   o~wD0B1  ALBC~~X
3F 5A 75 3F 6F 00 60 44 30 42 31 38 38 36 33 33   ?Zu?o~`D0B188633
34 00 00 10 3F 5A 75 3F 6F 00 3B 44 30 42 31 20   4~~~?Zu?o~;D0B1 
20 41 44 56 20 00 00 10 3F 5A 75 3F 6F 00 2B 44    ADV ~~~?Zu?o~+D
30 42 31 36 39 41 44 56 20 00 09 4F 3F 5A 75 3F   0B169ADV ~~O?Zu?
6F 00 1A 44 30 42 32 20 20 39 39 39 39 00 00 3E   o~~D0B2  9999~~>
7B 5A 75 3F 6F 00 3F 44 30 42 32 20 20 47 44 43   {Zu?o~?D0B2  GDC
20 00 00 0F 12 5A 75 3F 6F 00 13 44 30 42 32 20    ~~~~Zu?o~~D0B2 
20 41 34 20 20 00 00 10 3F 5A 75 3F 6F 00 31 44    A4  ~~~?Zu?o~1D
30 42 31 20 20 4D 43 41 49 00 09 4F 31 5A 75 3F   0B1  MCAI~~O1Zu?
6F 00 21 44 30 42 31 36 39 39 39 39 39 00 09 4F   o~!D0B1699999~~O
3F 5A 75 3F 6F 00 41 44 30 42 32 20 20 39 39 39   ?Zu?o~AD0B2  999
39 00 00 3C 3F 5A 75 3F 6F 00 1C 44 30 42 32 20   9~~<?Zu?o~~D0B2 
20 30 33 32 30 00 00 2D 20 5A 75 3F 6F 00 4C 44    0320~~- Zu?o~LD
30 42 31 20 20 31 32 31 35 00 09 4F 3F 5A 75 3F   0B1  1215~~O?Zu?
6F 00 3A 44 30 42 31 20 20 46 45 50 52 00 00 2D   o~:D0B1  FEPR~~-
20 5A 75 3F 6F 00 41 44 30 42 31 20 20 49 4C 44    Zu?o~AD0B1  ILD
52 00 09 51 2A 5A 75 3F 6F 00 2A 44 30 42 32 20   R~~Q*Zu?o~*D0B2 
20 4E 56 54 55 00 00 42 72 5A 75 3F 6F 00 15 44    NVTU~~BrZu?o~~D
30 42 32 20 20 30 35 31 38 00 09 50 3F 5A 75 3F   0B2  0518~~P?Zu?
6F 00 43 44 30 42 32 20 20 42 43 42 53 00 00 42   o~CD0B2  BCBS~~B
72 5A 75 3F 6F 00 50 44 30 42 31 20 20 30 35 31   rZu?o~PD0B1  051
38 00 09 4F 3F 5A 75 3F 70 00 2E 44 30 42 32 20   8~~O?Zu?p~.D0B2 
20 39 39 39 39 00 00 58 3F 5A 75 3F 70 00 14 44    9999~~X?Zu?p~~D
30 42 32 20 20 36 33 33 34 00 00 3A 31 5A 75 3F   0B2  6334~~:1Zu?
70 00 2E 44 30 42 31 20 20 52 50 44 20 00 09 51   p~.D0B1  RPD ~~Q
2A 5A 75 3F 70 00 27 44 30 42 32 20 20 4E 56 54   *Zu?p~'D0B2  NVT
44 00 00 32 21 5A 75 3F 70 00 0B 44 30 42 32 20   D~~2!Zu?p~~D0B2 
20 4D 45 44 44 00 09 4F 31 5A 75 3F 70 00 3D 44    MEDD~~O1Zu?p~=D
30 42 31 20 20 39 39 39 39 00 00 10 3F 5A 75 3F   0B1  9999~~~?Zu?
70 00 2E 44 30 42 31 20 20 41 44 56 20 00 00 4E   p~.D0B1  ADV ~~N
3F 5A 75 3F 70 00 4C 44 30 42 31 20 20 41 43 20   ?Zu?p~LD0B1  AC 
20 00 00 0E 01 5A 75 3F 70 00 20 44 30 42 32 20    ~~~~Zu?p~ D0B2 
20 32 34 30 30 00 00 32 21 5A 75 3F 70 00 44 44    2400~~2!Zu?p~DD
30 42 31 38 38 46 4C 42 43 00 09 4E 3F 5A 75 3F   0B188FLBC~~N?Zu?
70 00 25 44 30 42 31 36 39 49 52 58 20 00 00 25   p~%D0B169IRX ~~%
53 5A 75 3F 70 00 3F 44 30 42 31 36 43 4D 41 53   SZu?p~?D0B16CMAS
53 00 09 4E 3F 5A 75 3F 70 00 42 44 30 42 31 37   S~~N?Zu?p~BD0B17
30 49 52 58 20 00 00 10 3F 5A 75 3F 70 00 31 44   0IRX ~~~?Zu?p~1D
30 42 31 37 39 41 44 56 20 00 00 58 3F 5A 75 3F   0B179ADV ~~X?Zu?
70 00 70 44 30 42 31 20 20 36 33 33 34 00 00 3C   p~pD0B1  6334~~<
3F 5A 75 3F 70 00 3A 44 30 42 31 20 20 30 33 32   ?Zu?p~:D0B1  032
30 00 09 50 3F 5A 75 3F 70 00 34 44 30 42 31 20   0~~P?Zu?p~4D0B1 
20 4D 45 44 44 00 00 4E 3F 5A 75 3F 70 00 3E 44    MEDD~~N?Zu?p~>D
30 42 31 20 20 49 53 20 20 00 09 4F 3F 5A 75 3F   0B1  IS  ~~O?Zu?
70 00 17 44 30 42 32 20 20 46 45 50 52 00 00 10   p~~D0B2  FEPR~~~
3F 5A 75 3F 70 00 1B 44 30 42 32 20 20 41 44 56   ?Zu?p~~D0B2  ADV
20 00 00 22 3F 5A 75 3F 70 00 1B 44 30 42 32 20    ~~"?Zu?p~~D0B2 
20 57 44 52 58 00 09 4E 3F 5A 75 3F 70 00 30 44    WDRX~~N?Zu?p~0D
30 42 31 20 20 49 52 58 20 00 09 4E 3F 5A 75 3F   0B1  IRX ~~N?Zu?
70 00 38 44 30 42 31 20 20 49 52 58 20 00 09 4F   p~8D0B1  IRX ~~O
31 5A 75 3F 70 00 1E 44 30 42 31 4E 4E 39 39 39   1Zu?p~~D0B1NN999
39 00 00 42 72 5A 75 3F 70 00 32 44 30 42 31 20   9~~BrZu?p~2D0B1 
20 43 49 4D 43 00 00 10 3F 5A 75 3F 70 00 41 44    CIMC~~~?Zu?p~AD
30 42 31 37 36 41 44 56 20 00 00 4E 3F 5A 75 3F   0B176ADV ~~N?Zu?
70 00 16 44 30 42 32 20 20 57 47 20 20 00 09 50   p~~D0B2  WG  ~~P
3F 5A 75 3F 70 00 3F 44 30 42 31 20 20 31 39 30   ?Zu?p~?D0B1  190
33 00 00 0F 12 5A 75 3F 70 00 15 44 30 42 32 20   3~~~~Zu?p~~D0B2 
20 41 34 20 20 00 00 4E 3F 5A 75 3F 70 00 35 44    A4  ~~N?Zu?p~5D
30 42 31 20 20 49 53 20 20 00 00 0F 12 5A 75 3F   0B1  IS  ~~~~Zu?
70 00 46 44 30 42 31 37 36 41 34 20 20 00 09 51   p~FD0B176A4  ~~Q
72 5A 75 3F 70 00 3F 44 30 42 31 20 20 41 42 41   rZu?p~?D0B1  ABA
52 00 00 3C 3F 5A 75 3F 70 00 25 44 30 42 32 20   R~~<?Zu?p~%D0B2 
20 30 33 32 30 00 09 50 3F 5A 75 3F 70 00 44 44    0320~~P?Zu?p~DD
30 42 31 20 20 4D 48 43 50 00 00 3C 3F 5A 75 3F   0B1  MHCP~~<?Zu?
70 00 3B 44 30 42 31 20 20 30 33 32 30 00 00 10   p~;D0B1  0320~~~
3F 5A 75 3F 70 00 49 44 30 42 31 20 20 4D 45 44   ?Zu?p~ID0B1  MED
44 00 09 4F 31 5A 75 3F 70 00 4F 44 30 42 31 20   D~~O1Zu?p~OD0B1 
20 39 39 39 39 00 00 42 72 5A 75 3F 70 00 38 44    9999~~BrZu?p~8D
30 42 31 20 20 43 49 4D 43 00 00 10 3F 5A 75 3F   0B1  CIMC~~~?Zu?
70 00 11 44 30 42 32 20 20 41 44 56 20 00 00 4E   p~~D0B2  ADV ~~N
3F 5A 75 3F 70 00 13 44 30 42 32 20 20 41 43 20   ?Zu?p~~D0B2  AC 
20 00 00 3C 3F 5A 75 3F 70 00 39 44 30 42 31 20    ~~<?Zu?p~9D0B1 
20 30 33 32 30 00 00 37 3F 5A 75 3F 70 00 24 44    0320~~7?Zu?p~$D
30 42 31 20 20 57 59 4F 50 00 09 4F 31 5A 75 3F   0B1  WYOP~~O1Zu?
70 00 3F 44 30 42 31 20 20 39 39 39 39 00 09 4F   p~?D0B1  9999~~O
31 5A 75 3F 70 00 1C 44 30 42 32 20 20 39 39 39   1Zu?p~~D0B2  999
39 00 00 55 41 5A 75 3F 70 00 2C 44 30 42 32 20   9~~UAZu?p~,D0B2 
20 49 52 58 20 00 09 50 3F 5A 75 3F 70 00 56 44    IRX ~~P?Zu?p~VD
30 42 31 20 20 30 30 36 37 00 00 10 3F 5A 75 3F   0B1  0067~~~?Zu?
70 00 4B 44 30 42 31 20 20 41 44 56 20 00 00 10   p~KD0B1  ADV ~~~
3F 5A 75 3F 70 00 24 44 30 42 31 30 36 41 44 56   ?Zu?p~$D0B106ADV
20 00 00 39 3F 5A 75 3F 70 00 2B 44 30 42 31 38    ~~9?Zu?p~+D0B18
35 43 4F 4D 46 00 09 51 59 5A 75 3F 70 00 36 44   5COMF~~QYZu?p~6D
30 42 31 20 20 30 33 31 39 00 00 10 3F 5A 75 3F   0B1  0319~~~?Zu?
70 00 16 44 30 42 32 20 20 41 44 56 20 00 00 48   p~~D0B2  ADV ~~H
3F 5A 75 3F 70 00 3D 44 30 42 31 37 30 55 48 43   ?Zu?p~=D0B170UHC
20 00 00 58 3F 5A 75 3F 70 00 6A 44 30 42 31 20    ~~X?Zu?p~jD0B1 
20 36 33 33 34 00 09 4E 3F 5A 75 3F 70 00 3C 44    6334~~N?Zu?p~<D
30 42 31 20 20 56 44 5A 20 00 00 58 3F 5A 75 3F   0B1  VDZ ~~X?Zu?
70 00 70 44 30 42 31 20 20 36 33 33 34 00 00 39   p~pD0B1  6334~~9
3F 5A 75 3F 70 00 41 44 30 42 31 4D 36 43 4F 4D   ?Zu?p~AD0B1M6COM
46 00 00 10 3F 5A 75 3F 70 00 3A 44 30 42 31 37   F~~~?Zu?p~:D0B17
39 4D 45 44 44 00 00 0F 12 5A 75 3F 70 00 14 44   9MEDD~~~~Zu?p~~D
30 42 32 20 20 4D 41 20 20 00 00 17 3B 5A 75 3F   0B2  MA  ~~~;Zu?
70 00 32 44 30 42 31 37 35 43 4C 41 49 00 00 10   p~2D0B175CLAI~~~
3F 5A 75 3F 70 00 39 44 30 42 31 20 20 4D 45 44   ?Zu?p~9D0B1  MED
44 00 00 42 72 5A 75 3F 70 00 34 44 30 42 31 35   D~~BrZu?p~4D0B15
32 30 32 31 35 00 00 42 72 5A 75 3F 70 00 29 44   20215~~BrZu?p~)D
30 42 31 37 39 30 32 31 35 00 09 4F 3F 5A 75 3F   0B1790215~~O?Zu?
70 00 3F 44 30 42 31 20 20 46 57 20 20 00 00 10   p~?D0B1  FW  ~~~
3F 5A 75 3F 70 00 35 44 30 42 31 20 20 41 44 56   ?Zu?p~5D0B1  ADV
20 00 09 50 3F 5A 75 3F 70 00 32 44 30 42 32 20    ~~P?Zu?p~2D0B2 
20 34 33 30 30 00 09 4F 3F 5A 75 3F 70 00 48 44    4300~~O?Zu?p~HD
30 42 32 20 20 46 57 20 20 00 00 3E 7B 5A 75 3F   0B2  FW  ~~>{Zu?
70 01 1D 44 30 42 31 20 20 47 44 43 20 00 00 39   p~~D0B1  GDC ~~9
3F 5A 75 3F 70 00 25 44 30 42 31 4D 36 43 4F 4D   ?Zu?p~%D0B1M6COM
46 00 00 0F 12 5A 75 3F 70 00 46 44 30 42 31 20   F~~~~Zu?p~FD0B1 
20 4D 44 20 20 00 09 51 06 5A 75 3F 70 00 59 44    MD  ~~Q~Zu?p~YD
30 42 31 37 35 57 41 57 43 00 00 2D 20 5A 75 3F   0B175WAWC~~- Zu?
70 00 32 44 30 42 31 20 20 53 41 4C 55 00 09 4F   p~2D0B1  SALU~~O
24 5A 75 3F 70 00 57 44 30 42 31 37 39 44 52 4D   $Zu?p~WD0B179DRM
54 00 00 3C 3F 5A 75 3F 70 00 1B 44 30 42 32 20   T~~<?Zu?p~~D0B2 
20 30 33 32 30 00 00 4E 3F 5A 75 3F 70 00 3F 44    0320~~N?Zu?p~?D
30 42 31 20 20 30 32 30 32 00 00 13 33 5A 75 3F   0B1  0202~~~3Zu?
70 00 0E 44 30 42 32 20 20 41 4C 42 43 00 09 4F   p~~D0B2  ALBC~~O
3F 5A 75 3F 70 00 3D 44 30 42 31 20 20 39 39 39   ?Zu?p~=D0B1  999
39 00 00 10 3F 5A 75 3F 70 00 38 44 30 42 31 20   9~~~?Zu?p~8D0B1 
20 41 44 56 20 00 00 41 3F 5A 75 3F 70 00 12 44    ADV ~~A?Zu?p~~D
30 42 32 20 20 48 4D 4F 41 00 00 10 3F 5A 75 3F   0B2  HMOA~~~?Zu?
70 00 37 44 30 42 31 20 20 4D 43 41 49 00 09 50   p~7D0B1  MCAI~~P
3F 5A 75 3F 70 00 0E 44 30 42 32 20 20 4D 45 44   ?Zu?p~~D0B2  MED
44 00 00 4E 3F 5A 75 3F 70 00 47 44 30 42 31 20   D~~N?Zu?p~GD0B1 
20 49 53 20 20 00 00 10 3F 5A 75 3F 70 00 2B 44    IS  ~~~?Zu?p~+D
30 42 31 37 35 4D 45 44 44 00 09 4E 3F 5A 75 3F   0B175MEDD~~N?Zu?
70 00 31 44 30 42 31 37 30 56 44 5A 20 00 00 4B   p~1D0B170VDZ ~~K
3F 5A 75 3F 70 00 37 44 30 42 31 20 20 57 43 41   ?Zu?p~7D0B1  WCA
52 00 00 0F 3F 5A 75 3F 70 00 2A 44 30 42 32 20   R~~~?Zu?p~*D0B2 
20 34 33 20 31 00 09 4E 3F 5A 75 3F 70 00 3F 44    43 1~~N?Zu?p~?D
30 42 31 20 20 56 44 5A 20 00 00 0F 12 5A 75 3F   0B1  VDZ ~~~~Zu?
71 00 53 44 30 42 31 36 35 41 34 20 20 00 00 2D   q~SD0B165A4  ~~-
20 5A 75 3F 71 00 3F 44 30 42 31 20 20 53 41 4C    Zu?q~?D0B1  SAL
55 00 00 10 3F 5A 75 3F 71 00 25 44 30 42 31 34   U~~~?Zu?q~%D0B14
30 41 44 56 20 00 00 0F 12 5A 75 3F 71 00 2A 44   0ADV ~~~~Zu?q~*D
30 42 31 37 58 41 34 20 20 00 00 10 3F 5A 75 3F   0B17XA4  ~~~?Zu?
71 00 3B 44 30 42 31 35 34 48 52 53 41 00 09 50   q~;D0B154HRSA~~P
3F 5A 75 3F 71 00 2F 44 30 42 31 36 39 39 39 39   ?Zu?q~/D0B169999
39 00 09 50 3F 5A 75 3F 71 00 4F 44 30 42 31 20   9~~P?Zu?q~OD0B1 
20 30 30 36 37 00 00 0E 01 5A 75 3F 71 00 5D 44    0067~~~~Zu?q~]D
30 42 31 20 20 32 34 30 30 00 00 42 72 5A 75 3F   0B1  2400~~BrZu?
71 00 34 44 30 42 31 20 20 30 35 31 38 00 00 10   q~4D0B1  0518~~~
3F 5A 75 3F 71 00 35 44 30 42 31 20 20 4D 45 44   ?Zu?q~5D0B1  MED
44 00 00 10 3F 5A 75 3F 71 00 2F 44 30 42 31 20   D~~~?Zu?q~/D0B1 
20 41 44 56 20 00 09 4F 24 5A 75 3F 71 00 3F 44    ADV ~~O$Zu?q~?D
30 42 31 36 35 50 43 53 20 00 09 4E 3F 5A 75 3F   0B165PCS ~~N?Zu?
71 00 31 44 30 42 31 20 20 56 44 5A 20 00 09 50   q~1D0B1  VDZ ~~P
3F 5A 75 3F 71 00 40 44 30 42 31 38 38 34 37 30   ?Zu?q~@D0B188470
30 00 09 4E 3F 5A 75 3F 71 00 29 44 30 42 31 36   0~~N?Zu?q~)D0B16
39 56 44 5A 20 00 00 3A 10 5A 75 3F 71 01 30 44   9VDZ ~~:~Zu?q~0D
30 42 31 20 20 50 30 34 33 00 00 3C 3F 5A 75 3F   0B1  P043~~<?Zu?
71 00 6D 44 30 42 31 20 20 41 53 50 52 00 09 4F   q~mD0B1  ASPR~~O
74 5A 75 3F 71 00 64 44 30 42 31 37 35 44 52 57   tZu?q~dD0B175DRW
56 00 00 5E 3F 5A 75 3F 71 00 76 44 30 42 31 20   V~~^?Zu?q~vD0B1 
20 4F 48 52 58 00 09 4F 3F 5A 75 3F 71 00 38 44    OHRX~~O?Zu?q~8D
30 42 31 20 20 46 45 50 52 00 09 51 59 5A 75 3F   0B1  FEPR~~QYZu?
71 00 3B 44 30 42 31 36 35 30 33 31 39 00 00 39   q~;D0B1650319~~9
3F 5A 75 3F 71 04 0E 44 30 42 31 4D 36 43 4F 4D   ?Zu?q~~D0B1M6COM
46 00 00 10 3F 5A 75 3F 71 00 3B 44 30 42 31 37   F~~~?Zu?q~;D0B17
30 4D 45 44 44 00 00 42 72 5A 75 3F 71 00 3F 44   0MEDD~~BrZu?q~?D
30 42 31 20 20 43 49 4D 43 00 00 0F 12 5A 75 3F   0B1  CIMC~~~~Zu?
71 00 3C 44 30 42 31 20 20 4D 41 20 20 00 00 58   q~<D0B1  MA  ~~X
3F 5A 75 3F 71 00 3F 44 30 42 31 20 20 36 33 33   ?Zu?q~?D0B1  633
34 00 00 10 3F 5A 75 3F 71 00 35 44 30 42 31 20   4~~~?Zu?q~5D0B1 
20 4D 43 41 49 00 09 4E 3F 5A 75 3F 71 00 3C 44    MCAI~~N?Zu?q~<D
30 42 31 38 38 49 52 58 20 00 09 4F 31 5A 75 3F   0B188IRX ~~O1Zu?
71 00 3A 44 30 42 31 20 20 39 39 39 39 00 09 4E   q~:D0B1  9999~~N
3F 5A 75 3F 71 00 39 44 30 42 31 20 20 56 44 5A   ?Zu?q~9D0B1  VDZ
20 00 00 2D 20 5A 75 3F 71 00 39 44 30 42 31 20    ~~- Zu?q~9D0B1 
20 49 4C 44 52 00 00 39 3F 5A 75 3F 71 00 3F 44    ILDR~~9?Zu?q~?D
30 42 31 4D 36 43 4F 4D 46 00 00 3C 3F 5A 75 3F   0B1M6COMF~~<?Zu?
71 00 24 44 30 42 31 4E 31 41 53 50 52 00 00 42   q~$D0B1N1ASPR~~B
72 5A 75 3F 71 00 26 44 30 42 32 20 20 43 49 4D   rZu?q~&D0B2  CIM
43 00 00 3C 3F 5A 75 3F 71 00 48 44 30 42 31 35   C~~<?Zu?q~HD0B15
36 30 33 32 30 00 0C 35 01 5A 75 3F 71 00 4E 44   60320~~5~Zu?q~ND
30 42 31 20 20 42 43 53 57 00 00 4E 3F 5A 75 3F   0B1  BCSW~~N?Zu?
71 00 44 44 30 42 31 20 20 49 53 20 20 00 00 58   q~DD0B1  IS  ~~X
3F 5A 75 3F 71 00 60 44 30 42 32 20 20 36 33 33   ?Zu?q~`D0B2  633
34 00 00 32 21 5A 75 3F 71 00 3D 44 30 42 31 20   4~~2!Zu?q~=D0B1 
20 4D 45 44 44 00 09 4E 3F 5A 75 3F 71 00 33 44    MEDD~~N?Zu?q~3D
30 42 31 20 20 56 44 5A 20 00 09 4F 3F 5A 75 3F   0B1  VDZ ~~O?Zu?
71 00 11 44 30 42 32 20 20 46 45 50 52 00 00 2D   q~~D0B2  FEPR~~-
20 5A 75 3F 71 00 49 44 30 42 31 20 20 50 44 50    Zu?q~ID0B1  PDP
49 00 00 2D 20 5A 75 3F 71 00 1E 44 30 42 32 20   I~~- Zu?q~~D0B2 
20 49 4C 44 52 00 00 10 3F 5A 75 3F 71 00 3D 44    ILDR~~~?Zu?q~=D
30 42 31 20 20 4D 45 44 44 00 00 3C 3F 5A 75 3F   0B1  MEDD~~<?Zu?
71 00 33 44 30 42 31 37 39 30 33 32 30 00 00 4E   q~3D0B1790320~~N
3F 5A 75 3F 71 00 2C 44 30 42 31 36 43 49 52 58   ?Zu?q~,D0B16CIRX
43 00 00 39 3F 5A 75 3F 71 00 09 44 30 42 31 4D   C~~9?Zu?q~~D0B1M
36 43 4F 4D 46 00 09 4E 3F 5A 75 3F 71 00 3A 44   6COMF~~N?Zu?q~:D
30 42 31 20 20 43 54 52 58 00 00 10 3F 5A 75 3F   0B1  CTRX~~~?Zu?
71 00 42 44 30 42 31 20 20 41 44 56 20 00 09 4E   q~BD0B1  ADV ~~N
3F 5A 75 3F 71 00 36 44 30 42 31 20 20 49 52 58   ?Zu?q~6D0B1  IRX
20 00 00 3C 3F 5A 75 3F 71 00 53 44 30 42 31 35    ~~<?Zu?q~SD0B15
36 30 33 32 30 00 09 4F 3F 5A 75 3F 71 00 44 44   60320~~O?Zu?q~DD
30 42 32 20 20 46 57 20 20 00 09 4F 3F 5A 75 3F   0B2  FW  ~~O?Zu?
71 00 37 44 30 42 31 20 20 46 45 50 52 00 00 30   q~7D0B1  FEPR~~0
39 5A 75 3F 71 00 4C 44 30 42 31 37 30 50 30 32   9Zu?q~LD0B170P02
34 00 00 10 3F 5A 75 3F 71 00 31 44 30 42 31 20   4~~~?Zu?q~1D0B1 
20 41 44 56 20 00 00 2D 20 5A 75 3F 71 00 41 44    ADV ~~- Zu?q~AD
30 42 31 20 20 42 43 54 58 00 00 0E 01 5A 75 3F   0B1  BCTX~~~~Zu?
71 00 56 44 30 42 31 20 20 32 34 30 30 00 00 4E   q~VD0B1  2400~~N
3F 5A 75 3F 71 00 42 44 30 42 31 20 20 46 43 20   ?Zu?q~BD0B1  FC 
20 00 09 4F 31 5A 75 3F 71 00 10 44 30 42 32 20    ~~O1Zu?q~~D0B2 
20 39 39 39 39 00 09 4F 31 5A 75 3F 71 00 44 44    9999~~O1Zu?q~DD
30 42 31 20 20 39 39 39 39 00 00 2D 20 5A 75 3F   0B1  9999~~- Zu?
71 00 1B 44 30 42 32 20 20 49 4C 44 52 00 00 42   q~~D0B2  ILDR~~B
72 5A 75 3F 71 00 3D 44 30 42 31 20 20 43 49 4D   rZu?q~=D0B1  CIM
43 00 00 0F 3F 5A 75 3F 71 00 45 44 30 42 31 20   C~~~?Zu?q~ED0B1 
20 34 33 20 31 00 09 50 0B 5A 75 3F 71 00 5A 44    43 1~~P~Zu?q~ZD
30 42 31 20 20 52 58 41 32 00 00 42 72 5A 75 3F   0B1  RXA2~~BrZu?
71 00 22 44 30 42 31 36 39 43 49 4D 43 00 09 51   q~"D0B169CIMC~~Q
2A 5A 75 3F 71 00 45 44 30 42 31 20 20 4E 56 54   *Zu?q~ED0B1  NVT
20 00 00 0F 12 5A 75 3F 71 00 2F 44 30 42 31 37    ~~~~Zu?q~/D0B17
30 4D 41 20 20 00 00 3C 3F 5A 75 3F 71 00 19 44   0MA  ~~<?Zu?q~~D
30 42 32 20 20 30 33 32 30 00 09 50 3F 5A 75 3F   0B2  0320~~P?Zu?
71 00 40 44 30 42 32 20 20 31 39 30 33 00 09 4E   q~@D0B2  1903~~N
3F 5A 75 3F 71 00 18 44 30 42 32 20 20 56 44 5A   ?Zu?q~~D0B2  VDZ
20 00 00 10 3F 5A 75 3F 71 00 31 44 30 42 31 36    ~~~?Zu?q~1D0B16
39 4D 45 44 44 00 09 4F 3F 5A 75 3F 71 00 20 44   9MEDD~~O?Zu?q~ D
30 42 32 20 20 39 39 39 39 00 09 4F 31 5A 75 3F   0B2  9999~~O1Zu?
71 00 4B 44 30 42 31 37 39 39 39 39 39 00 00 10   q~KD0B1799999~~~
3F 5A 75 3F 71 00 51 44 30 42 31 20 20 41 44 56   ?Zu?q~QD0B1  ADV
20 00 09 4F 31 5A 75 3F 71 00 1E 44 30 42 32 20    ~~O1Zu?q~~D0B2 
20 39 39 39 39 00 09 51 59 5A 75 3F 71 00 3F 44    9999~~QYZu?q~?D
30 42 31 37 35 30 33 31 39 00 00 49 3F 5A 75 3F   0B1750319~~I?Zu?
71 00 39 44 30 42 31 20 20 50 33 30 33 00 00 39   q~9D0B1  P303~~9
3F 5A 75 3F 71 00 23 44 30 42 31 4D 36 43 4F 4D   ?Zu?q~#D0B1M6COM
46 00 00 39 3F 5A 75 3F 71 00 5E 44 30 42 31 4D   F~~9?Zu?q~^D0B1M
36 43 4F 4D 46 00 00 06 11 5A 75 3F 71 00 0E 44   6COMF~~~~Zu?q~~D
30 42 32 20 20 54 4E 4D 20 00 00 42 72 5A 75 3F   0B2  TNM ~~BrZu?
71 00 38 44 30 42 31 20 20 43 49 4D 43 00 09 4F   q~8D0B1  CIMC~~O
31 5A 75 3F 72 00 44 44 30 42 31 37 39 39 39 39   1Zu?r~DD0B179999
39 00 09 4F 3F 5A 75 3F 72 00 33 44 30 42 31 20   9~~O?Zu?r~3D0B1 
20 46 45 50 52 00 00 39 3F 5A 75 3F 72 00 30 44    FEPR~~9?Zu?r~0D
30 42 31 38 35 43 4F 4D 46 00 00 42 72 5A 75 3F   0B185COMF~~BrZu?
72 00 16 44 30 42 32 20 20 43 49 4D 43 00 09 4E   r~~D0B2  CIMC~~N
3F 5A 75 3F 72 00 3B 44 30 42 31 37 36 56 44 5A   ?Zu?r~;D0B176VDZ
20 00 00 25 53 5A 75 3F 72 00 3F 44 30 42 31 37    ~~%SZu?r~?D0B17
57 4D 41 53 53 00 00 10 3F 5A 75 3F 72 00 40 44   WMASS~~~?Zu?r~@D
30 42 31 20 20 37 37 39 39 00 00 0F 12 5A 75 3F   0B1  7799~~~~Zu?
72 00 5E 44 30 42 31 20 20 41 34 20 20 00 00 10   r~^D0B1  A4  ~~~
3F 5A 75 3F 72 00 58 44 30 42 31 20 20 41 44 56   ?Zu?r~XD0B1  ADV
20 00 00 2D 20 5A 75 3F 72 00 0E 44 30 42 32 20    ~~- Zu?r~~D0B2 
20 49 4C 43 41 00 09 4F 31 5A 75 3F 72 00 39 44    ILCA~~O1Zu?r~9D
30 42 31 20 20 39 39 39 39 00 00 17 3B 5A 75 3F   0B1  9999~~~;Zu?
72 00 36 44 30 42 31 38 38 43 4C 41 49 00 00 10   r~6D0B188CLAI~~~
3F 5A 75 3F 72 00 39 44 30 42 31 20 20 4D 45 44   ?Zu?r~9D0B1  MED
44 00 00 29 53 5A 75 3F 72 00 3E 44 30 42 31 41   D~~)SZu?r~>D0B1A
47 4F 4B 41 30 00 09 4E 3F 5A 75 3F 72 00 37 44   GOKA0~~N?Zu?r~7D
30 42 31 20 20 49 52 58 20 00 00 0F 12 5A 75 3F   0B1  IRX ~~~~Zu?
72 00 59 44 30 42 31 20 20 41 34 20 20 00 00 3C   r~YD0B1  A4  ~~<
3F 5A 75 3F 72 00 32 44 30 42 31 20 20 30 33 32   ?Zu?r~2D0B1  032
30 00 09 51 72 5A 75 3F 72 00 68 44 30 42 31 20   0~~QrZu?r~hD0B1 
20 41 42 41 52 00 09 4F 31 5A 75 3F 72 00 31 44    ABAR~~O1Zu?r~1D
30 42 31 20 20 39 39 39 39 00 00 49 3F 5A 75 3F   0B1  9999~~I?Zu?
72 00 17 44 30 42 32 20 20 50 33 30 33 00 00 06   r~~D0B2  P303~~~
11 5A 75 3F 72 00 31 44 30 42 31 20 20 54 4E 4D   ~Zu?r~1D0B1  TNM
20 00 09 50 3F 5A 75 3F 72 00 14 44 30 42 32 20    ~~P?Zu?r~~D0B2 
20 4D 45 44 44 00 00 58 3F 5A 75 3F 72 00 66 44    MEDD~~X?Zu?r~fD
30 42 31 20 20 36 33 33 34 00 00 0F 12 5A 75 3F   0B1  6334~~~~Zu?
72 00 38 44 30 42 31 20 20 41 34 20 20 00 00 10   r~8D0B1  A4  ~~~
3F 5A 75 3F 72 00 27 44 30 42 31 36 39 4D 45 44   ?Zu?r~'D0B169MED
44 00 00 2D 20 5A 75 3F 72 00 47 44 30 42 31 20   D~~- Zu?r~GD0B1 
20 42 43 54 58 00 09 4F 3F 5A 75 3F 72 00 19 44    BCTX~~O?Zu?r~~D
30 42 32 20 20 39 39 39 39 00 09 51 72 5A 75 3F   0B2  9999~~QrZu?
72 00 4C 44 30 42 31 20 20 41 42 41 52 00 00 3E   r~LD0B1  ABAR~~>
21 5A 75 3F 72 00 3F 44 30 42 31 20 20 42 43 42   !Zu?r~?D0B1  BCB
53 00 09 51 72 5A 75 3F 72 00 4D 44 30 42 31 20   S~~QrZu?r~MD0B1 
20 41 42 41 52 00 00 49 3F 5A 75 3F 72 00 3E 44    ABAR~~I?Zu?r~>D
30 42 31 37 30 50 33 30 33 00 09 4F 31 5A 75 3F   0B170P303~~O1Zu?
72 00 39 44 30 42 31 20 20 39 39 39 39 00 00 58   r~9D0B1  9999~~X
3F 5A 75 3F 72 00 3F 44 30 42 31 20 20 36 33 33   ?Zu?r~?D0B1  633
34 00 09 4F 31 5A 75 3F 72 00 3B 44 30 42 31 37   4~~O1Zu?r~;D0B17
39 39 39 39 39 00 00 2D 20 5A 75 3F 72 00 2C 44   99999~~- Zu?r~,D
30 42 32 20 20 49 4C 44 45 00 09 4F 3F 5A 75 3F   0B2  ILDE~~O?Zu?
72 00 40 44 30 42 31 20 20 46 45 50 52 00 00 3C   r~@D0B1  FEPR~~<
3F 5A 75 3F 72 00 3A 44 30 42 31 20 20 30 33 32   ?Zu?r~:D0B1  032
30 00 09 4F 31 5A 75 3F 72 00 50 44 30 42 31 20   0~~O1Zu?r~PD0B1 
20 39 39 39 39 00 09 4F 3F 5A 75 3F 72 00 30 44    9999~~O?Zu?r~0D
30 42 31 20 20 39 39 39 39 00 09 4E 3F 5A 75 3F   0B1  9999~~N?Zu?
72 00 33 44 30 42 31 37 39 4D 45 44 44 00 09 4F   r~3D0B179MEDD~~O
31 5A 75 3F 72 00 12 44 30 42 32 20 20 39 39 39   1Zu?r~~D0B2  999
39 00 09 29 6C 5A 75 3F 72 00 2D 44 30 42 31 20   9~~)lZu?r~-D0B1 
20 30 37 38 37 00 09 4F 3F 5A 75 3F 72 00 3F 44    0787~~O?Zu?r~?D
30 42 31 20 20 46 57 20 20 00 00 3C 3F 5A 75 3F   0B1  FW  ~~<?Zu?
72 00 38 44 30 42 31 20 20 30 33 32 30 00 00 4E   r~8D0B1  0320~~N
3F 5A 75 3F 72 00 3E 44 30 42 31 20 20 49 53 20   ?Zu?r~>D0B1  IS 
20 00 09 4F 3F 5A 75 3F 72 00 5D 44 30 42 32 20    ~~O?Zu?r~]D0B2 
20 46 57 20 20 00 00 4C 3F 5A 75 3F 72 00 5B 44    FW  ~~L?Zu?r~[D
30 42 31 20 20 50 52 58 30 00 00 2D 20 5A 75 3F   0B1  PRX0~~- Zu?
72 00 44 44 30 42 31 20 20 49 4C 44 52 00 09 4F   r~DD0B1  ILDR~~O
31 5A 75 3F 72 00 0D 44 30 42 32 20 20 39 39 39   1Zu?r~~D0B2  999
39 00 09 4F 31 5A 75 3F 72 00 3F 44 30 42 31 37   9~~O1Zu?r~?D0B17
30 39 39 39 39 00 00 10 3F 5A 75 3F 72 00 38 44   09999~~~?Zu?r~8D
30 42 31 34 34 41 44 56 20 00 09 4F 3F 5A 75 3F   0B144ADV ~~O?Zu?
72 00 3F 44 30 42 31 20 20 46 57 20 20 00 00 10   r~?D0B1  FW  ~~~
3F 5A 75 3F 72 00 38 44 30 42 31 20 20 4D 45 44   ?Zu?r~8D0B1  MED
44 00 00 0F 12 5A 75 3F 72 00 4A 44 30 42 31 20   D~~~~Zu?r~JD0B1 
20 41 34 20 20 00 00 06 11 5A 75 3F 72 00 33 44    A4  ~~~~Zu?r~3D
30 42 31 20 20 54 4E 4D 20 00 00 3E 7B 5A 75 3F   0B1  TNM ~~>{Zu?
72 01 21 44 30 42 31 20 20 47 44 43 20 00 09 4E   r~!D0B1  GDC ~~N
3F 5A 75 3F 72 00 1A 44 30 42 32 20 20 56 44 5A   ?Zu?r~~D0B2  VDZ
20 00 00 3C 3F 5A 75 3F 72 00 01 44 30 42 31 38    ~~<?Zu?r~~D0B18
38 41 53 50 52 00 00 13 33 5A 75 3F 72 00 2B 44   8ASPR~~~3Zu?r~+D
30 42 31 36 38 41 4C 42 43 00 00 17 3B 5A 75 3F   0B168ALBC~~~;Zu?
72 00 2A 44 30 42 31 35 32 43 4C 41 49 00 00 39   r~*D0B152CLAI~~9
3F 5A 75 3F 72 00 1D 44 30 42 31 4D 36 43 4F 4D   ?Zu?r~~D0B1M6COM
46 00 09 50 3F 5A 75 3F 72 00 3A 44 30 42 31 20   F~~P?Zu?r~:D0B1 
20 34 33 30 30 00 09 4F 31 5A 75 3F 72 00 3A 44    4300~~O1Zu?r~:D
30 42 31 20 20 39 39 39 39 00 00 10 3F 5A 75 3F   0B1  9999~~~?Zu?
72 00 3E 44 30 42 31 20 20 41 44 56 20 00 00 10   r~>D0B1  ADV ~~~
3F 5A 75 3F 72 00 3F 44 30 42 31 20 20 41 44 56   ?Zu?r~?D0B1  ADV
20 00 00 42 72 5A 75 3F 72 00 36 44 30 42 31 20    ~~BrZu?r~6D0B1 
20 43 49 4D 43 00 00 10 3F 5A 75 3F 72 00 35 44    CIMC~~~?Zu?r~5D
30 42 31 37 39 4D 45 44 44 00 09 51 2E 5A 75 3F   0B179MEDD~~Q.Zu?
72 00 4A 44 30 42 31 20 20 48 4D 43 20 00 00 10   r~JD0B1  HMC ~~~
3F 5A 75 3F 72 00 31 44 30 42 31 20 20 4D 45 44   ?Zu?r~1D0B1  MED
44 00 00 10 3F 5A 75 3F 72 00 2F 44 30 42 31 37   D~~~?Zu?r~/D0B17
35 49 41 54 43 00 09 4E 3F 5A 75 3F 72 00 48 44   5IATC~~N?Zu?r~HD
30 42 31 20 20 56 44 5A 20 00 00 4E 3F 5A 75 3F   0B1  VDZ ~~N?Zu?
72 00 5C 44 30 42 31 20 20 49 53 20 20 00 09 4E   r~\D0B1  IS  ~~N
3F 5A 75 3F 72 00 37 44 30 42 31 20 20 43 54 52   ?Zu?r~7D0B1  CTR
58 00 09 4F 31 5A 75 3F 72 00 53 44 30 42 31 37   X~~O1Zu?r~SD0B17
39 39 39 39 39 00 00 10 3F 5A 75 3F 72 00 17 44   99999~~~?Zu?r~~D
30 42 32 20 20 4D 45 44 44 00 09 50 3F 5A 75 3F   0B2  MEDD~~P?Zu?
72 00 38 44 30 42 31 20 20 4D 45 44 44 00 09 4E   r~8D0B1  MEDD~~N
3F 5A 75 3F 72 00 3E 44 30 42 31 20 20 49 52 58   ?Zu?r~>D0B1  IRX
20 00 09 34 3F 5A 75 3F 72 00 15 44 30 42 32 38    ~~4?Zu?r~~D0B28
37 30 31 34 31 00 00 42 72 5A 75 3F 72 00 1A 44   70141~~BrZu?r~~D
30 42 32 20 20 43 49 4D 43 00 00 10 3F 5A 75 3F   0B2  CIMC~~~?Zu?
72 00 34 44 30 42 31 34 30 41 44 56 20 00 09 50   r~4D0B140ADV ~~P
3F 5A 75 3F 72 00 33 44 30 42 31 20 20 4D 45 44   ?Zu?r~3D0B1  MED
44 00 09 4F 3F 5A 75 3F 72 00 1A 44 30 42 32 20   D~~O?Zu?r~~D0B2 
20 39 39 39 39 00 09 4F 31 5A 75 3F 72 00 3C 44    9999~~O1Zu?r~<D
30 42 31 20 20 39 39 39 39 00 00 10 3F 5A 75 3F   0B1  9999~~~?Zu?
72 00 5C 44 30 42 31 20 20 41 44 56 20 00 09 4F   r~\D0B1  ADV ~~O
3F 5A 75 3F 72 00 3A 44 30 42 31 20 20 39 39 39   ?Zu?r~:D0B1  999
39 00 09 4F 31 5A 75 3F 72 00 43 44 30 42 31 20   9~~O1Zu?r~CD0B1 
20 39 39 39 39 00 00 2D 20 5A 75 3F 72 00 30 44    9999~~- Zu?r~0D
30 42 31 37 31 49 4C 43 41 00 00 39 3F 5A 75 3F   0B171ILCA~~9?Zu?
72 00 29 44 30 42 31 38 35 43 4F 4D 46 00 09 4E   r~)D0B185COMF~~N
3F 5A 75 3F 72 00 40 44 30 42 31 20 20 4D 45 44   ?Zu?r~@D0B1  MED
44 00 00 13 33 5A 75 3F 72 00 38 44 30 42 31 37   D~~~3Zu?r~8D0B17
35 41 4C 42 43 00 09 4F 31 5A 75 3F 72 00 39 44   5ALBC~~O1Zu?r~9D
30 42 31 20 20 39 39 39 39 00 00 0E 42 5A 75 3F   0B1  9999~~~BZu?
72 00 16 44 30 42 32 20 20 36 34 20 20 00 00 0E   r~~D0B2  64  ~~~
42 5A 75 3F 72 00 2E 44 30 42 31 35 32 36 34 20   BZu?r~.D0B15264 
20 00 09 4F 31 5A 75 3F 72 00 0E 44 30 42 32 20    ~~O1Zu?r~~D0B2 
20 39 39 39 39 00 00 58 3F 5A 75 3F 72 00 6F 44    9999~~X?Zu?r~oD
30 42 31 20 20 36 33 33 34 00 00 39 3F 5A 75 3F   0B1  6334~~9?Zu?
73 00 35 44 30 42 31 38 35 43 4F 4D 46 00 00 10   s~5D0B185COMF~~~
3F 5A 75 3F 73 00 37 44 30 42 31 20 20 4D 43 41   ?Zu?s~7D0B1  MCA
49 00 09 34 3F 5A 75 3F 73 00 22 44 30 42 31 39   I~~4?Zu?s~"D0B19
36 30 31 34 31 00 09 4F 3F 5A 75 3F 73 00 49 44   60141~~O?Zu?s~ID
30 42 31 20 20 46 45 50 52 00 09 4E 3F 5A 75 3F   0B1  FEPR~~N?Zu?
73 00 2C 44 30 42 31 34 34 56 44 5A 20 00 00 3C   s~,D0B144VDZ ~~<
3F 5A 75 3F 73 00 3D 44 30 42 31 35 36 30 33 32   ?Zu?s~=D0B156032
30 00 00 3C 3F 5A 75 3F 73 00 2E 44 30 42 32 20   0~~<?Zu?s~.D0B2 
20 30 33 32 30 00 00 2D 20 5A 75 3F 73 00 3F 44    0320~~- Zu?s~?D
30 42 31 20 20 49 4C 44 52 00 09 29 6A 5A 75 3F   0B1  ILDR~~)jZu?
73 00 3F 44 30 42 31 37 36 35 34 20 20 00 09 4E   s~?D0B17654  ~~N
3F 5A 75 3F 73 00 32 44 30 42 31 20 20 56 44 5A   ?Zu?s~2D0B1  VDZ
20 00 09 4E 3F 5A 75 3F 73 00 35 44 30 42 31 20    ~~N?Zu?s~5D0B1 
20 49 52 58 20 00 09 50 3F 5A 75 3F 73 00 4F 44    IRX ~~P?Zu?s~OD
30 42 32 20 20 31 39 30 33 00 09 4F 3F 5A 75 3F   0B2  1903~~O?Zu?
73 00 30 44 30 42 32 20 20 46 45 50 52 00 00 0F   s~0D0B2  FEPR~~~
12 5A 75 3F 73 00 40 44 30 42 31 37 30 41 34 20   ~Zu?s~@D0B170A4 
20 00 00 39 3F 5A 75 3F 73 00 45 44 30 42 31 38    ~~9?Zu?s~ED0B18
35 43 4F 4D 46 00 00 49 3F 5A 75 3F 73 00 5A 44   5COMF~~I?Zu?s~ZD
30 42 31 20 20 50 33 30 33 00 09 51 72 5A 75 3F   0B1  P303~~QrZu?
73 00 59 44 30 42 31 20 20 41 42 41 52 00 00 10   s~YD0B1  ABAR~~~
3F 5A 75 3F 73 00 3A 44 30 42 31 38 38 4D 45 44   ?Zu?s~:D0B188MED
44 00 00 3E 7B 5A 75 3F 73 01 15 44 30 42 31 20   D~~>{Zu?s~~D0B1 
20 47 44 43 20 00 09 4F 3F 5A 75 3F 73 00 5A 44    GDC ~~O?Zu?s~ZD
30 42 31 36 39 50 48 58 4D 00 09 4E 3F 5A 75 3F   0B169PHXM~~N?Zu?
73 00 19 44 30 42 32 20 20 56 44 5A 20 00 09 4E   s~~D0B2  VDZ ~~N
3F 5A 75 3F 73 00 36 44 30 42 31 20 20 49 52 58   ?Zu?s~6D0B1  IRX
20 00 00 5D 48 5A 75 3F 73 00 5C 44 30 42 31 20    ~~]HZu?s~\D0B1 
20 4B 59 50 52 00 00 42 72 5A 75 3F 73 00 51 44    KYPR~~BrZu?s~QD
30 42 31 20 20 30 35 31 38 00 00 0F 12 5A 75 3F   0B1  0518~~~~Zu?
73 00 39 44 30 42 31 37 36 4D 41 20 20 00 00 13   s~9D0B176MA  ~~~
33 5A 75 3F 73 00 38 44 30 42 31 20 20 41 4C 42   3Zu?s~8D0B1  ALB
43 00 00 10 3F 5A 75 3F 73 00 18 44 30 42 32 20   C~~~?Zu?s~~D0B2 
20 41 44 56 20 00 09 4F 3F 5A 75 3F 73 00 2C 44    ADV ~~O?Zu?s~,D
30 42 32 20 20 39 39 39 39 00 09 50 3F 5A 75 3F   0B2  9999~~P?Zu?
73 00 0C 44 30 42 32 20 20 48 4D 48 53 00 00 12   s~~D0B2  HMHS~~~
4A 5A 75 3F 73 01 12 44 30 42 31 37 51 43 4E 20   JZu?s~~D0B17QCN 
20 00 00 0F 3F 5A 75 3F 73 00 13 44 30 42 31 4E    ~~~?Zu?s~~D0B1N
4E 34 33 20 31 00 00 39 3F 5A 75 3F 73 00 21 44   N43 1~~9?Zu?s~!D
30 42 31 4D 36 43 4F 4D 46 00 09 51 1F 5A 75 3F   0B1M6COMF~~Q~Zu?
73 00 39 44 30 42 31 20 20 41 44 56 20 00 09 51   s~9D0B1  ADV ~~Q
2E 5A 75 3F 73 00 22 44 30 42 32 20 20 48 4D 43   .Zu?s~"D0B2  HMC
20 00 00 42 3F 5A 75 3F 73 00 75 44 30 42 31 20    ~~B?Zu?s~uD0B1 
20 41 53 50 52 00 00 10 3F 5A 75 3F 73 00 33 44    ASPR~~~?Zu?s~3D
30 42 31 20 20 4D 45 44 44 00 00 10 3F 5A 75 3F   0B1  MEDD~~~?Zu?
73 00 39 44 30 42 31 20 20 4D 43 41 49 00 09 4E   s~9D0B1  MCAI~~N
3F 5A 75 3F 73 00 37 44 30 42 31 20 20 56 44 5A   ?Zu?s~7D0B1  VDZ
20 00 09 50 3F 5A 75 3F 73 00 34 44 30 42 32 20    ~~P?Zu?s~4D0B2 
20 31 39 30 33 00 09 50 3F 5A 75 3F 73 00 2A 44    1903~~P?Zu?s~*D
30 42 32 20 20 42 43 52 49 00 00 10 3F 5A 75 3F   0B2  BCRI~~~?Zu?
73 00 57 44 30 42 31 20 20 4D 45 44 44 00 00 3C   s~WD0B1  MEDD~~<
3F 5A 75 3F 73 00 49 44 30 42 31 37 39 41 53 50   ?Zu?s~ID0B179ASP
52 00 00 5F 30 5A 75 3F 73 00 45 44 30 42 32 38   R~~_0Zu?s~ED0B28
37 33 32 30 37 00 09 4F 74 5A 75 3F 73 00 43 44   73207~~OtZu?s~CD
30 42 31 32 31 44 52 57 56 00 09 4F 3F 5A 75 3F   0B121DRWV~~O?Zu?
73 00 69 44 30 42 31 20 20 39 39 39 39 00 00 39   s~iD0B1  9999~~9
3F 5A 75 3F 73 00 26 44 30 42 31 4D 36 43 4F 4D   ?Zu?s~&D0B1M6COM
46 00 09 51 2A 5A 75 3F 73 00 26 44 30 42 32 20   F~~Q*Zu?s~&D0B2 
20 4E 56 54 44 00 00 10 3F 5A 75 3F 73 00 33 44    NVTD~~~?Zu?s~3D
30 42 31 20 20 41 44 56 20 00 09 4F 3F 5A 75 3F   0B1  ADV ~~O?Zu?
73 00 31 44 30 42 31 20 20 39 39 39 39 00 09 4F   s~1D0B1  9999~~O
31 5A 75 3F 73 00 34 44 30 42 31 20 20 39 39 39   1Zu?s~4D0B1  999
39 00 00 10 3F 5A 75 3F 73 00 34 44 30 42 31 20   9~~~?Zu?s~4D0B1 
20 41 44 56 20 00 00 39 3F 5A 75 3F 73 00 4D 44    ADV ~~9?Zu?s~MD
30 42 31 38 35 43 4F 4D 46 00 09 50 3F 5A 75 3F   0B185COMF~~P?Zu?
73 00 3F 44 30 42 31 20 20 34 34 34 34 00 00 39   s~?D0B1  4444~~9
3F 5A 75 3F 73 00 46 44 30 42 31 38 35 43 4F 4D   ?Zu?s~FD0B185COM
46 00 00 0F 12 5A 75 3F 73 00 35 44 30 42 31 20   F~~~~Zu?s~5D0B1 
20 41 34 20 20 00 00 3A 10 5A 75 3F 73 00 3F 44    A4  ~~:~Zu?s~?D
30 42 31 20 20 50 30 34 33 00 00 13 33 5A 75 3F   0B1  P043~~~3Zu?
73 00 50 44 30 42 31 20 20 41 4C 42 43 00 00 2D   s~PD0B1  ALBC~~-
20 5A 75 3F 73 00 0D 44 30 42 32 20 20 49 4C 43    Zu?s~~D0B2  ILC
41 00 09 4E 3F 5A 75 3F 73 00 19 44 30 42 32 20   A~~N?Zu?s~~D0B2 
20 56 44 5A 20 00 00 3E 7B 5A 75 3F 73 00 3F 44    VDZ ~~>{Zu?s~?D
30 42 32 20 20 47 44 43 20 00 00 32 21 5A 75 3F   0B2  GDC ~~2!Zu?
73 00 39 44 30 42 31 20 20 46 4C 42 43 00 00 2D   s~9D0B1  FLBC~~-
20 5A 75 3F 73 00 35 44 30 42 31 41 35 50 44 50    Zu?s~5D0B1A5PDP
49 00 00 42 72 5A 75 3F 73 00 02 44 30 42 31 38   I~~BrZu?s~~D0B18
38 30 35 31 38 00 00 3C 3F 5A 75 3F 73 00 36 44   80518~~<?Zu?s~6D
30 42 31 37 39 30 33 32 30 00 00 2D 20 5A 75 3F   0B1790320~~- Zu?
73 00 4A 44 30 42 31 20 20 49 4C 44 52 00 00 39   s~JD0B1  ILDR~~9
3F 5A 75 3F 73 00 32 44 30 42 31 4D 36 43 4F 4D   ?Zu?s~2D0B1M6COM
46 00 00 4E 3F 5A 75 3F 73 00 36 44 30 42 31 37   F~~N?Zu?s~6D0B17
35 49 53 20 20 00 00 39 3F 5A 75 3F 73 00 34 44   5IS  ~~9?Zu?s~4D
30 42 31 4D 36 43 4F 4D 46 00 09 4F 31 5A 75 3F   0B1M6COMF~~O1Zu?
73 00 38 44 30 42 31 20 20 39 39 39 39 00 09 4F   s~8D0B1  9999~~O
31 5A 75 3F 73 00 3F 44 30 42 31 20 20 39 39 39   1Zu?s~?D0B1  999
39 00 09 4F 31 5A 75 3F 73 00 3D 44 30 42 31 20   9~~O1Zu?s~=D0B1 
20 39 39 39 39 00 09 51 2A 5A 75 3F 73 00 12 44    9999~~Q*Zu?s~~D
30 42 31 4E 4E 4E 56 54 44 00 00 10 3F 5A 75 3F   0B1NNNVTD~~~?Zu?
73 00 33 44 30 42 31 20 20 4D 45 44 44 00 00 0F   s~3D0B1  MEDD~~~
12 5A 75 3F 73 00 35 44 30 42 31 36 35 41 34 20   ~Zu?s~5D0B165A4 
20 00 09 50 3F 5A 75 3F 73 00 39 44 30 42 31 37    ~~P?Zu?s~9D0B17
36 34 33 30 30 00 00 4E 3F 5A 75 3F 73 00 14 44   64300~~N?Zu?s~~D
30 42 31 4E 4E 57 47 20 20 00 00 58 3F 5A 75 3F   0B1NNWG  ~~X?Zu?
73 00 76 44 30 42 31 20 20 36 33 33 34 00 00 2D   s~vD0B1  6334~~-
20 5A 75 3F 73 00 3D 44 30 42 31 20 20 4E 4D 53    Zu?s~=D0B1  NMS
4E 00 09 4F 31 5A 75 3F 73 00 3E 44 30 42 31 20   N~~O1Zu?s~>D0B1 
20 39 39 39 39 00 09 4F 3F 5A 75 3F 73 00 2C 44    9999~~O?Zu?s~,D
30 42 31 32 43 30 30 30 30 00 00 4E 3F 5A 75 3F   0B12C0000~~N?Zu?
73 00 48 44 30 42 31 20 20 57 47 20 20 00 09 50   s~HD0B1  WG  ~~P
3F 5A 75 3F 73 01 30 44 30 42 31 20 20 48 4D 48   ?Zu?s~0D0B1  HMH
53 00 00 10 3F 5A 75 3F 73 00 3D 44 30 42 31 20   S~~~?Zu?s~=D0B1 
20 4D 45 44 44 00 00 2D 20 5A 75 3F 73 00 37 44    MEDD~~- Zu?s~7D
30 42 31 36 39 31 32 31 35 00 09 50 3F 5A 75 3F   0B1691215~~P?Zu?
73 00 43 44 30 42 31 20 20 39 39 39 39 00 09 4F   s~CD0B1  9999~~O
31 5A 75 3F 73 00 15 44 30 42 32 20 20 39 39 39   1Zu?s~~D0B2  999
39 00 00 3C 3F 5A 75 3F 73 00 16 44 30 42 32 20   9~~<?Zu?s~~D0B2 
20 30 33 32 30 00 09 4E 3F 5A 75 3F 73 00 4E 44    0320~~N?Zu?s~ND
30 42 31 20 20 56 44 5A 20 00 09 4F 3F 5A 75 3F   0B1  VDZ ~~O?Zu?
73 00 4D 44 30 42 31 37 36 46 45 50 52 00 00 10   s~MD0B176FEPR~~~
3F 5A 75 3F 73 00 12 44 30 42 32 20 20 41 44 56   ?Zu?s~~D0B2  ADV
20 00 09 51 72 5A 75 3F 73 00 38 44 30 42 32 20    ~~QrZu?s~8D0B2 
20 41 42 41 52 00 09 4F 31 5A 75 3F 73 00 31 44    ABAR~~O1Zu?s~1D
30 42 31 20 20 39 39 39 39 00 00 42 72 5A 75 3F   0B1  9999~~BrZu?
73 00 18 44 30 42 32 20 20 30 35 31 38 00 09 4F   s~~D0B2  0518~~O
3F 5A 75 3F 73 00 35 44 30 42 31 38 38 37 37 37   ?Zu?s~5D0B188777
37 00 00 06 11 5A 75 3F 73 00 29 44 30 42 31 38   7~~~~Zu?s~)D0B18
38 54 4E 4D 20 00 00 2D 20 5A 75 3F 73 00 2B 44   8TNM ~~- Zu?s~+D
30 42 32 20 20 42 43 54 58 00 00 10 3F 5A 75 3F   0B2  BCTX~~~?Zu?
73 00 32 44 30 42 31 20 20 41 44 56 20 00 00 32   s~2D0B1  ADV ~~2
21 5A 75 3F 73 00 44 44 30 42 31 20 20 46 4C 42   !Zu?s~DD0B1  FLB
43 00 09 4E 3F 5A 75 3F 73 00 33 44 30 42 31 20   C~~N?Zu?s~3D0B1 
20 56 44 5A 20 00 00 42 3F 5A 75 3F 73 00 13 44    VDZ ~~B?Zu?s~~D
30 42 32 20 20 4D 4E 50 52 00 09 4E 3F 5A 75 3F   0B2  MNPR~~N?Zu?
73 00 0D 44 30 42 32 20 20 49 52 58 20 00 00 2D   s~~D0B2  IRX ~~-
20 5A 75 3F 74 00 4E 44 30 42 31 20 20 42 43 54    Zu?t~ND0B1  BCT
58 00 00 4E 3F 5A 75 3F 74 00 37 44 30 42 31 20   X~~N?Zu?t~7D0B1 
20 57 47 20 20 00 00 10 3F 5A 75 3F 74 00 35 44    WG  ~~~?Zu?t~5D
30 42 31 37 39 4D 45 44 44 00 00 39 3F 5A 75 3F   0B179MEDD~~9?Zu?
74 00 37 44 30 42 31 38 35 43 4F 4D 46 00 09 50   t~7D0B185COMF~~P
3F 5A 75 3F 74 00 21 44 30 42 32 20 20 39 39 39   ?Zu?t~!D0B2  999
39 00 00 10 3F 5A 75 3F 74 00 2D 44 30 42 31 37   9~~~?Zu?t~-D0B17
39 4D 45 44 44 00 00 10 3F 5A 75 3F 74 00 43 44   9MEDD~~~?Zu?t~CD
30 42 31 34 30 4D 45 44 44 00 00 42 72 5A 75 3F   0B140MEDD~~BrZu?
74 00 1A 44 30 42 32 20 20 30 35 31 38 00 00 3E   t~~D0B2  0518~~>
21 5A 75 3F 74 00 3F 44 30 42 31 20 20 42 43 42   !Zu?t~?D0B1  BCB
53 00 00 40 73 5A 75 3F 74 00 39 44 30 42 31 20   S~~@sZu?t~9D0B1 
20 48 5A 52 58 00 00 0F 12 5A 75 3F 74 00 52 44    HZRX~~~~Zu?t~RD
30 42 31 20 20 41 34 20 20 00 09 51 2A 5A 75 3F   0B1  A4  ~~Q*Zu?
74 00 14 44 30 42 31 45 37 4D 43 44 20 00 00 2D   t~~D0B1E7MCD ~~-
20 5A 75 3F 74 00 38 44 30 42 31 20 20 42 43 54    Zu?t~8D0B1  BCT
58 00 09 4F 31 5A 75 3F 74 00 37 44 30 42 31 37   X~~O1Zu?t~7D0B17
39 39 39 39 39 00 00 0F 12 5A 75 3F 74 00 2A 44   99999~~~~Zu?t~*D
30 42 31 35 32 41 34 20 20 00 00 2D 20 5A 75 3F   0B152A4  ~~- Zu?
74 00 58 44 30 42 31 20 20 49 4C 44 52 00 09 4F   t~XD0B1  ILDR~~O
3F 5A 75 3F 74 00 43 44 30 42 31 20 20 39 39 39   ?Zu?t~CD0B1  999
39 00 00 10 3F 5A 75 3F 74 00 3F 44 30 42 31 20   9~~~?Zu?t~?D0B1 
20 4D 43 41 49 00 09 4F 31 5A 75 3F 74 00 3E 44    MCAI~~O1Zu?t~>D
30 42 31 20 20 39 39 39 39 00 09 50 3F 5A 75 3F   0B1  9999~~P?Zu?
74 00 55 44 30 42 31 20 20 30 30 36 37 00 09 4F   t~UD0B1  0067~~O
3F 5A 75 3F 74 00 1C 44 30 42 32 20 20 39 39 39   ?Zu?t~~D0B2  999
39 00 09 50 3F 5A 75 3F 74 00 25 44 30 42 31 35   9~~P?Zu?t~%D0B15
32 4D 45 44 44 00 00 10 3F 5A 75 3F 74 00 31 44   2MEDD~~~?Zu?t~1D
30 42 31 37 39 4D 45 44 44 00 09 4E 3F 5A 75 3F   0B179MEDD~~N?Zu?
74 00 4A 44 30 42 31 20 20 49 52 58 20 00 00 10   t~JD0B1  IRX ~~~
3F 5A 75 3F 74 00 38 44 30 42 31 20 20 41 44 56   ?Zu?t~8D0B1  ADV
20 00 09 50 3F 5A 75 3F 74 00 51 44 30 42 31 20    ~~P?Zu?t~QD0B1 
20 30 30 36 37 00 00 4E 3F 5A 75 3F 74 00 41 44    0067~~N?Zu?t~AD
30 42 31 20 20 49 53 20 20 00 09 4F 31 5A 75 3F   0B1  IS  ~~O1Zu?
74 00 4A 44 30 42 31 20 20 39 39 39 39 00 09 4E   t~JD0B1  9999~~N
3F 5A 75 3F 74 00 17 44 30 42 32 20 20 56 44 5A   ?Zu?t~~D0B2  VDZ
20 00 00 37 63 5A 75 3F 74 00 4B 44 30 42 31 38    ~~7cZu?t~KD0B18
38 39 37 34 33 00 00 4E 3F 5A 75 3F 74 00 3B 44   89743~~N?Zu?t~;D
30 42 31 37 36 57 47 20 20 00 09 4F 3F 5A 75 3F   0B176WG  ~~O?Zu?
74 00 6F 44 30 42 31 20 20 46 45 50 52 00 09 4F   t~oD0B1  FEPR~~O
31 5A 75 3F 74 00 3A 44 30 42 31 20 20 39 39 39   1Zu?t~:D0B1  999
39 00 09 4F 31 5A 75 3F 74 00 41 44 30 42 31 20   9~~O1Zu?t~AD0B1 
20 39 39 39 39 00 09 50 3F 5A 75 3F 74 00 25 44    9999~~P?Zu?t~%D
30 42 32 20 20 4D 45 44 44 00 09 4F 3F 5A 75 3F   0B2  MEDD~~O?Zu?
74 00 5F 44 30 42 31 20 20 39 39 39 39 00 09 4F   t~_D0B1  9999~~O
3F 5A 75 3F 74 00 02 44 30 42 31 38 38 46 45 50   ?Zu?t~~D0B188FEP
52 00 00 49 3F 5A 75 3F 74 00 3B 44 30 42 31 37   R~~I?Zu?t~;D0B17
30 50 33 30 33 00 00 3E 7B 5A 75 3F 74 00 3F 44   0P303~~>{Zu?t~?D
30 42 31 20 20 47 44 43 20 00 00 3E 21 5A 75 3F   0B1  GDC ~~>!Zu?
74 00 5C 44 30 42 31 20 20 48 4D 4F 4E 00 09 50   t~\D0B1  HMON~~P
3F 5A 75 3F 74 00 2E 44 30 42 31 37 36 30 30 36   ?Zu?t~.D0B176006
37 00 00 26 09 5A 75 3F 74 00 73 44 30 42 31 20   7~~&~Zu?t~sD0B1 
20 50 30 30 38 00 09 50 3F 5A 75 3F 74 00 3C 44    P008~~P?Zu?t~<D
30 42 31 20 20 4D 45 44 44 00 00 10 3F 5A 75 3F   0B1  MEDD~~~?Zu?
74 00 38 44 30 42 31 39 32 41 44 56 20 00 09 4E   t~8D0B192ADV ~~N
3F 5A 75 3F 74 00 2B 44 30 42 31 38 38 43 54 52   ?Zu?t~+D0B188CTR
58 00 09 4E 3F 5A 75 3F 74 00 1F 44 30 42 31 35   X~~N?Zu?t~~D0B15
32 4D 45 44 44 00 00 22 3F 5A 75 3F 74 00 13 44   2MEDD~~"?Zu?t~~D
30 42 32 20 20 43 42 38 20 00 00 0F 12 5A 75 3F   0B2  CB8 ~~~~Zu?
74 00 55 44 30 42 31 20 20 41 34 20 20 00 00 3C   t~UD0B1  A4  ~~<
3F 5A 75 3F 74 00 3E 44 30 42 31 20 20 30 33 32   ?Zu?t~>D0B1  032
30 00 09 29 6C 5A 75 3F 74 00 32 44 30 42 31 20   0~~)lZu?t~2D0B1 
20 30 31 34 32 00 00 3E 7B 5A 75 3F 74 00 3F 44    0142~~>{Zu?t~?D
30 42 31 20 20 47 44 43 20 00 00 3E 7B 5A 75 3F   0B1  GDC ~~>{Zu?
74 00 3F 44 30 42 32 20 20 47 44 43 20 00 09 4E   t~?D0B2  GDC ~~N
3F 5A 75 3F 74 00 3F 44 30 42 31 20 20 49 52 58   ?Zu?t~?D0B1  IRX
20 00 00 42 72 5A 75 3F 74 00 39 44 30 42 31 20    ~~BrZu?t~9D0B1 
20 30 32 31 35 00 00 4E 3F 5A 75 3F 74 00 40 44    0215~~N?Zu?t~@D
30 42 31 37 39 49 53 20 20 00 00 2D 20 5A 75 3F   0B179IS  ~~- Zu?
74 00 07 44 30 42 31 38 38 49 4C 44 52 00 00 0F   t~~D0B188ILDR~~~
12 5A 75 3F 74 00 3D 44 30 42 31 37 36 41 34 20   ~Zu?t~=D0B176A4 
20 00 09 4E 3F 5A 75 3F 74 00 2E 44 30 42 31 20    ~~N?Zu?t~.D0B1 
20 49 52 58 20 00 09 4F 3F 5A 75 3F 74 00 36 44    IRX ~~O?Zu?t~6D
30 42 31 20 20 46 45 50 52 00 00 0F 12 5A 75 3F   0B1  FEPR~~~~Zu?
74 00 46 44 30 42 31 20 20 41 34 20 20 00 00 12   t~FD0B1  A4  ~~~
4A 5A 75 3F 74 01 29 44 30 42 31 20 20 39 36 20   JZu?t~)D0B1  96 
20 00 00 0F 12 5A 75 3F 74 00 3C 44 30 42 31 20    ~~~~Zu?t~<D0B1 
20 4D 44 20 20 00 09 4E 3F 5A 75 3F 74 00 4A 44    MD  ~~N?Zu?t~JD
30 42 31 20 20 56 44 5A 20 00 09 50 3F 5A 75 3F   0B1  VDZ ~~P?Zu?
74 01 11 44 30 42 31 20 20 31 39 30 33 00 09 4E   t~~D0B1  1903~~N
3F 5A 75 3F 74 00 0F 44 30 42 32 20 20 43 54 52   ?Zu?t~~D0B2  CTR
58 00 09 4E 3F 5A 75 3F 74 00 2E 44 30 42 31 36   X~~N?Zu?t~.D0B16
39 56 44 5A 20 00 00 58 3F 5A 75 3F 74 00 3F 44   9VDZ ~~X?Zu?t~?D
30 42 31 20 20 36 33 33 34 00 00 0F 12 5A 75 3F   0B1  6334~~~~Zu?
74 00 45 44 30 42 31 20 20 4D 44 20 20 00 00 37   t~ED0B1  MD  ~~7
63 5A 75 3F 74 00 3F 44 30 42 31 20 20 39 37 34   cZu?t~?D0B1  974
33 00 00 2D 20 5A 75 3F 74 00 11 44 30 42 32 20   3~~- Zu?t~~D0B2 
20 49 4C 44 52 00 09 4F 3F 5A 75 3F 74 00 36 44    ILDR~~O?Zu?t~6D
30 42 31 37 30 46 45 50 52 00 00 2D 20 5A 75 3F   0B170FEPR~~- Zu?
74 00 46 44 30 42 31 20 20 42 43 54 58 00 09 4F   t~FD0B1  BCTX~~O
31 5A 75 3F 74 00 36 44 30 42 31 20 20 39 39 39   1Zu?t~6D0B1  999
03                                                ~