
02 31 35 30 36 37 30 31 36 34 35 4F 44 30 33 00   ~1506701645OD03~
00 31 30 54 50 30 30 30 30 5A 58 30 33 57 4C 47   ~10TP0000ZX03WLG
52 1C 0B 56 32 00 00 01 3F 01 3F 07 3F 00 02 00   R~~V2~~~?~?~?~~~
02 00 0D 00 29 00 2C 00 23 00 00 00 23 55 3F 79   ~~~~)~,~#~~~#U?y
3F 00 41 00 49 00 00 39 2E 00 09 4F 3F 5A 75 3F   ?~A~I~~9.~~O?Zu?
13 00 36 44 30 42 32 20 20 39 39 39 39 00 00 10   ~~6D0B2  9999~~~
3F 5A 75 3F 13 00 39 44 30 42 31 20 20 41 44 56   ?Zu?~~9D0B1  ADV
20 00 00 2D 20 5A 75 3F 13 00 3C 44 30 42 31 20    ~~- Zu?~~<D0B1 
20 49 4C 43 41 00 00 10 3F 5A 75 3F 13 00 3C 44    ILCA~~~?Zu?~~<D
30 42 31 20 20 4D 45 44 44 00 00 0F 12 5A 75 3F   0B1  MEDD~~~~Zu?
13 00 54 44 30 42 31 20 20 41 34 20 20 00 00 10   ~~TD0B1  A4  ~~~
3F 5A 75 3F 13 00 38 44 30 42 31 20 20 4D 45 44   ?Zu?~~8D0B1  MED
44 00 00 3C 3F 5A 75 3F 13 00 63 44 30 42 31 20   D~~<?Zu?~~cD0B1 
20 41 53 50 52 00 09 4E 3F 5A 75 3F 13 00 30 44    ASPR~~N?Zu?~~0D
30 42 31 20 20 56 44 5A 20 00 09 3F 1D 5A 75 3F   0B1  VDZ ~~?~Zu?
13 00 07 44 30 42 32 20 20 30 31 34 31 00 09 4F   ~~~D0B2  0141~~O
3F 5A 75 3F 13 00 2C 44 30 42 31 20 20 39 39 39   ?Zu?~~,D0B1  999
39 00 00 0F 12 5A 75 3F 13 00 5B 44 30 42 31 37   9~~~~Zu?~~[D0B17
35 41 34 20 20 00 00 3C 3F 5A 75 3F 13 00 75 44   5A4  ~~<?Zu?~~uD
30 42 31 20 20 30 33 32 30 00 09 4F 31 5A 75 3F   0B1  0320~~O1Zu?
13 00 0B 44 30 42 32 20 20 39 39 39 39 00 00 42   ~~~D0B2  9999~~B
72 5A 75 3F 13 00 3D 44 30 42 31 20 20 43 49 4D   rZu?~~=D0B1  CIM
43 00 00 10 3F 5A 75 3F 13 00 3A 44 30 42 31 20   C~~~?Zu?~~:D0B1 
20 41 44 56 20 00 00 4E 3F 5A 75 3F 13 00 09 44    ADV ~~N?Zu?~~~D
30 42 32 20 20 41 43 20 20 00 00 4E 3F 5A 75 3F   0B2  AC  ~~N?Zu?
13 00 2B 44 30 42 31 20 20 49 53 20 20 00 00 3C   ~~+D0B1  IS  ~~<
3F 5A 75 3F 13 00 3E 44 30 42 31 20 20 30 33 32   ?Zu?~~>D0B1  032
30 00 09 52 24 5A 75 3F 13 06 3F 44 30 42 31 39   0~~R$Zu?~~?D0B19
32 43 48 4D 20 00 09 4F 31 5A 75 3F 13 00 47 44   2CHM ~~O1Zu?~~GD
30 42 31 20 20 39 39 39 39 00 09 4F 31 5A 75 3F   0B1  9999~~O1Zu?
13 00 13 44 30 42 32 20 20 39 39 39 39 00 00 42   ~~~D0B2  9999~~B
72 5A 75 3F 13 00 2E 44 30 42 31 20 20 43 49 4D   rZu?~~.D0B1  CIM
43 00 00 2D 20 5A 75 3F 13 00 3E 44 30 42 31 20   C~~- Zu?~~>D0B1 
20 49 4C 44 52 00 09 4F 24 5A 75 3F 13 00 3F 44    ILDR~~O$Zu?~~?D
30 42 31 38 38 44 52 4D 44 00 09 50 3F 5A 75 3F   0B188DRMD~~P?Zu?
13 00 57 44 30 42 31 37 30 4D 45 44 44 00 00 0F   ~~WD0B170MEDD~~~
12 5A 75 3F 14 00 64 44 30 42 31 20 20 41 34 20   ~Zu?~~dD0B1  A4 
20 00 09 29 6C 5A 75 3F 14 00 02 44 30 42 31 38    ~~)lZu?~~~D0B18
38 30 37 37 31 00 09 50 3F 5A 75 3F 14 00 15 44   80771~~P?Zu?~~~D
30 42 32 20 20 4D 45 44 44 00 00 10 3F 5A 75 3F   0B2  MEDD~~~?Zu?
14 00 19 44 30 42 32 20 20 37 37 39 39 00 00 48   ~~~D0B2  7799~~H
3F 5A 75 3F 14 00 36 44 30 42 31 20 20 55 48 43   ?Zu?~~6D0B1  UHC
20 00 00 2D 20 5A 75 3F 14 00 4A 44 30 42 31 20    ~~- Zu?~~JD0B1 
20 42 43 54 58 00 00 10 3F 5A 75 3F 14 00 31 44    BCTX~~~?Zu?~~1D
30 42 31 37 39 41 44 56 20 00 09 4E 3F 5A 75 3F   0B179ADV ~~N?Zu?
14 00 0D 44 30 42 32 20 20 49 52 58 20 00 00 42   ~~~D0B2  IRX ~~B
72 5A 75 3F 14 00 3F 44 30 42 31 20 20 43 49 4D   rZu?~~?D0B1  CIM
43 00 00 10 3F 5A 75 3F 14 00 0A 44 30 42 32 20   C~~~?Zu?~~~D0B2 
20 41 44 56 20 00 09 4E 3F 5A 75 3F 14 00 15 44    ADV ~~N?Zu?~~~D
30 42 32 20 20 56 44 5A 20 00 00 3E 7B 5A 75 3F   0B2  VDZ ~~>{Zu?
14 00 3F 44 30 42 32 20 20 47 44 43 20 00 09 4E   ~~?D0B2  GDC ~~N
3F 5A 75 3F 14 00 32 44 30 42 31 20 20 56 44 5A   ?Zu?~~2D0B1  VDZ
20 00 00 0F 12 5A 75 3F 14 00 4F 44 30 42 31 20    ~~~~Zu?~~OD0B1 
20 41 34 20 20 00 09 4E 3F 5A 75 3F 14 00 2F 44    A4  ~~N?Zu?~~/D
30 42 31 37 36 49 52 58 20 00 09 4F 31 5A 75 3F   0B176IRX ~~O1Zu?
14 00 41 44 30 42 31 37 39 39 39 39 39 00 00 58   ~~AD0B1799999~~X
30 5A 75 3F 14 00 2A 44 30 42 31 30 37 43 54 52   0Zu?~~*D0B107CTR
58 00 00 10 3F 5A 75 3F 14 00 22 44 30 42 32 20   X~~~?Zu?~~"D0B2 
20 41 44 56 20 00 09 4E 3F 5A 75 3F 14 00 55 44    ADV ~~N?Zu?~~UD
30 42 32 20 20 49 52 58 20 00 09 50 3F 5A 75 3F   0B2  IRX ~~P?Zu?
14 00 3F 44 30 42 31 20 20 43 53 50 44 00 00 10   ~~?D0B1  CSPD~~~
3F 5A 75 3F 14 00 46 44 30 42 31 37 30 41 44 56   ?Zu?~~FD0B170ADV
20 00 09 3F 1D 5A 75 3F 14 00 26 44 30 42 31 20    ~~?~Zu?~~&D0B1 
20 30 31 34 31 00 00 42 3F 5A 75 3F 14 00 56 44    0141~~B?Zu?~~VD
30 42 31 20 20 41 53 50 52 00 00 0F 12 5A 75 3F   0B1  ASPR~~~~Zu?
14 00 66 44 30 42 31 20 20 41 34 20 20 00 00 0F   ~~fD0B1  A4  ~~~
12 5A 75 3F 14 00 78 44 30 42 31 20 20 41 34 20   ~Zu?~~xD0B1  A4 
20 00 09 50 3F 5A 75 3F 14 00 37 44 30 42 31 37    ~~P?Zu?~~7D0B17
36 34 31 30 30 00 00 2D 20 5A 75 3F 14 00 1C 44   64100~~- Zu?~~~D
30 42 32 20 20 49 4C 44 52 00 09 4F 31 5A 75 3F   0B2  ILDR~~O1Zu?
14 00 50 44 30 42 31 20 20 39 39 39 39 00 00 10   ~~PD0B1  9999~~~
3F 5A 75 3F 14 00 27 44 30 42 31 38 31 4D 45 44   ?Zu?~~'D0B181MED
44 00 00 2D 20 5A 75 3F 14 00 3D 44 30 42 31 20   D~~- Zu?~~=D0B1 
20 42 43 54 58 00 00 10 3F 5A 75 3F 14 00 0F 44    BCTX~~~?Zu?~~~D
30 42 32 20 20 41 44 56 20 00 00 3C 3F 5A 75 3F   0B2  ADV ~~<?Zu?
14 00 39 44 30 42 31 20 20 30 33 32 30 00 09 4E   ~~9D0B1  0320~~N
3F 5A 75 3F 14 00 38 44 30 42 31 37 36 49 52 58   ?Zu?~~8D0B176IRX
20 00 09 4E 3F 5A 75 3F 14 00 32 44 30 42 31 20    ~~N?Zu?~~2D0B1 
20 56 44 5A 20 00 09 4F 3F 5A 75 3F 14 00 3D 44    VDZ ~~O?Zu?~~=D
30 42 31 20 20 46 45 50 52 00 00 0E 01 5A 75 3F   0B1  FEPR~~~~Zu?
14 00 6C 44 30 42 31 20 20 41 53 50 52 00 09 4F   ~~lD0B1  ASPR~~O
24 5A 75 3F 14 00 3F 44 30 42 31 20 20 50 43 53   $Zu?~~?D0B1  PCS
20 00 09 51 21 5A 75 3F 14 00 2A 44 30 42 31 20    ~~Q!Zu?~~*D0B1 
20 4D 48 50 20 00 00 10 3F 5A 75 3F 14 00 15 44    MHP ~~~?Zu?~~~D
30 42 32 20 20 4D 45 44 44 00 00 32 21 5A 75 3F   0B2  MEDD~~2!Zu?
14 00 44 44 30 42 31 20 20 46 4C 42 43 00 00 10   ~~DD0B1  FLBC~~~
3F 5A 75 3F 14 00 19 44 30 42 32 20 20 4D 43 41   ?Zu?~~~D0B2  MCA
49 00 09 51 2A 5A 75 3F 14 00 38 44 30 42 32 20   I~~Q*Zu?~~8D0B2 
20 45 54 46 20 00 09 4F 31 5A 75 3F 14 00 43 44    ETF ~~O1Zu?~~CD
30 42 31 37 39 39 39 39 39 00 09 50 3F 5A 75 3F   0B1799999~~P?Zu?
14 00 16 44 30 42 32 20 20 34 39 34 39 00 09 4E   ~~~D0B2  4949~~N
3F 5A 75 3F 14 00 24 44 30 42 32 20 20 49 52 58   ?Zu?~~$D0B2  IRX
20 00 00 4E 3F 5A 75 3F 14 00 42 44 30 42 31 20    ~~N?Zu?~~BD0B1 
20 46 47 20 20 00 09 4F 31 5A 75 3F 14 00 13 44    FG  ~~O1Zu?~~~D
30 42 32 20 20 39 39 39 39 00 09 50 3F 5A 75 3F   0B2  9999~~P?Zu?
14 00 49 44 30 42 31 20 20 30 30 36 37 00 00 3C   ~~ID0B1  0067~~<
3F 5A 75 3F 14 00 55 44 30 42 31 20 20 30 33 32   ?Zu?~~UD0B1  032
30 00 09 4F 31 5A 75 3F 14 00 41 44 30 42 31 20   0~~O1Zu?~~AD0B1 
20 39 39 39 39 00 09 4F 31 5A 75 3F 14 00 41 44    9999~~O1Zu?~~AD
30 42 31 20 20 39 39 39 39 00 00 42 72 5A 75 3F   0B1  9999~~BrZu?
14 00 40 44 30 42 31 20 20 30 32 31 35 00 00 5E   ~~@D0B1  0215~~^
3F 5A 75 3F 14 00 7B 44 30 42 31 38 38 4F 48 52   ?Zu?~~{D0B188OHR
58 00 09 4F 31 5A 75 3F 14 00 44 44 30 42 31 20   X~~O1Zu?~~DD0B1 
20 39 39 39 39 00 00 10 3F 5A 75 3F 14 00 2A 44    9999~~~?Zu?~~*D
30 42 31 20 20 41 44 56 20 00 09 4F 3F 5A 75 3F   0B1  ADV ~~O?Zu?
14 00 3B 44 30 42 31 20 20 46 45 50 52 00 00 39   ~~;D0B1  FEPR~~9
3F 5A 75 3F 14 00 3D 44 30 42 31 38 35 43 4F 4D   ?Zu?~~=D0B185COM
46 00 00 10 3F 5A 75 3F 14 00 2A 44 30 42 31 36   F~~~?Zu?~~*D0B16
39 4D 45 44 44 00 00 58 3F 5A 75 3F 14 00 5E 44   9MEDD~~X?Zu?~~^D
30 42 32 20 20 36 33 33 34 00 00 3C 3F 5A 75 3F   0B2  6334~~<?Zu?
14 00 3D 44 30 42 31 35 36 30 33 32 30 00 00 10   ~~=D0B1560320~~~
3F 5A 75 3F 14 00 41 44 30 42 31 20 20 4D 45 44   ?Zu?~~AD0B1  MED
44 00 00 10 3F 5A 75 3F 14 00 17 44 30 42 32 20   D~~~?Zu?~~~D0B2 
20 41 44 56 20 00 09 51 21 5A 75 3F 14 00 13 44    ADV ~~Q!Zu?~~~D
30 42 32 20 20 50 48 50 4D 00 00 10 3F 5A 75 3F   0B2  PHPM~~~?Zu?
14 00 2F 44 30 42 31 20 20 41 44 56 20 00 00 4E   ~~/D0B1  ADV ~~N
3F 5A 75 3F 14 00 4B 44 30 42 31 20 20 41 43 20   ?Zu?~~KD0B1  AC 
20 00 09 4F 3F 5A 75 3F 14 00 0F 44 30 42 32 20    ~~O?Zu?~~~D0B2 
20 39 39 39 39 00 00 10 3F 5A 75 3F 14 00 18 44    9999~~~?Zu?~~~D
30 42 32 20 20 4D 45 44 44 00 00 10 3F 5A 75 3F   0B2  MEDD~~~?Zu?
14 00 26 44 30 42 31 34 30 4D 45 44 44 00 09 4F   ~~&D0B140MEDD~~O
31 5A 75 3F 14 00 0C 44 30 42 32 20 20 39 39 39   1Zu?~~~D0B2  999
39 00 00 10 3F 5A 75 3F 14 00 33 44 30 42 31 37   9~~~?Zu?~~3D0B17
30 4D 45 44 44 00 00 4C 3F 5A 75 3F 14 00 3F 44   0MEDD~~L?Zu?~~?D
30 42 31 20 20 30 36 30 33 00 00 4E 3F 5A 75 3F   0B1  0603~~N?Zu?
14 00 43 44 30 42 31 37 30 49 53 20 20 00 00 58   ~~CD0B170IS  ~~X
3F 5A 75 3F 14 00 3F 44 30 42 31 20 20 36 33 33   ?Zu?~~?D0B1  633
34 00 09 4E 3F 5A 75 3F 14 00 2B 44 30 42 31 20   4~~N?Zu?~~+D0B1 
20 56 44 5A 20 00 00 0F 12 5A 75 3F 14 00 23 44    VDZ ~~~~Zu?~~#D
30 42 31 34 31 4D 41 20 20 00 09 50 3F 5A 75 3F   0B141MA  ~~P?Zu?
14 00 41 44 30 42 31 37 30 39 39 39 39 00 00 10   ~~AD0B1709999~~~
3F 5A 75 3F 14 00 2B 44 30 42 31 20 20 4D 45 44   ?Zu?~~+D0B1  MED
44 00 09 4E 3F 5A 75 3F 14 00 12 44 30 42 32 20   D~~N?Zu?~~~D0B2 
20 56 44 5A 20 00 09 50 3F 5A 75 3F 14 00 3F 44    VDZ ~~P?Zu?~~?D
30 42 32 20 20 34 39 34 39 00 00 10 3F 5A 75 3F   0B2  4949~~~?Zu?
14 00 3B 44 30 42 31 20 20 41 44 56 20 00 00 42   ~~;D0B1  ADV ~~B
72 5A 75 3F 14 00 2F 44 30 42 31 20 20 43 49 4D   rZu?~~/D0B1  CIM
43 00 09 4F 3F 5A 75 3F 14 00 2D 44 30 42 31 37   C~~O?Zu?~~-D0B17
35 46 45 50 52 00 00 0F 3F 5A 75 3F 14 00 0F 44   5FEPR~~~?Zu?~~~D
30 42 31 45 58 34 33 20 31 00 09 4E 3F 5A 75 3F   0B1EX43 1~~N?Zu?
14 00 38 44 30 42 31 20 20 49 52 58 20 00 09 4F   ~~8D0B1  IRX ~~O
3F 5A 75 3F 14 00 24 44 30 42 32 20 20 39 39 39   ?Zu?~~$D0B2  999
39 00 09 4F 31 5A 75 3F 14 00 57 44 30 42 31 20   9~~O1Zu?~~WD0B1 
20 39 39 39 39 00 00 3C 3F 5A 75 3F 14 00 59 44    9999~~<?Zu?~~YD
30 42 31 20 20 30 33 32 30 00 00 3C 3F 5A 75 3F   0B1  0320~~<?Zu?
14 00 2A 44 30 42 31 37 39 30 33 32 30 00 00 39   ~~*D0B1790320~~9
3F 5A 75 3F 14 00 1B 44 30 42 31 4D 36 43 4F 4D   ?Zu?~~~D0B1M6COM
46 00 09 4F 31 5A 75 3F 14 00 4C 44 30 42 31 20   F~~O1Zu?~~LD0B1 
20 39 39 39 39 00 00 3C 3F 5A 75 3F 14 00 16 44    9999~~<?Zu?~~~D
30 42 32 20 20 30 33 32 30 00 00 45 3F 5A 75 3F   0B2  0320~~E?Zu?
14 00 3F 44 30 42 31 20 20 49 4C 50 4F 00 09 50   ~~?D0B1  ILPO~~P
3F 5A 75 3F 14 00 2A 44 30 42 31 37 39 30 30 36   ?Zu?~~*D0B179006
37 00 00 2D 20 5A 75 3F 14 00 31 44 30 42 31 38   7~~- Zu?~~1D0B18
38 49 4C 43 41 00 00 0F 12 5A 75 3F 14 00 54 44   8ILCA~~~~Zu?~~TD
30 42 31 20 20 41 34 20 20 00 00 32 21 5A 75 3F   0B1  A4  ~~2!Zu?
14 00 2E 44 30 42 31 20 20 46 4C 42 43 00 00 0F   ~~.D0B1  FLBC~~~
12 5A 75 3F 14 00 59 44 30 42 31 20 20 41 34 20   ~Zu?~~YD0B1  A4 
20 00 09 51 1F 5A 75 3F 15 00 14 44 30 42 32 20    ~~Q~Zu?~~~D0B2 
20 41 44 56 20 00 00 10 3F 5A 75 3F 15 00 40 44    ADV ~~~?Zu?~~@D
30 42 31 37 39 41 44 56 20 00 00 2D 20 5A 75 3F   0B179ADV ~~- Zu?
15 00 18 44 30 42 32 20 20 49 4C 43 41 00 00 3C   ~~~D0B2  ILCA~~<
3F 5A 75 3F 15 00 3F 44 30 42 31 20 20 30 33 32   ?Zu?~~?D0B1  032
30 00 00 0F 12 5A 75 3F 15 00 2D 44 30 42 31 20   0~~~~Zu?~~-D0B1 
20 41 34 20 20 00 00 4E 3F 5A 75 3F 15 00 3B 44    A4  ~~N?Zu?~~;D
30 42 31 33 39 46 47 20 20 00 00 58 3F 5A 75 3F   0B139FG  ~~X?Zu?
15 00 51 44 30 42 31 38 35 36 33 33 34 00 00 10   ~~QD0B1856334~~~
3F 5A 75 3F 15 00 39 44 30 42 31 20 20 4D 43 41   ?Zu?~~9D0B1  MCA
49 00 00 39 3F 5A 75 3F 15 00 17 44 30 42 31 4D   I~~9?Zu?~~~D0B1M
36 43 4F 4D 46 00 00 42 72 5A 75 3F 15 00 39 44   6COMF~~BrZu?~~9D
30 42 31 20 20 43 49 4D 43 00 09 4E 3F 5A 75 3F   0B1  CIMC~~N?Zu?
15 00 30 44 30 42 31 20 20 49 52 58 20 00 09 4E   ~~0D0B1  IRX ~~N
3F 5A 75 3F 15 00 18 44 30 42 32 20 20 56 44 5A   ?Zu?~~~D0B2  VDZ
20 00 00 17 3B 5A 75 3F 15 00 39 44 30 42 31 20    ~~~;Zu?~~9D0B1 
20 43 4C 41 49 00 00 3D 3F 5A 75 3F 15 00 47 44    CLAI~~=?Zu?~~GD
30 42 31 20 20 30 36 30 39 00 00 0E 01 5A 75 3F   0B1  0609~~~~Zu?
15 00 7F 44 30 42 31 20 20 41 53 50 52 00 00 3E   ~~~D0B1  ASPR~~>
7B 5A 75 3F 15 00 3F 44 30 42 31 20 20 47 44 43   {Zu?~~?D0B1  GDC
20 00 00 2D 20 5A 75 3F 15 00 40 44 30 42 31 20    ~~- Zu?~~@D0B1 
20 49 4C 44 52 00 00 10 3F 5A 75 3F 15 00 3A 44    ILDR~~~?Zu?~~:D
30 42 31 20 20 4D 45 44 44 00 09 50 3F 5A 75 3F   0B1  MEDD~~P?Zu?
15 00 41 44 30 42 31 20 20 34 39 34 39 00 09 4F   ~~AD0B1  4949~~O
3F 5A 75 3F 15 00 17 44 30 42 32 20 20 46 45 50   ?Zu?~~~D0B2  FEP
52 00 00 4E 3F 5A 75 3F 15 00 30 44 30 42 31 37   R~~N?Zu?~~0D0B17
39 49 53 20 20 00 09 51 3F 5A 75 3F 15 00 38 44   9IS  ~~Q?Zu?~~8D
30 42 31 20 20 30 32 31 30 00 09 4F 31 5A 75 3F   0B1  0210~~O1Zu?
15 00 44 44 30 42 31 20 20 39 39 39 39 00 09 29   ~~DD0B1  9999~~)
6A 5A 75 3F 15 00 3F 44 30 42 31 37 30 35 34 20   jZu?~~?D0B17054 
20 00 09 4F 31 5A 75 3F 15 00 46 44 30 42 31 20    ~~O1Zu?~~FD0B1 
20 39 39 39 39 00 09 4F 31 5A 75 3F 15 00 44 44    9999~~O1Zu?~~DD
30 42 31 20 20 39 39 39 39 00 00 0E 01 5A 75 3F   0B1  9999~~~~Zu?
15 00 3F 44 30 42 31 20 20 41 53 50 52 00 00 10   ~~?D0B1  ASPR~~~
3F 5A 75 3F 15 02 3F 44 30 42 31 20 20 43 41 4C   ?Zu?~~?D0B1  CAL
20 00 09 4E 3F 5A 75 3F 15 00 33 44 30 42 31 20    ~~N?Zu?~~3D0B1 
20 49 52 58 20 00 00 58 3F 5A 75 3F 15 00 1D 44    IRX ~~X?Zu?~~~D
30 42 32 20 20 36 33 33 34 00 09 4F 31 5A 75 3F   0B2  6334~~O1Zu?
15 00 2B 44 30 42 32 20 20 39 39 39 39 00 00 10   ~~+D0B2  9999~~~
3F 5A 75 3F 15 00 62 44 30 42 31 20 20 55 4E 49   ?Zu?~~bD0B1  UNI
4E 00 00 10 3F 5A 75 3F 15 00 40 44 30 42 31 37   N~~~?Zu?~~@D0B17
39 4D 45 44 44 00 09 3F 1D 5A 75 3F 15 00 20 44   9MEDD~~?~Zu?~~ D
30 42 31 37 30 30 31 34 31 00 00 32 21 5A 75 3F   0B1700141~~2!Zu?
15 00 38 44 30 42 31 37 36 46 4C 42 43 00 09 4F   ~~8D0B176FLBC~~O
3F 5A 75 3F 15 00 4B 44 30 42 31 20 20 46 45 50   ?Zu?~~KD0B1  FEP
52 00 00 0F 12 5A 75 3F 15 00 34 44 30 42 31 20   R~~~~Zu?~~4D0B1 
20 41 34 20 20 00 09 4F 3F 5A 75 3F 15 00 25 44    A4  ~~O?Zu?~~%D
30 42 31 30 39 39 39 39 39 00 09 4E 3F 5A 75 3F   0B1099999~~N?Zu?
15 00 44 44 30 42 31 20 20 56 44 5A 20 00 00 10   ~~DD0B1  VDZ ~~~
3F 5A 75 3F 15 00 37 44 30 42 31 20 20 4D 45 44   ?Zu?~~7D0B1  MED
44 00 00 29 53 5A 75 3F 15 00 6E 44 30 42 32 20   D~~)SZu?~~nD0B2 
20 4F 4B 41 30 00 00 3C 3F 5A 75 3F 15 00 42 44    OKA0~~<?Zu?~~BD
30 42 31 20 20 30 33 32 30 00 09 4E 3F 5A 75 3F   0B1  0320~~N?Zu?
15 00 44 44 30 42 31 20 20 49 52 58 20 00 00 10   ~~DD0B1  IRX ~~~
3F 5A 75 3F 15 00 3A 44 30 42 31 20 20 4D 45 44   ?Zu?~~:D0B1  MED
44 00 00 32 21 5A 75 3F 15 00 33 44 30 42 31 20   D~~2!Zu?~~3D0B1 
20 46 4C 42 43 00 00 10 3F 5A 75 3F 15 00 48 44    FLBC~~~?Zu?~~HD
30 42 31 20 20 4D 45 44 44 00 00 4E 3F 5A 75 3F   0B1  MEDD~~N?Zu?
15 00 43 44 30 42 31 20 20 57 47 20 20 00 09 4F   ~~CD0B1  WG  ~~O
3F 5A 75 3F 15 00 3E 44 30 42 31 20 20 39 39 39   ?Zu?~~>D0B1  999
39 00 09 4E 3F 5A 75 3F 15 00 32 44 30 42 32 20   9~~N?Zu?~~2D0B2 
20 56 44 5A 20 00 00 10 3F 5A 75 3F 15 00 3F 44    VDZ ~~~?Zu?~~?D
30 42 31 20 20 4D 45 44 44 00 09 50 3F 5A 75 3F   0B1  MEDD~~P?Zu?
15 00 27 44 30 42 32 20 20 31 39 30 33 00 09 51   ~~'D0B2  1903~~Q
2A 5A 75 3F 15 00 6A 44 30 42 31 20 20 45 54 46   *Zu?~~jD0B1  ETF
20 00 00 3E 21 5A 75 3F 15 00 3F 44 30 42 31 20    ~~>!Zu?~~?D0B1 
20 42 43 42 53 00 00 51 3F 5A 75 3F 15 00 41 44    BCBS~~Q?Zu?~~AD
30 42 31 35 32 30 37 39 36 00 00 3C 3F 5A 75 3F   0B1520796~~<?Zu?
15 00 3B 44 30 42 31 20 20 30 33 32 30 00 09 4E   ~~;D0B1  0320~~N
3F 5A 75 3F 15 00 21 44 30 42 32 20 20 4D 45 44   ?Zu?~~!D0B2  MED
44 00 09 4F 3F 5A 75 3F 15 00 11 44 30 42 32 20   D~~O?Zu?~~~D0B2 
20 39 39 39 39 00 09 4F 3F 5A 75 3F 15 00 36 44    9999~~O?Zu?~~6D
30 42 31 37 39 46 45 50 52 00 09 50 3F 5A 75 3F   0B179FEPR~~P?Zu?
15 00 39 44 30 42 31 20 20 34 32 34 32 00 00 10   ~~9D0B1  4242~~~
3F 5A 75 3F 15 00 43 44 30 42 31 20 20 41 44 56   ?Zu?~~CD0B1  ADV
20 00 09 4E 3F 5A 75 3F 15 00 44 44 30 42 31 20    ~~N?Zu?~~DD0B1 
20 56 44 5A 20 00 09 29 6A 5A 75 3F 15 01 05 44    VDZ ~~)jZu?~~~D
30 42 31 37 51 35 34 20 20 00 00 2E 73 5A 75 3F   0B17Q54  ~~.sZu?
15 00 29 44 30 42 31 20 20 56 44 5A 20 00 09 4E   ~~)D0B1  VDZ ~~N
3F 5A 75 3F 15 00 3C 44 30 42 31 20 20 56 44 5A   ?Zu?~~<D0B1  VDZ
20 00 09 4E 3F 5A 75 3F 15 00 33 44 30 42 31 37    ~~N?Zu?~~3D0B17
58 56 44 5A 20 00 00 2D 20 5A 75 3F 15 00 09 44   XVDZ ~~- Zu?~~~D
30 42 32 20 20 50 44 50 49 00 00 0F 12 5A 75 3F   0B2  PDPI~~~~Zu?
15 00 12 44 30 42 32 20 20 4D 41 20 20 00 09 4E   ~~~D0B2  MA  ~~N
3F 5A 75 3F 15 00 19 44 30 42 32 20 20 56 44 5A   ?Zu?~~~D0B2  VDZ
20 00 00 39 3F 5A 75 3F 15 00 16 44 30 42 31 4D    ~~9?Zu?~~~D0B1M
36 43 4F 4D 46 00 00 06 11 5A 75 3F 15 00 24 44   6COMF~~~~Zu?~~$D
30 42 31 20 20 54 4E 4D 20 00 09 4E 3F 5A 75 3F   0B1  TNM ~~N?Zu?
15 00 3E 44 30 42 31 20 20 49 52 58 20 00 00 10   ~~>D0B1  IRX ~~~
3F 5A 75 3F 15 00 31 44 30 42 31 20 20 41 44 56   ?Zu?~~1D0B1  ADV
20 00 00 10 3F 5A 75 3F 15 00 35 44 30 42 31 20    ~~~?Zu?~~5D0B1 
20 41 44 56 20 00 00 0F 12 5A 75 3F 15 00 4D 44    ADV ~~~~Zu?~~MD
30 42 31 37 39 41 34 20 20 00 09 4F 3F 5A 75 3F   0B179A4  ~~O?Zu?
15 00 40 44 30 42 31 38 38 39 39 39 39 00 09 51   ~~@D0B1889999~~Q
2A 5A 75 3F 15 00 20 44 30 42 32 20 20 4E 56 54   *Zu?~~ D0B2  NVT
20 00 00 2D 20 5A 75 3F 15 00 39 44 30 42 31 20    ~~- Zu?~~9D0B1 
20 50 44 50 49 00 09 4F 3F 5A 75 3F 15 00 2D 44    PDPI~~O?Zu?~~-D
30 42 31 20 20 39 39 39 39 00 00 2D 20 5A 75 3F   0B1  9999~~- Zu?
15 00 20 44 30 42 32 20 20 49 4C 44 52 00 00 10   ~~ D0B2  ILDR~~~
32 5A 75 3F 15 00 3F 44 30 42 31 20 20 41 4C 4D   2Zu?~~?D0B1  ALM
45 00 00 2D 20 5A 75 3F 15 00 36 44 30 42 31 20   E~~- Zu?~~6D0B1 
20 42 4F 45 20 00 0C 35 08 5A 75 3F 15 00 2D 44    BOE ~~5~Zu?~~-D
30 42 31 20 20 49 48 43 50 00 09 4F 3F 5A 75 3F   0B1  IHCP~~O?Zu?
15 00 3F 44 30 42 31 20 20 46 45 50 52 00 00 32   ~~?D0B1  FEPR~~2
21 5A 75 3F 15 00 3F 44 30 42 31 20 20 46 4C 42   !Zu?~~?D0B1  FLB
43 00 09 4F 3F 5A 75 3F 15 00 53 44 30 42 32 20   C~~O?Zu?~~SD0B2 
20 39 39 39 39 00 09 4F 31 5A 75 3F 15 00 1B 44    9999~~O1Zu?~~~D
30 42 32 20 20 39 39 39 39 00 00 10 3F 5A 75 3F   0B2  9999~~~?Zu?
15 00 38 44 30 42 31 20 20 41 44 56 20 00 00 2D   ~~8D0B1  ADV ~~-
20 5A 75 3F 15 00 16 44 30 42 32 20 20 49 4C 44    Zu?~~~D0B2  ILD
52 00 00 3C 3F 5A 75 3F 15 00 0E 44 30 42 31 4E   R~~<?Zu?~~~D0B1N
4E 30 33 32 30 00 00 2D 20 5A 75 3F 15 00 3A 44   N0320~~- Zu?~~:D
30 42 31 20 20 50 44 50 49 00 09 4F 3F 5A 75 3F   0B1  PDPI~~O?Zu?
15 00 3F 44 30 42 31 20 20 46 57 20 20 00 00 10   ~~?D0B1  FW  ~~~
3F 5A 75 3F 15 00 33 44 30 42 31 38 38 4D 45 44   ?Zu?~~3D0B188MED
44 00 09 50 3F 5A 75 3F 15 00 2D 44 30 42 32 20   D~~P?Zu?~~-D0B2 
20 31 39 30 33 00 00 39 3F 5A 75 3F 15 00 1A 44    1903~~9?Zu?~~~D
30 42 31 4D 36 43 4F 4D 46 00 00 06 11 5A 75 3F   0B1M6COMF~~~~Zu?
15 00 2B 44 30 42 31 20 20 54 4E 4D 20 00 09 50   ~~+D0B1  TNM ~~P
3F 5A 75 3F 16 00 25 44 30 42 31 30 39 30 30 36   ?Zu?~~%D0B109006
37 00 00 10 3F 5A 75 3F 16 00 3A 44 30 42 31 37   7~~~?Zu?~~:D0B17
30 41 44 56 20 00 00 42 72 5A 75 3F 16 00 49 44   0ADV ~~BrZu?~~ID
30 42 31 37 36 30 32 31 35 00 09 4F 31 5A 75 3F   0B1760215~~O1Zu?
16 00 1B 44 30 42 32 20 20 39 39 39 39 00 00 2D   ~~~D0B2  9999~~-
20 5A 75 3F 16 00 2C 44 30 42 32 20 20 49 4C 44    Zu?~~,D0B2  ILD
52 00 00 32 21 5A 75 3F 16 00 2F 44 30 42 31 36   R~~2!Zu?~~/D0B16
39 46 4C 42 43 00 00 2D 20 5A 75 3F 16 00 5A 44   9FLBC~~- Zu?~~ZD
30 42 31 20 20 49 4C 44 52 00 09 4E 3F 5A 75 3F   0B1  ILDR~~N?Zu?
16 00 0B 44 30 42 32 20 20 43 54 52 58 00 09 4F   ~~~D0B2  CTRX~~O
3F 5A 75 3F 16 00 39 44 30 42 31 20 20 39 39 39   ?Zu?~~9D0B1  999
39 00 09 4E 3F 5A 75 3F 16 00 33 44 30 42 31 37   9~~N?Zu?~~3D0B17
58 56 44 5A 20 00 09 4F 31 5A 75 3F 16 00 38 44   XVDZ ~~O1Zu?~~8D
30 42 31 37 39 39 39 39 39 00 09 4E 3F 5A 75 3F   0B1799999~~N?Zu?
16 00 33 44 30 42 31 20 20 4D 45 44 44 00 00 0E   ~~3D0B1  MEDD~~~
01 5A 75 3F 16 00 66 44 30 42 31 20 20 41 53 50   ~Zu?~~fD0B1  ASP
52 00 09 50 3F 5A 75 3F 16 00 32 44 30 42 32 20   R~~P?Zu?~~2D0B2 
20 31 39 30 33 00 09 51 72 5A 75 3F 16 00 58 44    1903~~QrZu?~~XD
30 42 31 20 20 41 42 41 52 00 09 4F 31 5A 75 3F   0B1  ABAR~~O1Zu?
16 00 3C 44 30 42 31 20 20 39 39 39 39 00 09 4F   ~~<D0B1  9999~~O
31 5A 75 3F 16 00 49 44 30 42 31 20 20 39 39 39   1Zu?~~ID0B1  999
39 00 00 2D 20 5A 75 3F 16 00 2C 44 30 42 31 36   9~~- Zu?~~,D0B16
39 42 43 54 58 00 00 10 3F 5A 75 3F 16 00 20 44   9BCTX~~~?Zu?~~ D
30 42 32 20 20 41 44 56 20 00 09 4F 3F 5A 75 3F   0B2  ADV ~~O?Zu?
16 00 2B 44 30 42 31 37 30 46 45 50 52 00 09 4E   ~~+D0B170FEPR~~N
3F 5A 75 3F 16 00 41 44 30 42 31 20 20 56 44 5A   ?Zu?~~AD0B1  VDZ
20 00 00 39 3F 5A 75 3F 16 00 40 44 30 42 31 38    ~~9?Zu?~~@D0B18
35 43 4F 4D 46 00 00 4E 3F 5A 75 3F 16 00 12 44   5COMF~~N?Zu?~~~D
30 42 32 20 20 49 53 20 20 00 09 4F 3F 5A 75 3F   0B2  IS  ~~O?Zu?
16 00 54 44 30 42 31 20 20 30 30 30 30 00 00 13   ~~TD0B1  0000~~~
33 5A 75 3F 16 00 46 44 30 42 31 20 20 41 4C 42   3Zu?~~FD0B1  ALB
43 00 00 4E 3F 5A 75 3F 16 00 43 44 30 42 31 20   C~~N?Zu?~~CD0B1 
20 57 47 20 20 00 00 3C 3F 5A 75 3F 16 00 48 44    WG  ~~<?Zu?~~HD
30 42 31 20 20 30 33 32 30 00 00 10 3F 5A 75 3F   0B1  0320~~~?Zu?
16 00 15 44 30 42 31 4E 4E 4D 45 44 44 00 00 41   ~~~D0B1NNMEDD~~A
63 5A 75 3F 16 00 7F 44 30 42 31 20 20 30 31 36   cZu?~~~D0B1  016
37 00 00 10 3F 5A 75 3F 16 00 57 44 30 42 31 20   7~~~?Zu?~~WD0B1 
20 4D 45 44 44 00 09 4F 3F 5A 75 3F 16 00 49 44    MEDD~~O?Zu?~~ID
30 42 31 20 20 39 39 39 39 00 09 50 3F 5A 75 3F   0B1  9999~~P?Zu?
16 00 31 44 30 42 31 37 39 30 30 36 37 00 09 50   ~~1D0B1790067~~P
3F 5A 75 3F 16 00 3E 44 30 42 31 20 20 30 30 36   ?Zu?~~>D0B1  006
37 00 00 12 4A 5A 75 3F 16 01 75 44 30 42 31 20   7~~~JZu?~~uD0B1 
20 39 36 20 20 00 09 50 3F 5A 75 3F 16 00 32 44    96  ~~P?Zu?~~2D
30 42 31 37 36 30 30 36 37 00 09 4F 3F 5A 75 3F   0B1760067~~O?Zu?
16 00 50 44 30 42 31 37 30 39 39 39 39 00 09 4F   ~~PD0B1709999~~O
31 5A 75 3F 16 00 2C 44 30 42 31 36 39 39 39 39   1Zu?~~,D0B169999
39 00 09 4F 31 5A 75 3F 16 00 3D 44 30 42 31 20   9~~O1Zu?~~=D0B1 
20 39 39 39 39 00 00 39 3F 5A 75 3F 16 00 4B 44    9999~~9?Zu?~~KD
30 42 31 38 35 43 4F 4D 46 00 00 4E 3F 5A 75 3F   0B185COMF~~N?Zu?
16 00 34 44 30 42 31 20 20 49 53 20 20 00 00 4E   ~~4D0B1  IS  ~~N
3F 5A 75 3F 16 00 18 44 30 42 32 20 20 49 53 20   ?Zu?~~~D0B2  IS 
20 00 00 39 3F 5A 75 3F 16 00 33 44 30 42 31 38    ~~9?Zu?~~3D0B18
35 43 4F 4D 46 00 00 2D 20 5A 75 3F 16 00 41 44   5COMF~~- Zu?~~AD
30 42 31 20 20 49 4C 44 52 00 00 10 3F 5A 75 3F   0B1  ILDR~~~?Zu?
16 00 0A 44 30 42 32 20 20 41 44 56 20 00 09 4F   ~~~D0B2  ADV ~~O
31 5A 75 3F 16 00 30 44 30 42 31 20 20 39 39 39   1Zu?~~0D0B1  999
39 00 09 4E 3F 5A 75 3F 16 00 72 44 30 42 31 20   9~~N?Zu?~~rD0B1 
20 56 44 5A 20 00 00 10 3F 5A 75 3F 16 00 13 44    VDZ ~~~?Zu?~~~D
30 42 32 20 20 41 44 56 20 00 00 58 3F 5A 75 3F   0B2  ADV ~~X?Zu?
16 00 63 44 30 42 31 20 20 36 33 33 34 00 00 10   ~~cD0B1  6334~~~
3F 5A 75 3F 16 00 15 44 30 42 32 20 20 4D 45 44   ?Zu?~~~D0B2  MED
44 00 09 4F 31 5A 75 3F 16 00 60 44 30 42 31 20   D~~O1Zu?~~`D0B1 
20 39 39 39 39 00 09 4E 3F 5A 75 3F 16 00 2E 44    9999~~N?Zu?~~.D
30 42 31 41 44 56 44 5A 20 00 09 4E 3F 5A 75 3F   0B1ADVDZ ~~N?Zu?
16 00 35 44 30 42 31 20 20 56 44 5A 20 00 0C 35   ~~5D0B1  VDZ ~~5
04 5A 75 3F 16 00 3F 44 30 42 31 20 20 30 30 38   ~Zu?~~?D0B1  008
31 00 09 4F 31 5A 75 3F 16 00 2E 44 30 42 32 20   1~~O1Zu?~~.D0B2 
20 39 39 39 39 00 00 12 4A 5A 75 3F 16 01 54 44    9999~~~JZu?~~TD
30 42 31 20 20 43 4E 20 20 00 00 3C 3F 5A 75 3F   0B1  CN  ~~<?Zu?
16 00 2E 44 30 42 31 20 20 30 35 34 34 00 00 0F   ~~.D0B1  0544~~~
12 5A 75 3F 16 00 30 44 30 42 31 20 20 4D 44 20   ~Zu?~~0D0B1  MD 
20 00 00 10 3F 5A 75 3F 16 00 0A 44 30 42 32 20    ~~~?Zu?~~~D0B2 
20 41 44 56 20 00 09 4F 3F 5A 75 3F 16 00 23 44    ADV ~~O?Zu?~~#D
30 42 31 36 39 39 39 39 39 00 00 0F 12 5A 75 3F   0B1699999~~~~Zu?
16 00 4B 44 30 42 31 20 20 41 34 20 20 00 00 29   ~~KD0B1  A4  ~~)
53 5A 75 3F 16 00 7A 44 30 42 31 20 20 4F 4B 41   SZu?~~zD0B1  OKA
30 00 09 4E 3F 5A 75 3F 16 00 16 44 30 42 32 20   0~~N?Zu?~~~D0B2 
20 4D 49 42 43 00 00 4E 3F 5A 75 3F 16 00 4F 44    MIBC~~N?Zu?~~OD
30 42 31 20 20 57 47 20 20 00 0C 35 08 5A 75 3F   0B1  WG  ~~5~Zu?
16 00 24 44 30 42 31 20 20 49 48 43 50 00 00 5E   ~~$D0B1  IHCP~~^
3F 5A 75 3F 16 00 6A 44 30 42 31 20 20 4F 48 52   ?Zu?~~jD0B1  OHR
58 00 00 0E 01 5A 75 3F 16 00 56 44 30 42 31 37   X~~~~Zu?~~VD0B17
30 41 53 50 52 00 00 30 18 5A 75 3F 16 00 3F 44   0ASPR~~0~Zu?~~?D
30 42 31 20 20 50 41 52 54 00 00 58 3F 5A 75 3F   0B1  PART~~X?Zu?
16 00 6A 44 30 42 31 20 20 36 33 33 34 00 00 39   ~~jD0B1  6334~~9
3F 5A 75 3F 16 00 1C 44 30 42 31 4D 36 43 4F 4D   ?Zu?~~~D0B1M6COM
46 00 09 50 3F 5A 75 3F 16 00 4A 44 30 42 31 20   F~~P?Zu?~~JD0B1 
20 31 39 30 33 00 00 3C 3F 5A 75 3F 16 00 19 44    1903~~<?Zu?~~~D
30 42 32 20 20 41 53 50 52 00 09 4F 31 5A 75 3F   0B2  ASPR~~O1Zu?
16 00 3C 44 30 42 31 37 30 39 39 39 39 00 09 4F   ~~<D0B1709999~~O
31 5A 75 3F 16 00 4A 44 30 42 31 37 39 39 39 39   1Zu?~~JD0B179999
39 00 00 10 3F 5A 75 3F 16 00 35 44 30 42 31 20   9~~~?Zu?~~5D0B1 
20 41 44 56 20 00 00 10 3F 5A 75 3F 16 00 3C 44    ADV ~~~?Zu?~~<D
30 42 31 20 20 4D 45 44 44 00 00 3E 7B 5A 75 3F   0B1  MEDD~~>{Zu?
16 00 3F 44 30 42 31 20 20 47 44 43 20 00 00 32   ~~?D0B1  GDC ~~2
21 5A 75 3F 16 00 32 44 30 42 31 20 20 4D 45 44   !Zu?~~2D0B1  MED
44 00 09 4F 3F 5A 75 3F 16 00 0F 44 30 42 32 20   D~~O?Zu?~~~D0B2 
20 39 39 39 39 00 09 4E 3F 5A 75 3F 16 00 46 44    9999~~N?Zu?~~FD
30 42 31 20 20 49 52 58 20 00 09 4F 3F 5A 75 3F   0B1  IRX ~~O?Zu?
16 00 35 44 30 42 31 20 20 46 45 50 52 00 09 50   ~~5D0B1  FEPR~~P
3F 5A 75 3F 16 00 38 44 30 42 31 20 20 34 34 34   ?Zu?~~8D0B1  444
34 00 00 45 3F 5A 75 3F 16 00 3F 44 30 42 31 20   4~~E?Zu?~~?D0B1 
20 49 4C 50 4F 00 09 50 3F 5A 75 3F 16 00 4B 44    ILPO~~P?Zu?~~KD
30 42 31 20 20 45 4D 4E 48 00 00 10 3F 5A 75 3F   0B1  EMNH~~~?Zu?
16 00 0F 44 30 42 31 4E 4E 41 44 56 20 00 00 4E   ~~~D0B1NNADV ~~N
3F 5A 75 3F 16 00 13 44 30 42 32 20 20 49 53 20   ?Zu?~~~D0B2  IS 
20 00 00 2D 20 5A 75 3F 16 00 51 44 30 42 31 20    ~~- Zu?~~QD0B1 
20 49 4C 44 52 00 09 4E 3F 5A 75 3F 16 00 32 44    ILDR~~N?Zu?~~2D
30 42 31 30 34 4D 45 44 44 00 00 58 3F 5A 75 3F   0B104MEDD~~X?Zu?
16 00 3F 44 30 42 31 20 20 36 33 33 34 00 09 50   ~~?D0B1  6334~~P
3F 5A 75 3F 16 00 2C 44 30 42 31 36 39 30 30 36   ?Zu?~~,D0B169006
37 00 00 0F 12 5A 75 3F 16 00 1C 44 30 42 32 20   7~~~~Zu?~~~D0B2 
20 41 34 20 20 00 00 3C 3F 5A 75 3F 17 00 2D 44    A4  ~~<?Zu?~~-D
30 42 32 20 20 30 33 32 30 00 09 4F 31 5A 75 3F   0B2  0320~~O1Zu?
17 00 3E 44 30 42 31 20 20 39 39 39 39 00 00 0E   ~~>D0B1  9999~~~
01 5A 75 3F 17 00 69 44 30 42 31 20 20 32 38 39   ~Zu?~~iD0B1  289
31 00 00 0F 12 5A 75 3F 17 00 24 44 30 42 31 36   1~~~~Zu?~~$D0B16
39 41 34 20 20 00 00 10 3F 5A 75 3F 17 00 30 44   9A4  ~~~?Zu?~~0D
30 42 31 37 39 4D 45 44 44 00 09 4E 3F 5A 75 3F   0B179MEDD~~N?Zu?
17 00 0D 44 30 42 32 20 20 56 44 5A 20 00 00 39   ~~~D0B2  VDZ ~~9
3F 5A 75 3F 17 00 23 44 30 42 31 4D 36 43 4F 4D   ?Zu?~~#D0B1M6COM
46 00 09 4F 3F 5A 75 3F 17 00 3F 44 30 42 31 20   F~~O?Zu?~~?D0B1 
20 46 57 20 20 00 09 4E 3F 5A 75 3F 17 00 21 44    FW  ~~N?Zu?~~!D
30 42 32 20 20 56 44 5A 20 00 09 4E 3F 5A 75 3F   0B2  VDZ ~~N?Zu?
17 00 1E 44 30 42 32 20 20 56 44 5A 20 00 09 4F   ~~~D0B2  VDZ ~~O
31 5A 75 3F 17 00 1E 44 30 42 32 20 20 39 39 39   1Zu?~~~D0B2  999
39 00 09 4F 31 5A 75 3F 17 00 38 44 30 42 31 37   9~~O1Zu?~~8D0B17
30 39 39 39 39 00 09 4E 3F 5A 75 3F 17 00 4F 44   09999~~N?Zu?~~OD
30 42 31 20 20 49 52 58 20 00 00 32 21 5A 75 3F   0B1  IRX ~~2!Zu?
17 00 16 44 30 42 32 20 20 46 4C 42 43 00 00 0F   ~~~D0B2  FLBC~~~
12 5A 75 3F 17 00 12 44 30 42 32 20 20 41 34 20   ~Zu?~~~D0B2  A4 
20 00 09 4F 31 5A 75 3F 17 00 37 44 30 42 31 20    ~~O1Zu?~~7D0B1 
20 39 39 39 39 00 00 3C 3F 5A 75 3F 17 00 54 44    9999~~<?Zu?~~TD
30 42 31 35 36 30 33 32 30 00 09 4E 3F 5A 75 3F   0B1560320~~N?Zu?
17 00 10 44 30 42 31 45 37 56 44 5A 20 00 00 33   ~~~D0B1E7VDZ ~~3
21 5A 75 3F 17 00 29 44 30 42 31 37 4D 43 4F 4D   !Zu?~~)D0B17MCOM
41 00 00 32 21 5A 75 3F 17 00 3F 44 30 42 31 37   A~~2!Zu?~~?D0B17
30 46 4C 42 43 00 09 4F 3F 5A 75 3F 17 01 35 44   0FLBC~~O?Zu?~~5D
30 42 31 20 20 4D 43 53 52 00 00 4B 3F 5A 75 3F   0B1  MCSR~~K?Zu?
17 00 44 44 30 42 31 20 20 57 43 41 52 00 09 4F   ~~DD0B1  WCAR~~O
31 5A 75 3F 17 00 2D 44 30 42 31 20 20 39 39 39   1Zu?~~-D0B1  999
39 00 00 58 3F 5A 75 3F 17 00 1D 44 30 42 31 30   9~~X?Zu?~~~D0B10
36 33 39 33 20 00 09 4F 4F 5A 75 3F 17 00 1A 44   6393 ~~OOZu?~~~D
30 42 32 20 20 30 32 33 33 00 00 10 3F 5A 75 3F   0B2  0233~~~?Zu?
17 00 3F 44 30 42 31 20 20 37 37 39 39 00 00 42   ~~?D0B1  7799~~B
72 5A 75 3F 17 00 31 44 30 42 31 20 20 43 49 4D   rZu?~~1D0B1  CIM
43 00 09 51 21 5A 75 3F 17 00 3A 44 30 42 31 20   C~~Q!Zu?~~:D0B1 
20 53 58 43 20 00 00 10 3F 5A 75 3F 17 00 36 44    SXC ~~~?Zu?~~6D
30 42 31 37 39 4D 43 41 49 00 09 4E 3F 5A 75 3F   0B179MCAI~~N?Zu?
17 00 39 44 30 42 31 20 20 49 52 58 20 00 09 50   ~~9D0B1  IRX ~~P
3F 5A 75 3F 17 01 04 44 30 42 31 20 20 42 43 42   ?Zu?~~~D0B1  BCB
53 00 09 50 3F 5A 75 3F 17 00 37 44 30 42 31 38   S~~P?Zu?~~7D0B18
38 4D 45 44 44 00 00 32 21 5A 75 3F 17 00 30 44   8MEDD~~2!Zu?~~0D
30 42 31 20 20 4D 45 44 44 00 09 4F 3F 5A 75 3F   0B1  MEDD~~O?Zu?
17 00 1A 44 30 42 32 20 20 46 45 50 52 00 09 4F   ~~~D0B2  FEPR~~O
31 5A 75 3F 17 00 64 44 30 42 31 37 30 39 39 39   1Zu?~~dD0B170999
39 00 00 3C 3F 5A 75 3F 17 00 40 44 30 42 31 35   9~~<?Zu?~~@D0B15
36 30 33 32 30 00 00 3E 7B 5A 75 3F 17 03 6A 44   60320~~>{Zu?~~jD
30 42 31 20 20 47 44 43 20 00 09 50 3F 5A 75 3F   0B1  GDC ~~P?Zu?
17 00 3D 44 30 42 31 38 38 4D 45 44 44 00 00 10   ~~=D0B188MEDD~~~
3F 5A 75 3F 17 00 17 44 30 42 32 20 20 4D 45 44   ?Zu?~~~D0B2  MED
44 00 00 4E 3F 5A 75 3F 17 00 27 44 30 42 31 37   D~~N?Zu?~~'D0B17
30 4E 43 20 20 00 00 0F 12 5A 75 3F 17 00 11 44   0NC  ~~~~Zu?~~~D
30 42 32 20 20 41 34 20 20 00 09 4E 3F 5A 75 3F   0B2  A4  ~~N?Zu?
17 00 3E 44 30 42 31 20 20 4D 49 42 43 00 00 42   ~~>D0B1  MIBC~~B
72 5A 75 3F 17 00 45 44 30 42 31 20 20 30 32 31   rZu?~~ED0B1  021
35 00 00 3C 3F 5A 75 3F 17 00 35 44 30 42 31 35   5~~<?Zu?~~5D0B15
36 30 33 32 30 00 00 0F 12 5A 75 3F 17 00 36 44   60320~~~~Zu?~~6D
30 42 31 20 20 41 34 20 20 00 00 32 21 5A 75 3F   0B1  A4  ~~2!Zu?
17 00 38 44 30 42 31 20 20 46 4C 42 43 00 00 3C   ~~8D0B1  FLBC~~<
3F 5A 75 3F 17 00 6A 44 30 42 31 35 36 30 33 32   ?Zu?~~jD0B156032
30 00 00 10 3F 5A 75 3F 17 00 40 44 30 42 31 20   0~~~?Zu?~~@D0B1 
20 41 44 56 20 00 00 3C 3F 5A 75 3F 17 00 3A 44    ADV ~~<?Zu?~~:D
30 42 31 35 36 30 33 32 30 00 09 4F 31 5A 75 3F   0B1560320~~O1Zu?
17 00 1F 44 30 42 32 20 20 39 39 39 39 00 00 58   ~~~D0B2  9999~~X
3F 5A 75 3F 17 00 3F 44 30 42 31 20 20 36 33 33   ?Zu?~~?D0B1  633
34 00 09 51 2A 5A 75 3F 17 00 3F 44 30 42 31 20   4~~Q*Zu?~~?D0B1 
20 4E 56 54 20 00 00 44 5A 5A 75 3F 17 00 5A 44    NVT ~~DZZu?~~ZD
30 42 32 20 20 41 4D 57 43 00 09 4F 3F 5A 75 3F   0B2  AMWC~~O?Zu?
17 00 3A 44 30 42 31 37 30 39 39 39 39 00 00 3C   ~~:D0B1709999~~<
3F 5A 75 3F 17 00 41 44 30 42 31 20 20 30 33 32   ?Zu?~~AD0B1  032
30 00 09 4E 3F 5A 75 3F 17 00 23 44 30 42 32 20   0~~N?Zu?~~#D0B2 
20 56 44 5A 20 00 00 0F 12 5A 75 3F 17 00 38 44    VDZ ~~~~Zu?~~8D
30 42 31 20 20 41 34 20 20 00 09 4F 31 5A 75 3F   0B1  A4  ~~O1Zu?
17 00 59 44 30 42 31 20 20 39 39 39 39 00 09 4F   ~~YD0B1  9999~~O
31 5A 75 3F 17 00 31 44 30 42 31 20 20 39 39 39   1Zu?~~1D0B1  999
39 00 09 52 24 5A 75 3F 17 06 3F 44 30 42 31 39   9~~R$Zu?~~?D0B19
32 43 48 4D 20 00 00 42 72 5A 75 3F 17 00 32 44   2CHM ~~BrZu?~~2D
30 42 31 20 20 30 35 31 38 00 09 4F 3F 5A 75 3F   0B1  0518~~O?Zu?
17 00 36 44 30 42 31 38 38 39 39 39 39 00 00 32   ~~6D0B1889999~~2
21 5A 75 3F 17 00 47 44 30 42 31 20 20 46 4C 42   !Zu?~~GD0B1  FLB
43 00 00 39 3F 5A 75 3F 17 00 30 44 30 42 31 38   C~~9?Zu?~~0D0B18
35 43 4F 4D 46 00 09 51 2A 5A 75 3F 17 00 74 44   5COMF~~Q*Zu?~~tD
30 42 31 20 20 4E 56 54 20 00 09 51 21 5A 75 3F   0B1  NVT ~~Q!Zu?
17 00 30 44 30 42 31 20 20 50 48 50 43 00 09 4F   ~~0D0B1  PHPC~~O
31 5A 75 3F 17 00 1D 44 30 42 32 20 20 39 39 39   1Zu?~~~D0B2  999
39 00 00 17 3B 5A 75 3F 17 00 1E 44 30 42 32 20   9~~~;Zu?~~~D0B2 
20 43 4C 41 49 00 00 10 3F 5A 75 3F 17 00 2A 44    CLAI~~~?Zu?~~*D
30 42 31 20 20 4D 43 41 49 00 09 50 3F 5A 75 3F   0B1  MCAI~~P?Zu?
17 00 6B 44 30 42 31 39 34 41 48 50 50 00 00 10   ~~kD0B194AHPP~~~
3F 5A 75 3F 17 00 16 44 30 42 32 20 20 4D 45 44   ?Zu?~~~D0B2  MED
44 00 00 39 3F 5A 75 3F 17 00 24 44 30 42 31 38   D~~9?Zu?~~$D0B18
35 43 4F 4D 46 00 00 0F 12 5A 75 3F 17 00 45 44   5COMF~~~~Zu?~~ED
30 42 31 30 34 41 34 20 20 00 09 4E 3F 5A 75 3F   0B104A4  ~~N?Zu?
17 00 36 44 30 42 31 20 20 49 52 58 20 00 09 4E   ~~6D0B1  IRX ~~N
3F 5A 75 3F 17 00 32 44 30 42 31 20 20 56 44 5A   ?Zu?~~2D0B1  VDZ
20 00 09 4E 3F 5A 75 3F 17 00 14 44 30 42 32 20    ~~N?Zu?~~~D0B2 
20 56 44 5A 20 00 09 4E 3F 5A 75 3F 17 00 45 44    VDZ ~~N?Zu?~~ED
30 42 31 20 20 43 52 4B 20 00 00 0F 12 5A 75 3F   0B1  CRK ~~~~Zu?
17 00 68 44 30 42 31 20 20 41 34 20 20 00 09 4E   ~~hD0B1  A4  ~~N
3F 5A 75 3F 17 00 2B 44 30 42 31 20 20 56 44 5A   ?Zu?~~+D0B1  VDZ
20 00 09 4F 3F 5A 75 3F 17 00 36 44 30 42 31 20    ~~O?Zu?~~6D0B1 
20 39 39 39 39 00 00 0E 01 5A 75 3F 17 00 56 44    9999~~~~Zu?~~VD
30 42 31 37 30 41 53 50 52 00 00 10 3F 5A 75 3F   0B170ASPR~~~?Zu?
17 00 3F 44 30 42 31 20 20 41 44 56 20 00 00 42   ~~?D0B1  ADV ~~B
72 5A 75 3F 17 00 3B 44 30 42 31 20 20 43 49 4D   rZu?~~;D0B1  CIM
43 00 00 10 3F 5A 75 3F 17 00 38 44 30 42 31 20   C~~~?Zu?~~8D0B1 
20 41 44 56 20 00 09 4E 3F 5A 75 3F 17 00 3C 44    ADV ~~N?Zu?~~<D
30 42 31 37 39 49 52 58 20 00 00 3C 3F 5A 75 3F   0B179IRX ~~<?Zu?
17 00 24 44 30 42 32 20 20 30 33 32 30 00 00 3C   ~~$D0B2  0320~~<
3F 5A 75 3F 17 00 63 44 30 42 31 20 20 41 53 50   ?Zu?~~cD0B1  ASP
52 00 00 3D 3F 5A 75 3F 17 00 27 44 30 42 31 20   R~~=?Zu?~~'D0B1 
20 52 45 4C 49 00 00 10 3F 5A 75 3F 17 00 3B 44    RELI~~~?Zu?~~;D
30 42 31 20 20 41 44 56 20 00 09 4F 3F 5A 75 3F   0B1  ADV ~~O?Zu?
17 00 37 44 30 42 31 20 20 46 45 50 52 00 09 50   ~~7D0B1  FEPR~~P
3F 5A 75 3F 17 00 11 44 30 42 32 38 37 4D 45 44   ?Zu?~~~D0B287MED
44 00 00 10 3F 5A 75 3F 17 00 38 44 30 42 31 37   D~~~?Zu?~~8D0B17
30 4D 45 44 44 00 00 3E 7B 5A 75 3F 17 00 3F 44   0MEDD~~>{Zu?~~?D
30 42 31 20 20 47 44 43 20 00 00 58 3F 5A 75 3F   0B1  GDC ~~X?Zu?
17 00 74 44 30 42 31 20 20 36 33 33 34 00 00 39   ~~tD0B1  6334~~9
3F 5A 75 3F 17 00 35 44 30 42 31 38 35 43 4F 4D   ?Zu?~~5D0B185COM
46 00 09 4E 3F 5A 75 3F 17 00 44 44 30 42 31 20   F~~N?Zu?~~DD0B1 
20 49 52 58 20 00 00 10 3F 5A 75 3F 17 00 59 44    IRX ~~~?Zu?~~YD
30 42 31 20 20 4D 45 44 44 00 00 39 3F 5A 75 3F   0B1  MEDD~~9?Zu?
17 00 35 44 30 42 31 38 35 43 4F 4D 46 00 09 50   ~~5D0B185COMF~~P
3F 5A 75 3F 18 00 35 44 30 42 31 20 20 34 36 30   ?Zu?~~5D0B1  460
30 00 09 4E 3F 5A 75 3F 18 00 44 44 30 42 31 20   0~~N?Zu?~~DD0B1 
20 49 52 58 20 00 09 51 2A 5A 75 3F 18 00 27 44    IRX ~~Q*Zu?~~'D
30 42 32 20 20 35 31 30 34 00 00 36 00 5A 75 3F   0B2  5104~~6~Zu?
18 00 3D 44 30 42 31 20 20 52 58 43 55 00 09 4E   ~~=D0B1  RXCU~~N
3F 5A 75 3F 18 00 0C 44 30 42 32 20 20 49 52 58   ?Zu?~~~D0B2  IRX
20 00 00 42 72 5A 75 3F 18 00 32 44 30 42 31 20    ~~BrZu?~~2D0B1 
20 43 49 4D 43 00 00 42 72 5A 75 3F 18 00 30 44    CIMC~~BrZu?~~0D
30 42 31 37 39 43 49 4D 43 00 00 0F 12 5A 75 3F   0B179CIMC~~~~Zu?
18 00 3D 44 30 42 31 20 20 41 34 20 20 00 09 50   ~~=D0B1  A4  ~~P
3F 5A 75 3F 18 00 37 44 30 42 31 20 20 39 39 39   ?Zu?~~7D0B1  999
39 00 09 50 3F 5A 75 3F 18 00 56 44 30 42 31 37   9~~P?Zu?~~VD0B17
30 30 30 36 37 00 09 4F 3F 5A 75 3F 18 00 4B 44   00067~~O?Zu?~~KD
30 42 32 20 20 46 57 20 20 00 09 50 3F 5A 75 3F   0B2  FW  ~~P?Zu?
18 00 5B 44 30 42 31 20 20 34 32 34 32 00 09 4F   ~~[D0B1  4242~~O
31 5A 75 3F 18 00 16 44 30 42 32 20 20 39 39 39   1Zu?~~~D0B2  999
39 00 00 3C 3F 5A 75 3F 18 00 22 44 30 42 32 20   9~~<?Zu?~~"D0B2 
20 30 33 32 30 00 09 50 3F 5A 75 3F 18 00 19 44    0320~~P?Zu?~~~D
30 42 32 20 20 30 30 36 37 00 09 50 3F 5A 75 3F   0B2  0067~~P?Zu?
18 00 2A 44 30 42 32 20 20 41 48 50 50 00 09 4E   ~~*D0B2  AHPP~~N
3F 5A 75 3F 18 00 36 44 30 42 31 20 20 56 44 5A   ?Zu?~~6D0B1  VDZ
20 00 00 50 3F 5A 75 3F 18 00 74 44 30 42 31 35    ~~P?Zu?~~tD0B15
32 43 41 54 50 00 00 10 3F 5A 75 3F 18 00 1B 44   2CATP~~~?Zu?~~~D
30 42 32 20 20 4D 45 44 44 00 00 26 3F 5A 75 3F   0B2  MEDD~~&?Zu?
18 00 36 44 30 42 31 36 35 52 4F 49 52 00 00 0E   ~~6D0B165ROIR~~~
01 5A 75 3F 18 00 76 44 30 42 31 20 20 32 34 30   ~Zu?~~vD0B1  240
30 00 00 0E 01 5A 75 3F 18 00 5D 44 30 42 31 20   0~~~~Zu?~~]D0B1 
20 41 53 50 52 00 09 4E 3F 5A 75 3F 18 00 2B 44    ASPR~~N?Zu?~~+D
30 42 31 37 58 56 44 5A 20 00 00 34 28 5A 75 3F   0B17XVDZ ~~4(Zu?
18 00 21 44 30 42 31 35 32 50 30 33 35 00 00 10   ~~!D0B152P035~~~
3F 5A 75 3F 18 00 47 44 30 42 31 20 20 41 44 56   ?Zu?~~GD0B1  ADV
20 00 00 2D 20 5A 75 3F 18 00 11 44 30 42 32 20    ~~- Zu?~~~D0B2 
20 49 4C 44 52 00 00 12 4A 5A 75 3F 18 00 01 44    ILDR~~~JZu?~~~D
30 42 31 4E 4E 43 4E 20 20 00 09 4E 3F 5A 75 3F   0B1NNCN  ~~N?Zu?
18 00 46 44 30 42 31 20 20 49 52 58 20 00 09 4E   ~~FD0B1  IRX ~~N
3F 5A 75 3F 18 00 4A 44 30 42 31 20 20 4D 45 44   ?Zu?~~JD0B1  MED
44 00 00 39 3F 5A 75 3F 18 00 31 44 30 42 31 4D   D~~9?Zu?~~1D0B1M
36 43 4F 4D 46 00 00 0E 01 5A 75 3F 18 00 47 44   6COMF~~~~Zu?~~GD
30 42 31 20 20 35 33 39 38 00 00 0E 01 5A 75 3F   0B1  5398~~~~Zu?
18 00 19 44 30 42 32 20 20 31 31 33 33 00 00 17   ~~~D0B2  1133~~~
3B 5A 75 3F 18 00 39 44 30 42 31 20 20 43 4C 41   ;Zu?~~9D0B1  CLA
49 00 00 4A 51 5A 75 3F 18 00 3F 44 30 42 31 20   I~~JQZu?~~?D0B1 
20 38 30 30 31 00 00 10 3F 5A 75 3F 18 00 32 44    8001~~~?Zu?~~2D
30 42 31 20 20 4D 45 44 44 00 00 10 3F 5A 75 3F   0B1  MEDD~~~?Zu?
18 00 32 44 30 42 31 20 20 4D 45 44 44 00 00 48   ~~2D0B1  MEDD~~H
10 5A 75 3F 18 00 0D 44 30 42 32 20 20 36 36 32   ~Zu?~~~D0B2  662
30 00 00 32 21 5A 75 3F 18 00 51 44 30 42 31 20   0~~2!Zu?~~QD0B1 
20 46 4C 42 43 00 09 51 72 5A 75 3F 18 00 25 44    FLBC~~QrZu?~~%D
30 42 32 20 20 41 42 41 52 00 09 4F 31 5A 75 3F   0B2  ABAR~~O1Zu?
10 00 3B 44 30 42 31 37 39 39 39 39 39 00 09 4F   ~~;D0B1799999~~O
4F 5A 75 3F 10 00 53 44 30 42 31 37 36 30 31 39   OZu?~~SD0B176019
36 00 09 4F 3F 5A 75 3F 10 00 3F 44 30 42 31 20   6~~O?Zu?~~?D0B1 
20 39 39 39 39 00 09 51 72 5A 75 3F 10 00 7C 44    9999~~QrZu?~~|D
30 42 31 37 39 41 42 41 52 00 0C 35 04 5A 75 3F   0B179ABAR~~5~Zu?
10 00 3F 44 30 42 31 20 20 30 30 38 31 00 09 4F   ~~?D0B1  0081~~O
31 5A 75 3F 10 00 40 44 30 42 31 20 20 39 39 39   1Zu?~~@D0B1  999
39 00 00 42 72 5A 75 3F 10 00 44 44 30 42 31 38   9~~BrZu?~~DD0B18
38 30 32 31 35 00 00 10 3F 5A 75 3F 10 00 2B 44   80215~~~?Zu?~~+D
30 42 31 36 38 41 44 56 20 00 00 10 3F 5A 75 3F   0B168ADV ~~~?Zu?
10 00 36 44 30 42 31 20 20 4D 45 44 44 00 00 10   ~~6D0B1  MEDD~~~
3F 5A 75 3F 10 00 45 44 30 42 31 37 36 41 44 56   ?Zu?~~ED0B176ADV
20 00 00 10 3F 5A 75 3F 10 00 34 44 30 42 31 20    ~~~?Zu?~~4D0B1 
20 41 44 56 20 00 00 10 3F 5A 75 3F 10 00 17 44    ADV ~~~?Zu?~~~D
30 42 32 20 20 4D 43 41 49 00 09 4F 3F 5A 75 3F   0B2  MCAI~~O?Zu?
10 00 3F 44 30 42 31 20 20 46 57 20 20 00 09 4E   ~~?D0B1  FW  ~~N
3F 5A 75 3F 10 00 31 44 30 42 31 36 39 56 44 5A   ?Zu?~~1D0B169VDZ
20 00 09 4F 31 5A 75 3F 10 00 41 44 30 42 31 20    ~~O1Zu?~~AD0B1 
20 39 39 39 39 00 00 2D 20 5A 75 3F 10 00 5C 44    9999~~- Zu?~~\D
30 42 31 20 20 49 4C 44 52 00 09 4F 31 5A 75 3F   0B1  ILDR~~O1Zu?
10 00 26 44 30 42 32 20 20 39 39 39 39 00 00 4E   ~~&D0B2  9999~~N
3F 5A 75 3F 10 00 31 44 30 42 31 37 39 49 53 20   ?Zu?~~1D0B179IS 
20 00 09 4F 3F 5A 75 3F 10 00 3F 44 30 42 31 37    ~~O?Zu?~~?D0B17
39 4D 43 53 52 00 00 39 3F 5A 75 3F 10 00 37 44   9MCSR~~9?Zu?~~7D
30 42 31 38 35 43 4F 4D 46 00 09 4E 3F 5A 75 3F   0B185COMF~~N?Zu?
10 00 2E 44 30 42 31 20 20 56 44 5A 20 00 00 39   ~~.D0B1  VDZ ~~9
3F 5A 75 3F 10 00 2B 44 30 42 31 4D 36 43 4F 4D   ?Zu?~~+D0B1M6COM
46 00 00 10 3F 5A 75 3F 10 00 45 44 30 42 31 20   F~~~?Zu?~~ED0B1 
20 41 44 56 20 00 00 58 3F 5A 75 3F 10 00 3F 44    ADV ~~X?Zu?~~?D
30 42 31 34 31 36 33 33 34 00 00 0F 12 5A 75 3F   0B1416334~~~~Zu?
10 00 4F 44 30 42 31 20 20 41 34 20 20 00 09 50   ~~OD0B1  A4  ~~P
3F 5A 75 3F 10 00 47 44 30 42 31 37 30 4D 45 44   ?Zu?~~GD0B170MED
44 00 00 3C 3F 5A 75 3F 10 00 4B 44 30 42 31 20   D~~<?Zu?~~KD0B1 
20 30 33 32 30 00 00 0F 12 5A 75 3F 10 00 2F 44    0320~~~~Zu?~~/D
30 42 31 20 20 41 34 20 20 00 09 4F 31 5A 75 3F   0B1  A4  ~~O1Zu?
10 00 3D 44 30 42 31 37 30 39 39 39 39 00 00 39   ~~=D0B1709999~~9
3F 5A 75 3F 10 00 3D 44 30 42 31 38 35 43 4F 4D   ?Zu?~~=D0B185COM
46 00 09 4E 3F 5A 75 3F 10 00 3A 44 30 42 31 20   F~~N?Zu?~~:D0B1 
20 49 52 58 20 00 00 45 3F 5A 75 3F 10 00 0B 44    IRX ~~E?Zu?~~~D
30 42 32 20 20 56 54 50 4F 00 00 10 3F 5A 75 3F   0B2  VTPO~~~?Zu?
10 00 45 44 30 42 31 38 38 4D 45 44 44 00 09 4E   ~~ED0B188MEDD~~N
3F 5A 75 3F 10 00 19 44 30 42 32 20 20 56 44 5A   ?Zu?~~~D0B2  VDZ
20 00 09 51 1F 5A 75 3F 10 00 3C 44 30 42 31 20    ~~Q~Zu?~~<D0B1 
20 4D 45 44 44 00 09 4E 3F 5A 75 3F 10 00 3A 44    MEDD~~N?Zu?~~:D
30 42 31 20 20 4D 49 42 43 00 09 4F 31 5A 75 3F   0B1  MIBC~~O1Zu?
10 00 39 44 30 42 31 20 20 39 39 39 39 00 00 0F   ~~9D0B1  9999~~~
12 5A 75 3F 10 00 2E 44 30 42 31 4E 52 4D 41 20   ~Zu?~~.D0B1NRMA 
20 00 09 4F 3F 5A 75 3F 10 00 38 44 30 42 31 20    ~~O?Zu?~~8D0B1 
20 46 45 50 52 00 00 3C 3F 5A 75 3F 10 00 3F 44    FEPR~~<?Zu?~~?D
30 42 31 35 36 30 33 32 30 00 00 0F 12 5A 75 3F   0B1560320~~~~Zu?
10 00 3F 44 30 42 31 20 20 4D 41 20 20 00 00 42   ~~?D0B1  MA  ~~B
72 5A 75 3F 10 00 35 44 30 42 31 20 20 43 49 4D   rZu?~~5D0B1  CIM
43 00 00 39 3F 5A 75 3F 10 00 57 44 30 42 31 38   C~~9?Zu?~~WD0B18
35 43 4F 4D 46 00 00 3C 3F 5A 75 3F 10 00 15 44   5COMF~~<?Zu?~~~D
30 42 32 20 20 30 33 32 30 00 00 40 73 5A 75 3F   0B2  0320~~@sZu?
10 00 2F 44 30 42 31 20 20 50 44 50 4E 00 00 15   ~~/D0B1  PDPN~~~
01 5A 75 3F 10 00 62 44 30 42 31 20 20 41 4D 41   ~Zu?~~bD0B1  AMA
52 00 09 51 2A 5A 75 3F 10 00 58 44 30 42 31 20   R~~Q*Zu?~~XD0B1 
20 35 31 30 34 00 09 4E 3F 5A 75 3F 10 00 17 44    5104~~N?Zu?~~~D
30 42 32 20 20 56 44 5A 20 00 00 58 3F 5A 75 3F   0B2  VDZ ~~X?Zu?
10 00 21 44 30 42 32 20 20 36 33 33 34 00 00 10   ~~!D0B2  6334~~~
3F 5A 75 3F 10 00 3B 44 30 42 31 37 39 4D 45 44   ?Zu?~~;D0B179MED
44 00 00 39 3F 5A 75 3F 10 00 21 44 30 42 31 4D   D~~9?Zu?~~!D0B1M
36 43 4F 4D 46 00 00 3C 3F 5A 75 3F 10 00 20 44   6COMF~~<?Zu?~~ D
30 42 32 20 20 30 33 32 30 00 09 4F 3F 5A 75 3F   0B2  0320~~O?Zu?
10 00 3F 44 30 42 31 20 20 44 52 58 20 00 00 4E   ~~?D0B1  DRX ~~N
3F 5A 75 3F 11 00 1A 44 30 42 32 20 20 57 47 20   ?Zu?~~~D0B2  WG 
20 00 00 3C 3F 5A 75 3F 11 00 4E 44 30 42 31 20    ~~<?Zu?~~ND0B1 
20 30 33 32 30 00 09 4F 3F 5A 75 3F 11 00 3A 44    0320~~O?Zu?~~:D
30 42 31 20 20 39 39 39 39 00 00 2D 20 5A 75 3F   0B1  9999~~- Zu?
11 00 66 44 30 42 31 20 20 42 43 54 58 00 00 39   ~~fD0B1  BCTX~~9
3F 5A 75 3F 11 00 4E 44 30 42 31 4D 36 43 4F 4D   ?Zu?~~ND0B1M6COM
46 00 00 39 3F 5A 75 3F 11 00 3D 44 30 42 31 38   F~~9?Zu?~~=D0B18
35 43 4F 4D 46 00 09 4F 3F 5A 75 3F 11 00 3F 44   5COMF~~O?Zu?~~?D
30 42 31 20 20 39 39 39 39 00 09 4F 31 5A 75 3F   0B1  9999~~O1Zu?
11 00 0F 44 30 42 32 20 20 39 39 39 39 00 00 5E   ~~~D0B2  9999~~^
3F 5A 75 3F 11 00 63 44 30 42 31 20 20 4F 48 52   ?Zu?~~cD0B1  OHR
58 00 09 4E 3F 5A 75 3F 11 00 15 44 30 42 32 20   X~~N?Zu?~~~D0B2 
20 56 44 5A 20 00 09 4F 3F 5A 75 3F 11 00 49 44    VDZ ~~O?Zu?~~ID
30 42 31 37 36 39 39 39 39 00 00 3C 3F 5A 75 3F   0B1769999~~<?Zu?
11 00 49 44 30 42 31 20 20 30 33 32 30 00 00 3C   ~~ID0B1  0320~~<
3F 5A 75 3F 11 00 50 44 30 42 31 37 39 41 53 50   ?Zu?~~PD0B179ASP
52 00 09 4E 3F 5A 75 3F 11 00 22 44 30 42 32 20   R~~N?Zu?~~"D0B2 
20 4D 49 42 43 00 00 10 3F 5A 75 3F 11 00 2E 44    MIBC~~~?Zu?~~.D
30 42 31 37 39 37 37 39 39 00 09 51 59 5A 75 3F   0B1797799~~QYZu?
11 00 4A 44 30 42 31 20 20 30 33 31 39 00 09 4E   ~~JD0B1  0319~~N
3F 5A 75 3F 11 00 37 44 30 42 31 20 20 56 44 5A   ?Zu?~~7D0B1  VDZ
20 00 00 3E 7B 5A 75 3F 11 00 7F 44 30 42 32 20    ~~>{Zu?~~~D0B2 
20 47 44 43 20 00 00 10 32 5A 75 3F 11 01 3F 44    GDC ~~~2Zu?~~?D
30 42 31 20 20 41 4C 4D 45 00 00 3C 3F 5A 75 3F   0B1  ALME~~<?Zu?
11 00 43 44 30 42 31 20 20 30 33 32 30 00 00 49   ~~CD0B1  0320~~I
3F 5A 75 3F 11 00 4E 44 30 42 31 38 33 50 33 30   ?Zu?~~ND0B183P30
33 00 09 4E 3F 5A 75 3F 11 00 2F 44 30 42 31 20   3~~N?Zu?~~/D0B1 
20 56 44 5A 20 00 09 4F 3F 5A 75 3F 11 00 26 44    VDZ ~~O?Zu?~~&D
30 42 31 36 39 39 39 39 39 00 00 4E 3F 5A 75 3F   0B1699999~~N?Zu?
11 00 46 44 30 42 31 20 20 46 4D 20 20 00 00 14   ~~FD0B1  FM  ~~~
3F 5A 75 3F 11 00 77 44 30 42 31 37 30 41 43 42   ?Zu?~~wD0B170ACB
20 00 09 50 3F 5A 75 3F 11 00 29 44 30 42 31 37    ~~P?Zu?~~)D0B17
30 50 41 52 54 00 09 50 3F 5A 75 3F 11 00 3E 44   0PART~~P?Zu?~~>D
30 42 31 37 30 30 30 36 37 00 09 4F 24 5A 75 3F   0B1700067~~O$Zu?
11 00 3F 44 30 42 31 20 20 44 52 4D 44 00 00 39   ~~?D0B1  DRMD~~9
3F 5A 75 3F 11 00 35 44 30 42 31 38 35 43 4F 4D   ?Zu?~~5D0B185COM
46 00 00 45 3F 5A 75 3F 11 00 27 44 30 42 31 20   F~~E?Zu?~~'D0B1 
20 56 54 50 4F 00 09 4F 31 5A 75 3F 11 00 1D 44    VTPO~~O1Zu?~~~D
30 42 32 20 20 39 39 39 39 00 00 10 3F 5A 75 3F   0B2  9999~~~?Zu?
11 00 19 44 30 42 32 20 20 41 44 56 20 00 09 4E   ~~~D0B2  ADV ~~N
3F 5A 75 3F 11 00 38 44 30 42 31 20 20 56 44 5A   ?Zu?~~8D0B1  VDZ
20 00 09 4F 31 5A 75 3F 11 00 1D 44 30 42 32 20    ~~O1Zu?~~~D0B2 
20 39 39 39 39 00 00 0F 3F 5A 75 3F 11 00 54 44    9999~~~?Zu?~~TD
30 42 31 20 20 34 33 20 31 00 00 10 3F 5A 75 3F   0B1  43 1~~~?Zu?
11 00 40 44 30 42 31 20 20 4D 43 41 49 00 00 3E   ~~@D0B1  MCAI~~>
7B 5A 75 3F 11 00 3F 44 30 42 32 20 20 47 44 43   {Zu?~~?D0B2  GDC
20 00 00 0E 01 5A 75 3F 11 00 0E 44 30 42 32 20    ~~~~Zu?~~~D0B2 
20 41 53 50 52 00 09 50 3F 5A 75 3F 11 00 3B 44    ASPR~~P?Zu?~~;D
30 42 31 20 20 4D 45 44 44 00 00 2D 20 5A 75 3F   0B1  MEDD~~- Zu?
11 00 41 44 30 42 31 20 20 4E 4D 44 52 00 09 51   ~~AD0B1  NMDR~~Q
59 5A 75 3F 11 00 3C 44 30 42 31 37 39 30 33 31   YZu?~~<D0B179031
39 00 09 4F 4F 5A 75 3F 11 00 41 44 30 42 31 20   9~~OOZu?~~AD0B1 
20 30 31 39 36 00 00 10 3F 5A 75 3F 11 00 19 44    0196~~~?Zu?~~~D
30 42 32 20 20 4D 45 44 44 00 09 51 21 5A 75 3F   0B2  MEDD~~Q!Zu?
11 00 37 44 30 42 31 20 20 50 48 50 43 00 00 39   ~~7D0B1  PHPC~~9
3F 5A 75 3F 11 00 19 44 30 42 31 4D 36 43 4F 4D   ?Zu?~~~D0B1M6COM
46 00 00 2D 20 5A 75 3F 11 00 38 44 30 42 31 20   F~~- Zu?~~8D0B1 
20 49 4C 44 52 00 00 10 3F 5A 75 3F 11 00 0C 44    ILDR~~~?Zu?~~~D
30 42 32 20 20 37 37 39 39 00 09 4F 3F 5A 75 3F   0B2  7799~~O?Zu?
11 06 3F 44 30 42 31 39 32 46 57 20 20 00 00 58   ~~?D0B192FW  ~~X
3F 5A 75 3F 11 00 60 44 30 42 31 20 20 36 33 33   ?Zu?~~`D0B1  633
34 00 00 3C 3F 5A 75 3F 11 00 40 44 30 42 31 20   4~~<?Zu?~~@D0B1 
20 30 33 32 30 00 00 2D 20 5A 75 3F 11 00 3E 44    0320~~- Zu?~~>D
30 42 31 20 20 42 43 54 58 00 09 4E 3F 5A 75 3F   0B1  BCTX~~N?Zu?
11 00 40 44 30 42 31 20 20 56 44 5A 20 00 09 50   ~~@D0B1  VDZ ~~P
3F 5A 75 3F 11 00 48 44 30 42 31 36 39 42 43 52   ?Zu?~~HD0B169BCR
49 00 00 06 11 5A 75 3F 11 00 3F 44 30 42 31 20   I~~~~Zu?~~?D0B1 
20 47 41 4D 20 00 09 50 3F 5A 75 3F 11 00 1E 44    GAM ~~P?Zu?~~~D
30 42 32 20 20 39 39 39 39 00 09 50 3F 5A 75 3F   0B2  9999~~P?Zu?
11 00 15 44 30 42 32 20 20 4D 45 44 44 00 09 4F   ~~~D0B2  MEDD~~O
31 5A 75 3F 11 00 14 44 30 42 32 20 20 39 39 39   1Zu?~~~D0B2  999
39 00 00 0F 12 5A 75 3F 11 00 55 44 30 42 31 20   9~~~~Zu?~~UD0B1 
20 41 34 20 20 00 09 4F 31 5A 75 3F 11 00 5B 44    A4  ~~O1Zu?~~[D
30 42 31 20 20 39 39 39 39 00 00 10 3F 5A 75 3F   0B1  9999~~~?Zu?
11 00 33 44 30 42 31 20 20 37 37 39 39 00 00 0F   ~~3D0B1  7799~~~
12 5A 75 3F 11 00 21 44 30 42 32 20 20 41 34 20   ~Zu?~~!D0B2  A4 
20 00 09 4F 31 5A 75 3F 11 00 0C 44 30 42 32 20    ~~O1Zu?~~~D0B2 
20 39 39 39 39 00 09 4F 31 5A 75 3F 11 00 3C 44    9999~~O1Zu?~~<D
30 42 31 20 20 39 39 39 39 00 00 2D 20 5A 75 3F   0B1  9999~~- Zu?
11 00 3A 44 30 42 31 37 36 49 4C 43 41 00 00 42   ~~:D0B176ILCA~~B
3F 5A 75 3F 11 00 6F 44 30 42 31 41 43 41 53 50   ?Zu?~~oD0B1ACASP
52 00 09 50 3F 5A 75 3F 11 00 22 44 30 42 31 36   R~~P?Zu?~~"D0B16
39 34 36 34 36 00 09 4F 31 5A 75 3F 11 00 1B 44   94646~~O1Zu?~~~D
30 42 32 20 20 39 39 39 39 00 09 50 3F 5A 75 3F   0B2  9999~~P?Zu?
11 00 16 44 30 42 31 45 37 30 30 36 37 00 09 50   ~~~D0B1E70067~~P
3F 5A 75 3F 11 00 3F 44 30 42 31 20 20 31 39 30   ?Zu?~~?D0B1  190
33 00 00 26 3F 5A 75 3F 11 00 26 44 30 42 31 30   3~~&?Zu?~~&D0B10
36 52 4F 49 52 00 00 25 53 5A 75 3F 11 01 52 44   6ROIR~~%SZu?~~RD
30 42 31 20 20 4D 41 53 53 00 00 10 3F 5A 75 3F   0B1  MASS~~~?Zu?
11 00 2A 44 30 42 31 34 30 41 44 56 20 00 00 10   ~~*D0B140ADV ~~~
3F 5A 75 3F 11 00 14 44 30 42 32 20 20 4D 45 44   ?Zu?~~~D0B2  MED
44 00 00 3E 7B 5A 75 3F 11 00 3F 44 30 42 32 20   D~~>{Zu?~~?D0B2 
20 47 44 43 20 00 09 50 3F 5A 75 3F 11 00 5D 44    GDC ~~P?Zu?~~]D
30 42 31 37 36 35 35 32 39 00 09 4F 31 5A 75 3F   0B1765529~~O1Zu?
11 00 0F 44 30 42 32 20 20 39 39 39 39 00 09 4F   ~~~D0B2  9999~~O
3F 5A 75 3F 11 00 34 44 30 42 31 38 38 39 39 39   ?Zu?~~4D0B188999
39 00 09 4E 3F 5A 75 3F 11 00 27 44 30 42 31 35   9~~N?Zu?~~'D0B15
32 46 53 57 43 00 09 4F 31 5A 75 3F 11 00 45 44   2FSWC~~O1Zu?~~ED
30 42 31 20 20 39 39 39 39 00 09 50 3F 5A 75 3F   0B1  9999~~P?Zu?
11 00 3B 44 30 42 31 20 20 30 30 36 37 00 00 3E   ~~;D0B1  0067~~>
21 5A 75 3F 11 00 5E 44 30 42 31 20 20 48 4D 4F   !Zu?~~^D0B1  HMO
4E 00 00 58 3F 5A 75 3F 11 00 55 44 30 42 32 20   N~~X?Zu?~~UD0B2 
20 36 33 33 34 00 09 4E 3F 5A 75 3F 11 00 35 44    6334~~N?Zu?~~5D
30 42 31 20 20 56 44 5A 20 00 00 42 72 5A 75 3F   0B1  VDZ ~~BrZu?
11 00 15 44 30 42 32 20 20 30 32 31 35 00 09 4E   ~~~D0B2  0215~~N
3F 5A 75 3F 11 00 3A 44 30 42 31 20 20 56 44 5A   ?Zu?~~:D0B1  VDZ
20 00 09 3F 1D 5A 75 3F 11 00 25 44 30 42 31 20    ~~?~Zu?~~%D0B1 
20 30 31 34 31 00 09 50 3F 5A 75 3F 11 00 7B 44    0141~~P?Zu?~~{D
30 42 31 37 30 42 43 52 49 00 00 4C 3F 5A 75 3F   0B170BCRI~~L?Zu?
11 00 50 44 30 42 31 38 38 50 52 58 30 00 00 58   ~~PD0B188PRX0~~X
3F 5A 75 3F 11 00 48 44 30 42 31 34 31 36 33 33   ?Zu?~~HD0B141633
34 00 09 4E 3F 5A 75 3F 11 00 23 44 30 42 32 20   4~~N?Zu?~~#D0B2 
20 56 44 5A 20 00 00 10 3F 5A 75 3F 11 00 43 44    VDZ ~~~?Zu?~~CD
30 42 31 20 20 4D 45 44 44 00 00 3C 3F 5A 75 3F   0B1  MEDD~~<?Zu?
11 00 21 44 30 42 32 20 20 30 33 32 30 00 09 4F   ~~!D0B2  0320~~O
3F 5A 75 3F 11 00 3F 44 30 42 31 20 20 46 57 20   ?Zu?~~?D0B1  FW 
20 00 09 4E 3F 5A 75 3F 11 00 3B 44 30 42 31 20    ~~N?Zu?~~;D0B1 
20 43 54 52 58 00 00 10 3F 5A 75 3F 11 00 3C 44    CTRX~~~?Zu?~~<D
30 42 31 20 20 4D 45 44 44 00 09 4F 3F 5A 75 3F   0B1  MEDD~~O?Zu?
11 00 32 44 30 42 31 20 20 39 39 39 39 00 09 4E   ~~2D0B1  9999~~N
3F 5A 75 3F 11 00 23 44 30 42 32 20 20 56 44 5A   ?Zu?~~#D0B2  VDZ
20 00 09 50 3F 5A 75 3F 11 00 13 44 30 42 32 20    ~~P?Zu?~~~D0B2 
20 34 31 30 30 00 09 4F 31 5A 75 3F 11 00 4C 44    4100~~O1Zu?~~LD
30 42 31 20 20 39 39 39 39 00 00 10 3F 5A 75 3F   0B1  9999~~~?Zu?
11 00 42 44 30 42 31 20 20 4D 45 44 44 00 00 10   ~~BD0B1  MEDD~~~
3F 5A 75 3F 12 00 36 44 30 42 31 20 20 41 44 56   ?Zu?~~6D0B1  ADV
20 00 09 4F 31 5A 75 3F 12 00 32 44 30 42 31 36    ~~O1Zu?~~2D0B16
39 39 39 39 39 00 00 0F 12 5A 75 3F 12 00 4F 44   99999~~~~Zu?~~OD
30 42 31 20 20 41 34 20 20 00 09 4F 31 5A 75 3F   0B1  A4  ~~O1Zu?
12 00 59 44 30 42 31 20 20 39 39 39 39 00 09 4F   ~~YD0B1  9999~~O
31 5A 75 3F 12 00 6D 44 30 42 31 37 30 39 39 39   1Zu?~~mD0B170999
39 00 09 51 2A 5A 75 3F 12 00 7C 44 30 42 31 20   9~~Q*Zu?~~|D0B1 
20 4D 43 44 20 00 09 50 3F 5A 75 3F 12 00 59 44    MCD ~~P?Zu?~~YD
30 42 31 20 20 34 39 34 39 00 00 06 11 5A 75 3F   0B1  4949~~~~Zu?
12 00 3F 44 30 42 31 38 38 54 4E 4D 20 00 09 4F   ~~?D0B188TNM ~~O
3F 5A 75 3F 12 00 4B 44 30 42 32 20 20 39 39 39   ?Zu?~~KD0B2  999
39 00 00 4C 3F 5A 75 3F 12 01 0F 44 30 42 31 20   9~~L?Zu?~~~D0B1 
20 30 36 30 33 00 09 50 3F 5A 75 3F 12 00 3D 44    0603~~P?Zu?~~=D
30 42 31 20 20 4D 45 44 44 00 09 4E 3F 5A 75 3F   0B1  MEDD~~N?Zu?
12 00 30 44 30 42 31 20 20 56 44 5A 20 00 09 51   ~~0D0B1  VDZ ~~Q
21 5A 75 3F 12 00 0A 44 30 42 32 20 20 50 48 50   !Zu?~~~D0B2  PHP
43 00 09 50 3F 5A 75 3F 12 00 22 44 30 42 32 20   C~~P?Zu?~~"D0B2 
20 30 30 36 37 00 00 10 3F 5A 75 3F 12 00 3A 44    0067~~~?Zu?~~:D
30 42 31 37 35 41 44 56 20 00 09 51 59 5A 75 3F   0B175ADV ~~QYZu?
12 00 01 44 30 42 31 38 38 30 33 31 39 00 00 10   ~~~D0B1880319~~~
3F 5A 75 3F 12 00 31 44 30 42 31 20 20 41 44 56   ?Zu?~~1D0B1  ADV
20 00 09 4F 31 5A 75 3F 12 00 4A 44 30 42 31 20    ~~O1Zu?~~JD0B1 
20 39 39 39 39 00 00 0F 12 5A 75 3F 12 00 30 44    9999~~~~Zu?~~0D
30 42 31 20 20 41 34 20 20 00 09 33 3F 5A 75 3F   0B1  A4  ~~3?Zu?
12 00 0C 44 30 42 32 20 20 42 41 5A 20 00 00 42   ~~~D0B2  BAZ ~~B
72 5A 75 3F 12 00 29 44 30 42 31 20 20 43 49 4D   rZu?~~)D0B1  CIM
43 00 00 10 3F 5A 75 3F 12 00 44 44 30 42 31 20   C~~~?Zu?~~DD0B1 
20 4D 45 44 44 00 09 4F 31 5A 75 3F 12 00 3A 44    MEDD~~O1Zu?~~:D
30 42 31 20 20 39 39 39 39 00 00 32 21 5A 75 3F   0B1  9999~~2!Zu?
12 00 42 44 30 42 31 39 34 46 4C 42 43 00 00 10   ~~BD0B194FLBC~~~
3F 5A 75 3F 12 00 31 44 30 42 31 37 36 41 44 56   ?Zu?~~1D0B176ADV
20 00 00 32 21 5A 75 3F 12 00 4A 44 30 42 31 20    ~~2!Zu?~~JD0B1 
20 46 4C 42 43 00 00 10 3F 5A 75 3F 12 00 4B 44    FLBC~~~?Zu?~~KD
30 42 31 20 20 41 44 56 20 00 09 4F 31 5A 75 3F   0B1  ADV ~~O1Zu?
12 00 3B 44 30 42 31 37 30 39 39 39 39 00 09 4E   ~~;D0B1709999~~N
3F 5A 75 3F 12 00 27 44 30 42 31 36 35 56 44 5A   ?Zu?~~'D0B165VDZ
20 00 09 4E 3F 5A 75 3F 12 00 29 44 30 42 31 20    ~~N?Zu?~~)D0B1 
20 49 52 58 20 00 00 0F 12 5A 75 3F 12 00 48 44    IRX ~~~~Zu?~~HD
30 42 31 20 20 41 34 20 20 00 09 50 3F 5A 75 3F   0B1  A4  ~~P?Zu?
12 00 38 44 30 42 31 37 30 50 41 52 54 00 00 48   ~~8D0B170PART~~H
3F 5A 75 3F 12 00 19 44 30 42 32 20 20 55 48 43   ?Zu?~~~D0B2  UHC
20 00 00 10 3F 5A 75 3F 12 00 15 44 30 42 32 20    ~~~?Zu?~~~D0B2 
20 4D 45 44 44 00 09 4F 31 5A 75 3F 12 00 45 44    MEDD~~O1Zu?~~ED
30 42 31 20 20 39 39 39 39 00 09 50 3F 5A 75 3F   0B1  9999~~P?Zu?
12 00 2E 44 30 42 31 30 36 39 39 39 39 00 00 58   ~~.D0B1069999~~X
3F 5A 75 3F 12 00 52 44 30 42 31 20 20 36 33 33   ?Zu?~~RD0B1  633
34 00 00 0F 12 5A 75 3F 12 00 13 44 30 42 32 20   4~~~~Zu?~~~D0B2 
20 4D 41 20 20 00 09 4E 3F 5A 75 3F 12 00 1E 44    MA  ~~N?Zu?~~~D
30 42 32 20 20 56 44 5A 20 00 00 40 73 5A 75 3F   0B2  VDZ ~~@sZu?
12 00 18 44 30 42 32 20 20 48 5A 52 58 00 00 10   ~~~D0B2  HZRX~~~
3F 5A 75 3F 12 00 3C 44 30 42 31 20 20 41 44 56   ?Zu?~~<D0B1  ADV
20 00 00 2D 20 5A 75 3F 12 00 4E 44 30 42 31 39    ~~- Zu?~~ND0B19
34 31 32 31 35 00 09 4F 3F 5A 75 3F 12 00 19 44   41215~~O?Zu?~~~D
30 42 32 20 20 39 39 39 39 00 09 4E 3F 5A 75 3F   0B2  9999~~N?Zu?
12 00 36 44 30 42 31 37 58 56 44 5A 20 00 09 4E   ~~6D0B17XVDZ ~~N
3F 5A 75 3F 12 00 20 44 30 42 32 20 20 4D 45 44   ?Zu?~~ D0B2  MED
44 00 00 0F 12 5A 75 3F 12 00 26 44 30 42 31 35   D~~~~Zu?~~&D0B15
32 41 34 20 20 00 00 0F 12 5A 75 3F 12 00 0E 44   2A4  ~~~~Zu?~~~D
30 42 32 20 20 41 34 20 20 00 00 22 3F 5A 75 3F   0B2  A4  ~~"?Zu?
12 00 3D 44 30 42 31 38 38 57 44 52 58 00 00 3E   ~~=D0B188WDRX~~>
42 5A 75 3F 12 00 33 44 30 42 31 20 20 37 34 36   BZu?~~3D0B1  746
33 00 09 4F 31 5A 75 3F 12 00 4B 44 30 42 31 20   3~~O1Zu?~~KD0B1 
20 39 39 39 39 00 00 10 3F 5A 75 3F 12 00 38 44    9999~~~?Zu?~~8D
30 42 31 37 39 41 44 56 20 00 00 2D 20 5A 75 3F   0B179ADV ~~- Zu?
12 00 36 44 30 42 31 20 20 42 43 54 58 00 00 3C   ~~6D0B1  BCTX~~<
3F 5A 75 3F 12 00 60 44 30 42 31 20 20 41 53 50   ?Zu?~~`D0B1  ASP
52 00 00 2D 20 5A 75 3F 12 00 24 44 30 42 32 20   R~~- Zu?~~$D0B2 
20 42 43 54 58 00 00 0F 12 5A 75 3F 12 00 4A 44    BCTX~~~~Zu?~~JD
30 42 31 37 39 41 34 20 20 00 00 42 3F 5A 75 3F   0B179A4  ~~B?Zu?
12 00 7D 44 30 42 31 4D 52 4D 4E 50 52 00 00 0F   ~~}D0B1MRMNPR~~~
12 5A 75 3F 12 00 2E 44 30 42 31 37 58 41 34 20   ~Zu?~~.D0B17XA4 
20 00 09 50 3F 5A 75 3F 12 00 3D 44 30 42 31 20    ~~P?Zu?~~=D0B1 
20 34 39 34 39 00 00 5E 3F 5A 75 3F 12 00 6F 44    4949~~^?Zu?~~oD
30 42 31 20 20 4F 48 52 58 00 09 33 3F 5A 75 3F   0B1  OHRX~~3?Zu?
12 00 29 44 30 42 31 20 20 42 41 5A 20 00 09 50   ~~)D0B1  BAZ ~~P
3F 5A 75 3F 12 00 43 44 30 42 31 20 20 34 31 30   ?Zu?~~CD0B1  410
30 00 09 4F 4F 5A 75 3F 12 00 39 44 30 42 31 20   0~~OOZu?~~9D0B1 
20 30 31 39 36 00 00 4E 3F 5A 75 3F 12 00 38 44    0196~~N?Zu?~~8D
30 42 31 37 35 46 4D 20 20 00 00 32 21 5A 75 3F   0B175FM  ~~2!Zu?
12 00 3F 44 30 42 31 37 30 46 4C 42 43 00 00 39   ~~?D0B170FLBC~~9
3F 5A 75 3F 12 00 2E 44 30 42 31 38 35 43 4F 4D   ?Zu?~~.D0B185COM
46 00 00 2D 20 5A 75 3F 12 00 53 44 30 42 31 37   F~~- Zu?~~SD0B17
30 31 32 31 35 00 09 4E 3F 5A 75 3F 12 00 45 44   01215~~N?Zu?~~ED
30 42 31 20 20 56 44 5A 20 00 09 4E 3F 5A 75 3F   0B1  VDZ ~~N?Zu?
12 00 25 44 30 42 31 35 32 4D 45 44 44 00 00 10   ~~%D0B152MEDD~~~
3F 5A 75 3F 12 00 2A 44 30 42 31 36 39 4D 45 44   ?Zu?~~*D0B169MED
44 00 00 42 72 5A 75 3F 12 00 35 44 30 42 31 20   D~~BrZu?~~5D0B1 
20 43 49 4D 43 00 09 29 6C 5A 75 3F 12 00 12 44    CIMC~~)lZu?~~~D
30 42 31 31 37 4E 4F 52 45 00 00 10 3F 5A 75 3F   0B117NORE~~~?Zu?
12 00 32 44 30 42 31 20 20 4D 45 44 44 00 00 0E   ~~2D0B1  MEDD~~~
01 5A 75 3F 12 00 12 44 30 42 32 20 20 32 34 30   ~Zu?~~~D0B2  240
30 00 09 4E 3F 5A 75 3F 12 00 3D 44 30 42 31 20   0~~N?Zu?~~=D0B1 
20 56 44 5A 20 00 00 3C 3F 5A 75 3F 12 00 51 44    VDZ ~~<?Zu?~~QD
30 42 31 20 20 30 33 32 30 00 00 39 3F 5A 75 3F   0B1  0320~~9?Zu?
12 00 21 44 30 42 31 4D 36 43 4F 4D 46 00 00 3C   ~~!D0B1M6COMF~~<
3F 5A 75 3F 12 00 46 44 30 42 31 20 20 30 33 32   ?Zu?~~FD0B1  032
30 00 0C 35 04 5A 75 3F 12 00 15 44 30 42 31 4E   0~~5~Zu?~~~D0B1N
4E 30 30 38 31 00 00 10 3F 5A 75 3F 12 00 30 44   N0081~~~?Zu?~~0D
30 42 31 37 39 41 44 56 20 00 00 42 3F 5A 75 3F   0B179ADV ~~B?Zu?
12 00 1E 44 30 42 32 20 20 4D 4E 50 52 00 00 10   ~~~D0B2  MNPR~~~
3F 5A 75 3F 12 00 30 44 30 42 31 37 30 4D 45 44   ?Zu?~~0D0B170MED
44 00 00 13 33 5A 75 3F 12 00 36 44 30 42 31 20   D~~~3Zu?~~6D0B1 
20 41 4C 42 43 00 09 4F 31 5A 75 3F 12 00 46 44    ALBC~~O1Zu?~~FD
30 42 31 20 20 39 39 39 39 00 09 4F 24 5A 75 3F   0B1  9999~~O$Zu?
12 00 3F 44 30 42 32 20 20 50 43 53 20 00 00 4E   ~~?D0B2  PCS ~~N
3F 5A 75 3F 12 00 13 44 30 42 32 20 20 41 43 20   ?Zu?~~~D0B2  AC 
20 00 09 4E 3F 5A 75 3F 12 00 3F 44 30 42 31 37    ~~N?Zu?~~?D0B17
36 56 44 5A 20 00 00 42 3F 5A 75 3F 12 00 3F 44   6VDZ ~~B?Zu?~~?D
30 42 31 20 20 41 53 50 52 00 00 17 3B 5A 75 3F   0B1  ASPR~~~;Zu?
12 00 43 44 30 42 31 20 20 43 4C 41 49 00 00 10   ~~CD0B1  CLAI~~~
3F 5A 75 3F 12 00 2C 44 30 42 31 20 20 4D 45 44   ?Zu?~~,D0B1  MED
44 00 00 0F 12 5A 75 3F 12 00 11 44 30 42 32 20   D~~~~Zu?~~~D0B2 
20 41 34 20 20 00 09 4E 3F 5A 75 3F 13 00 31 44    A4  ~~N?Zu?~~1D
30 42 31 38 31 56 44 5A 20 00 09 4F 3F 5A 75 3F   0B181VDZ ~~O?Zu?
13 00 3C 44 30 42 31 37 30 39 39 39 39 00 09 4F   ~~<D0B1709999~~O
3F 5A 75 3F 13 00 52 44 30 42 31 20 20 39 39 39   ?Zu?~~RD0B1  999
39 00 00 10 3F 5A 75 3F 13 00 3B 44 30 42 31 20   9~~~?Zu?~~;D0B1 
20 4D 45 44 44 00 00 58 3F 5A 75 3F 13 00 15 44    MEDD~~X?Zu?~~~D
30 42 32 20 20 36 33 33 34 00 00 0F 3F 5A 75 3F   0B2  6334~~~?Zu?
13 00 3E 44 30 42 31 20 20 34 33 20 31 00 00 45   ~~>D0B1  43 1~~E
3F 5A 75 3F 13 00 3F 44 30 42 31 41 46 49 4C 50   ?Zu?~~?D0B1AFILP
4F 00 00 2D 20 5A 75 3F 13 00 18 44 30 42 32 20   O~~- Zu?~~~D0B2 
20 49 4C 43 41 00 00 3C 3F 5A 75 3F 13 00 16 44    ILCA~~<?Zu?~~~D
30 42 32 20 20 30 33 32 30 00 09 4E 3F 5A 75 3F   0B2  0320~~N?Zu?
13 00 37 44 30 42 31 20 20 56 44 5A 20 00 00 12   ~~7D0B1  VDZ ~~~
4A 5A 75 3F 13 01 2C 44 30 42 31 37 51 43 4E 20   JZu?~~,D0B17QCN 
20 00 00 32 21 5A 75 3F 13 00 4A 44 30 42 31 20    ~~2!Zu?~~JD0B1 
20 46 4C 42 43 00 09 4E 3F 5A 75 3F 13 00 12 44    FLBC~~N?Zu?~~~D
30 42 32 20 20 43 52 4B 20 00 09 51 2A 5A 75 3F   0B2  CRK ~~Q*Zu?
13 00 3F 44 30 42 31 20 20 45 54 46 20 00 00 44   ~~?D0B1  ETF ~~D
3F 5A 75 3F 13 00 1F 44 30 42 32 20 20 50 30 32   ?Zu?~~~D0B2  P02
37 00 00 44 29 5A 75 3F 13 00 3F 44 30 42 32 20   7~~D)Zu?~~?D0B2 
20 36 37 39 32 00 00 10 3F 5A 75 3F 13 00 17 44    6792~~~?Zu?~~~D
30 42 32 20 20 41 44 56 20 00 00 4E 3F 5A 75 3F   0B2  ADV ~~N?Zu?
13 00 38 44 30 42 31 37 30 4E 53 20 20 00 00 58   ~~8D0B170NS  ~~X
3F 5A 75 3F 13 00 47 44 30 42 31 34 31 36 33 33   ?Zu?~~GD0B141633
34 00 09 4F 3F 5A 75 3F 13 00 3F 44 30 42 31 20   4~~O?Zu?~~?D0B1 
20 46 57 20 20 00 00 39 3F 5A 75 3F 13 00 24 44    FW  ~~9?Zu?~~$D
30 42 31 38 35 43 4F 4D 46 00 00 10 3F 5A 75 3F   0B185COMF~~~?Zu?
13 00 31 44 30 42 31 20 20 41 44 56 20 00 09 4F   ~~1D0B1  ADV ~~O
31 5A 75 3F 13 00 33 44 30 42 31 20 20 39 39 39   1Zu?~~3D0B1  999
39 00 00 10 3F 5A 75 3F 13 00 2D 44 30 42 31 37   9~~~?Zu?~~-D0B17
39 4D 45 44 44 00 09 4F 24 5A 75 3F 13 00 3F 44   9MEDD~~O$Zu?~~?D
30 42 31 36 35 50 52 4F 44 00 09 4F 3F 5A 75 3F   0B165PROD~~O?Zu?
13 00 30 44 30 42 31 20 20 4F 50 30 30 00 09 4F   ~~0D0B1  OP00~~O
31 5A 75 3F 13 00 48 44 30 42 31 37 30 39 39 39   1Zu?~~HD0B170999
39 00 00 0F 3F 5A 75 3F 13 00 4B 44 30 42 31 37   9~~~?Zu?~~KD0B17
39 34 33 20 31 00 00 10 3F 5A 75 3F 13 00 4E 44   943 1~~~?Zu?~~ND
30 42 31 20 20 41 44 56 20 00 00 10 3F 5A 75 3F   0B1  ADV ~~~?Zu?
13 00 2E 44 30 42 31 20 20 41 44 56 20 00 09 4E   ~~.D0B1  ADV ~~N
3F 5A 75 3F 13 00 37 44 30 42 31 37 36 49 52 58   ?Zu?~~7D0B176IRX
20 00 00 4E 3F 5A 75 3F 13 00 49 44 30 42 31 37    ~~N?Zu?~~ID0B17
39 41 43 20 20 00 00 0E 01 5A 75 3F 13 00 75 44   9AC  ~~~~Zu?~~uD
30 42 31 20 20 41 53 50 52 00 00 0E 42 5A 75 3F   0B1  ASPR~~~BZu?
13 00 40 44 30 42 31 20 20 36 34 20 20 00 00 42   ~~@D0B1  64  ~~B
72 5A 75 3F 13 00 38 44 30 42 31 20 20 43 49 4D   rZu?~~8D0B1  CIM
43 00 09 4E 3F 5A 75 3F 13 00 15 44 30 42 32 20   C~~N?Zu?~~~D0B2 
20 56 44 5A 20 00 00 12 4A 5A 75 3F 13 00 3F 44    VDZ ~~~JZu?~~?D
30 42 32 20 20 39 36 20 20 00 00 42 72 5A 75 3F   0B2  96  ~~BrZu?
13 00 2A 44 30 42 31 37 39 30 32 31 35 00 09 4F   ~~*D0B1790215~~O
3F 5A 75 3F 13 00 36 44 30 42 31 37 39 46 45 50   ?Zu?~~6D0B179FEP
52 00 00 4E 3F 5A 75 3F 13 00 2D 44 30 42 31 36   R~~N?Zu?~~-D0B16
39 57 47 20 20 00 09 50 3F 5A 75 3F 13 01 3F 44   9WG  ~~P?Zu?~~?D
30 42 31 20 20 52 58 4E 45 00 09 51 59 5A 75 3F   0B1  RXNE~~QYZu?
13 00 37 44 30 42 31 20 20 30 33 31 39 00 09 51   ~~7D0B1  0319~~Q
2E 5A 75 3F 13 00 3F 44 30 42 31 20 20 48 4D 43   .Zu?~~?D0B1  HMC
20 00 00 2E 5B 5A 75 3F 13 00 3E 44 30 42 31 20    ~~.[Zu?~~>D0B1 
20 48 54 20 20 00 09 4F 31 5A 75 3F 13 00 44 44    HT  ~~O1Zu?~~DD
30 42 31 37 39 39 39 39 39 00 09 4F 31 5A 75 3F   0B1799999~~O1Zu?
13 00 38 44 30 42 31 37 30 39 39 39 39 00 09 4F   ~~8D0B1709999~~O
3F 5A 75 3F 13 00 37 44 30 42 31 20 20 39 39 39   ?Zu?~~7D0B1  999
39 00 00 4B 3F 5A 75 3F 13 00 34 44 30 42 31 20   9~~K?Zu?~~4D0B1 
20 57 43 41 52 00 00 30 18 5A 75 3F 13 00 71 44    WCAR~~0~Zu?~~qD
30 42 31 20 20 50 41 52 54 00 00 39 3F 5A 75 3F   0B1  PART~~9?Zu?
13 00 18 44 30 42 31 38 35 43 4F 4D 46 00 00 32   ~~~D0B185COMF~~2
21 5A 75 3F 13 00 7D 44 30 42 31 37 30 46 4C 42   !Zu?~~}D0B170FLB
43 00 09 50 3F 5A 75 3F 13 00 2D 44 30 42 31 20   C~~P?Zu?~~-D0B1 
20 4D 45 44 44 00 00 4E 3F 5A 75 3F 13 00 32 44    MEDD~~N?Zu?~~2D
30 42 31 37 39 57 47 20 20 00 00 10 3F 5A 75 3F   0B179WG  ~~~?Zu?
13 00 32 44 30 42 31 37 30 4D 45 44 44 00 00 10   ~~2D0B170MEDD~~~
3F 5A 75 3F 13 00 2E 44 30 42 31 34 30 41 44 56   ?Zu?~~.D0B140ADV
20 00 09 50 3F 5A 75 3F 13 00 39 44 30 42 31 20    ~~P?Zu?~~9D0B1 
20 39 39 39 39 00 00 0F 12 5A 75 3F 13 00 44 44    9999~~~~Zu?~~DD
30 42 31 20 20 41 34 20 20 00 09 50 3F 5A 75 3F   0B1  A4  ~~P?Zu?
13 01 3F 44 30 42 31 20 20 42 43 42 53 00 00 10   ~~?D0B1  BCBS~~~
3F 5A 75 3F 13 00 08 44 30 42 32 20 20 4D 45 44   ?Zu?~~~D0B2  MED
44 00 00 4A 3F 5A 75 3F 13 00 30 44 30 42 31 20   D~~J?Zu?~~0D0B1 
20 43 4E 52 58 00 09 4E 3F 5A 75 3F 13 00 6E 44    CNRX~~N?Zu?~~nD
30 42 31 20 20 56 44 5A 20 00 00 10 3F 5A 75 3F   0B1  VDZ ~~~?Zu?
13 00 29 44 30 42 31 36 39 4D 43 41 49 00 09 50   ~~)D0B169MCAI~~P
3F 5A 75 3F 13 00 4E 44 30 42 31 20 20 30 30 36   ?Zu?~~ND0B1  006
03                                                ~