
02 31 35 30 36 37 30 31 36 34 35 43 44 30 36 00   ~1506701645CD06~
00 31 30 54 50 30 30 30 30 5A 58 30 37 57 41 4C   ~10TP0000ZX07WAL
4D 1C 3F 56 33 00 00 02 3F 02 3F 07 3F 00 02 00   M~?V3~~~?~?~?~~~
02 00 0D 00 22 00 1D 00 0C 00 00 00 23 55 3F 3F   ~~~~"~~~~~~~#U??
3F 00 21 00 21 00 00 5E 66 00 00 2D 20 5A 75 3F   ?~!~!~~^f~~- Zu?
47 00 36 44 30 42 31 20 20 20 42 43 54 00 00 10   G~6D0B1   BCT~~~
3F 5A 75 3F 47 00 2A 44 30 42 31 37 39 20 4D 45   ?Zu?G~*D0B179 ME
44 00 09 4E 3F 5A 75 3F 47 00 47 44 30 42 31 20   D~~N?Zu?G~GD0B1 
20 20 49 52 58 00 00 15 01 5A 75 3F 47 00 3F 44     IRX~~~~Zu?G~?D
30 42 31 20 20 20 31 30 30 00 00 2A 3F 5A 75 3F   0B1   100~~*?Zu?
47 00 01 44 30 42 32 20 20 20 43 41 53 00 00 49   G~~D0B2   CAS~~I
3F 5A 75 3F 47 01 44 44 30 42 31 37 36 20 33 46   ?Zu?G~DD0B176 3F
20 00 00 5E 3F 5A 75 3F 47 00 5D 44 30 42 31 38    ~~^?Zu?G~]D0B18
38 20 4F 48 52 00 00 0F 12 5A 75 3F 47 00 2B 44   8 OHR~~~~Zu?G~+D
30 42 32 20 20 20 41 34 20 00 00 10 3F 5A 75 3F   0B2   A4 ~~~?Zu?
47 00 29 44 30 42 32 20 20 20 41 44 56 00 00 0F   G~)D0B2   ADV~~~
12 5A 75 3F 47 00 47 44 30 42 31 20 20 20 41 34   ~Zu?G~GD0B1   A4
20 00 00 3E 21 5A 75 3F 47 00 5C 44 30 42 31 20    ~~>!Zu?G~\D0B1 
20 20 48 4D 4F 00 00 5D 48 5A 75 3F 47 00 13 44     HMO~~]HZu?G~~D
30 42 32 20 20 20 4B 59 50 00 00 49 3F 5A 75 3F   0B2   KYP~~I?Zu?
47 00 3F 44 30 42 32 20 20 20 33 46 20 00 09 4E   G~?D0B2   3F ~~N
3F 5A 75 3F 47 00 39 44 30 42 31 20 20 20 43 54   ?Zu?G~9D0B1   CT
52 00 00 39 3F 5A 75 3F 47 00 19 44 30 45 31 4D   R~~9?Zu?G~~D0E1M
36 20 43 4F 4D 00 00 39 3F 5A 75 3F 47 00 71 44   6 COM~~9?Zu?G~qD
30 45 31 20 20 20 43 4F 4D 00 09 4F 3F 5A 75 3F   0E1   COM~~O?Zu?
47 00 1B 44 30 42 32 20 20 20 39 39 39 00 09 4F   G~~D0B2   999~~O
3F 5A 75 3F 47 00 22 44 30 42 31 20 20 20 39 39   ?Zu?G~"D0B1   99
39 00 00 10 3F 5A 75 3F 47 00 1C 44 30 42 32 20   9~~~?Zu?G~~D0B2 
20 20 41 44 56 00 00 3E 7B 5A 75 3F 47 00 3F 44     ADV~~>{Zu?G~?D
30 42 32 20 20 20 47 44 43 00 00 10 3F 5A 75 3F   0B2   GDC~~~?Zu?
48 00 1F 44 30 42 31 37 35 20 41 44 56 00 00 2A   H~~D0B175 ADV~~*
3F 5A 75 3F 48 00 0F 44 30 42 31 20 20 20 43 41   ?Zu?H~~D0B1   CA
53 00 00 10 3F 5A 75 3F 48 00 2C 44 30 42 31 20   S~~~?Zu?H~,D0B1 
20 20 41 44 56 00 09 4E 3F 5A 75 3F 48 00 3A 44     ADV~~N?Zu?H~:D
30 42 31 20 20 20 49 52 58 00 00 10 3F 5A 75 3F   0B1   IRX~~~?Zu?
48 00 3D 44 30 42 31 20 20 20 41 44 56 00 00 3D   H~=D0B1   ADV~~=
3F 5A 75 3F 48 00 38 44 30 42 31 37 30 20 30 33   ?Zu?H~8D0B170 03
38 00 00 0E 01 5A 75 3F 48 00 18 44 30 42 32 20   8~~~~Zu?H~~D0B2 
20 20 41 53 50 00 00 42 72 5A 75 3F 48 00 44 44     ASP~~BrZu?H~DD
30 42 31 20 20 20 30 32 31 00 00 3E 7B 5A 75 3F   0B1   021~~>{Zu?
48 00 3F 44 30 42 32 20 20 20 47 44 43 00 00 42   H~?D0B2   GDC~~B
72 5A 75 3F 48 00 1A 44 30 42 32 20 20 20 43 49   rZu?H~~D0B2   CI
4D 00 00 3E 7B 5A 75 3F 48 00 3F 44 30 42 31 20   M~~>{Zu?H~?D0B1 
20 20 47 44 43 00 09 50 3F 5A 75 3F 48 00 2C 44     GDC~~P?Zu?H~,D
30 42 31 36 39 20 39 39 39 00 00 0F 12 5A 75 3F   0B169 999~~~~Zu?
48 00 38 44 30 42 31 20 20 20 41 34 20 00 09 51   H~8D0B1   A4 ~~Q
72 5A 75 3F 48 00 3F 44 30 42 32 20 20 20 41 42   rZu?H~?D0B2   AB
41 00 00 10 3F 5A 75 3F 48 00 1A 44 30 42 31 30   A~~~?Zu?H~~D0B10
39 20 41 44 56 00 00 42 72 5A 75 3F 49 00 44 44   9 ADV~~BrZu?I~DD
30 42 31 20 20 20 43 49 4D 00 00 10 3F 5A 75 3F   0B1   CIM~~~?Zu?
49 00 28 44 30 42 31 36 39 20 4D 45 44 00 00 2A   I~(D0B169 MED~~*
3F 5A 75 3F 49 00 12 44 30 42 31 20 20 20 43 41   ?Zu?I~~D0B1   CA
53 00 00 10 3F 5A 75 3F 49 00 35 44 30 42 31 20   S~~~?Zu?I~5D0B1 
20 20 4D 45 44 00 09 52 24 5A 75 3F 49 00 1E 44     MED~~R$Zu?I~~D
30 42 32 20 20 20 43 48 4D 00 00 29 53 5A 75 3F   0B2   CHM~~)SZu?
49 00 4A 44 30 42 31 37 35 20 4F 4B 41 00 00 3C   I~JD0B175 OKA~~<
3F 5A 75 3F 49 00 10 44 30 42 32 20 20 20 30 33   ?Zu?I~~D0B2   03
32 00 00 29 53 5A 75 3F 49 00 15 44 30 42 31 32   2~~)SZu?I~~D0B12
32 20 4F 4B 41 00 09 4F 3F 5A 75 3F 49 00 11 44   2 OKA~~O?Zu?I~~D
30 42 32 20 20 20 39 39 39 00 09 50 3F 5A 75 3F   0B2   999~~P?Zu?
49 00 3F 44 30 42 31 20 20 20 48 4D 48 00 00 2A   I~?D0B1   HMH~~*
3F 5A 75 3F 49 00 06 44 30 42 32 20 20 20 43 41   ?Zu?I~~D0B2   CA
53 00 09 50 3F 5A 75 3F 49 00 39 44 30 42 31 20   S~~P?Zu?I~9D0B1 
20 20 4D 45 44 00 00 2D 20 5A 75 3F 49 00 2C 44     MED~~- Zu?I~,D
30 42 31 4E 31 20 42 43 54 00 00 10 3F 5A 75 3F   0B1N1 BCT~~~?Zu?
4A 00 17 44 30 42 32 20 20 20 4D 45 44 00 00 2A   J~~D0B2   MED~~*
3F 5A 75 3F 4A 00 06 44 30 42 32 20 20 20 43 41   ?Zu?J~~D0B2   CA
53 00 09 4F 3F 5A 75 3F 4A 00 34 44 30 42 31 20   S~~O?Zu?J~4D0B1 
20 20 39 39 39 00 00 10 3F 5A 75 3F 4A 00 13 44     999~~~?Zu?J~~D
30 42 32 20 20 20 4D 45 44 00 00 3C 3F 5A 75 3F   0B2   MED~~<?Zu?
4A 00 2E 44 30 42 31 20 20 20 30 33 32 00 0C 35   J~.D0B1   032~~5
04 5A 75 3F 4A 00 13 44 30 42 32 20 20 20 30 30   ~Zu?J~~D0B2   00
38 00 00 10 3F 5A 75 3F 4A 00 34 44 30 42 31 20   8~~~?Zu?J~4D0B1 
20 20 4D 45 44 00 00 39 3F 5A 75 3F 4A 00 3C 44     MED~~9?Zu?J~<D
30 45 31 20 20 20 43 4F 4D 00 09 4F 31 5A 75 3F   0E1   COM~~O1Zu?
4A 00 33 44 30 42 31 20 20 20 39 39 39 00 09 4E   J~3D0B1   999~~N
3F 5A 75 3F 4A 00 3C 44 30 42 31 20 20 20 48 50   ?Zu?J~<D0B1   HP
48 00 09 4F 31 5A 75 3F 4A 00 28 44 30 42 31 37   H~~O1Zu?J~(D0B17
37 20 39 39 39 00 00 10 3F 5A 75 3F 4A 00 3A 44   7 999~~~?Zu?J~:D
30 42 31 37 30 20 41 44 56 00 00 3E 7B 5A 75 3F   0B170 ADV~~>{Zu?
4A 00 3F 44 30 42 31 20 20 20 47 44 43 00 00 10   J~?D0B1   GDC~~~
3F 5A 75 3F 4A 00 13 44 30 42 32 20 20 20 41 44   ?Zu?J~~D0B2   AD
56 00 09 50 3F 5A 75 3F 4A 00 50 44 30 42 31 20   V~~P?Zu?J~PD0B1 
20 20 4D 43 41 00 00 13 33 5A 75 3F 4A 00 38 44     MCA~~~3Zu?J~8D
30 42 31 20 20 20 20 20 20 00 00 3C 3F 5A 75 3F   0B1      ~~<?Zu?
4A 00 46 44 30 42 31 20 20 20 30 33 32 00 00 39   J~FD0B1   032~~9
3F 5A 75 3F 4A 00 48 44 30 45 31 20 20 20 43 4F   ?Zu?J~HD0E1   CO
4D 00 09 51 21 5A 75 3F 4A 00 16 44 30 42 31 45   M~~Q!Zu?J~~D0B1E
5A 20 53 58 43 00 00 2D 20 5A 75 3F 4A 00 15 44   Z SXC~~- Zu?J~~D
30 42 32 20 20 20 42 43 54 00 00 3A 31 5A 75 3F   0B2   BCT~~:1Zu?
4B 00 2F 44 30 42 31 20 20 20 52 50 44 00 00 2A   K~/D0B1   RPD~~*
3F 5A 75 3F 4B 00 01 44 30 42 32 20 20 20 43 41   ?Zu?K~~D0B2   CA
53 00 00 3E 7B 5A 75 3F 4B 00 3F 44 30 42 31 20   S~~>{Zu?K~?D0B1 
20 20 47 44 43 00 09 4E 3F 5A 75 3F 4B 00 27 44     GDC~~N?Zu?K~'D
30 42 31 20 20 20 54 42 4B 00 00 10 3F 5A 75 3F   0B1   TBK~~~?Zu?
4B 00 47 44 30 42 31 20 20 20 37 37 39 00 09 51   K~GD0B1   779~~Q
3F 5A 75 3F 4B 00 28 44 30 42 32 20 20 20 43 52   ?Zu?K~(D0B2   CR
58 00 00 0F 12 5A 75 3F 4B 00 29 44 30 42 31 20   X~~~~Zu?K~)D0B1 
20 20 4D 41 20 00 09 4E 3F 5A 75 3F 4B 00 26 44     MA ~~N?Zu?K~&D
30 42 31 20 20 20 4D 45 44 00 09 50 3F 5A 75 3F   0B1   MED~~P?Zu?
4B 00 0D 44 30 42 32 20 20 20 4D 45 44 00 00 2A   K~~D0B2   MED~~*
3F 5A 75 3F 4B 00 0B 44 30 42 31 20 20 20 43 41   ?Zu?K~~D0B1   CA
53 00 00 39 3F 5A 75 3F 4B 00 26 44 30 45 31 4D   S~~9?Zu?K~&D0E1M
36 20 43 4F 4D 00 09 4F 3F 5A 75 3F 4B 00 0E 44   6 COM~~O?Zu?K~~D
30 42 32 20 20 20 39 39 39 00 00 10 3F 5A 75 3F   0B2   999~~~?Zu?
4B 00 13 44 30 42 32 20 20 20 4D 45 44 00 09 51   K~~D0B2   MED~~Q
2A 5A 75 3F 4B 00 2C 44 30 42 31 20 20 20 4E 56   *Zu?K~,D0B1   NV
54 00 09 50 3F 5A 75 3F 4B 00 33 44 30 42 31 38   T~~P?Zu?K~3D0B18
30 20 34 34 34 00 00 3C 3F 5A 75 3F 4B 00 51 44   0 444~~<?Zu?K~QD
30 42 31 20 20 20 30 33 32 00 00 10 3F 5A 75 3F   0B1   032~~~?Zu?
4B 00 24 44 30 42 31 20 20 20 41 44 56 00 00 32   K~$D0B1   ADV~~2
21 5A 75 3F 4B 00 3D 44 30 42 31 20 20 20 46 4C   !Zu?K~=D0B1   FL
42 00 09 4E 3F 5A 75 3F 4B 00 30 44 30 42 31 37   B~~N?Zu?K~0D0B17
30 20 49 52 58 00 00 3C 3F 5A 75 3F 4B 00 34 44   0 IRX~~<?Zu?K~4D
30 42 31 20 20 20 30 33 32 00 09 50 3F 5A 75 3F   0B1   032~~P?Zu?
4B 00 2F 44 30 42 31 37 36 20 30 30 36 00 09 4F   K~/D0B176 006~~O
3F 5A 75 3F 4B 00 07 44 30 42 32 20 20 20 46 45   ?Zu?K~~D0B2   FE
50 00 00 3C 3F 5A 75 3F 4B 00 35 44 30 42 31 20   P~~<?Zu?K~5D0B1 
20 20 30 33 32 00 00 4E 3F 5A 75 3F 4B 00 14 44     032~~N?Zu?K~~D
30 42 32 20 20 20 57 47 20 00 00 10 3F 5A 75 3F   0B2   WG ~~~?Zu?
4B 00 14 44 30 42 31 38 38 20 41 44 56 00 00 10   K~~D0B188 ADV~~~
3F 5A 75 3F 4B 00 4A 44 30 42 31 20 20 20 41 44   ?Zu?K~JD0B1   AD
56 00 00 3C 3F 5A 75 3F 4B 00 12 44 30 42 32 20   V~~<?Zu?K~~D0B2 
20 20 30 33 32 00 00 4E 3F 5A 75 3F 4B 00 12 44     032~~N?Zu?K~~D
30 42 32 20 20 20 57 47 20 00 00 3E 7B 5A 75 3F   0B2   WG ~~>{Zu?
4B 00 3F 44 30 42 31 20 20 20 47 44 43 00 00 26   K~?D0B1   GDC~~&
3F 5A 75 3F 4C 00 25 44 30 42 32 20 20 20 52 4F   ?Zu?L~%D0B2   RO
49 00 00 06 11 5A 75 3F 4C 00 1C 44 30 42 31 20   I~~~~Zu?L~~D0B1 
20 20 54 4E 4D 00 00 10 3F 5A 75 3F 4C 00 4F 44     TNM~~~?Zu?L~OD
30 42 31 20 20 20 4D 45 44 00 09 4F 3F 5A 75 3F   0B1   MED~~O?Zu?
4C 00 3E 44 30 42 31 20 20 20 39 39 39 00 09 4E   L~>D0B1   999~~N
3F 5A 75 3F 4C 00 2B 44 30 42 31 37 30 20 49 52   ?Zu?L~+D0B170 IR
58 00 00 10 3F 5A 75 3F 4C 00 08 44 30 42 32 20   X~~~?Zu?L~~D0B2 
20 20 41 44 56 00 00 3E 7B 5A 75 3F 4C 00 3F 44     ADV~~>{Zu?L~?D
30 42 32 20 20 20 47 44 43 00 00 3C 3F 5A 75 3F   0B2   GDC~~<?Zu?
4C 00 2D 44 30 42 31 20 20 20 30 33 32 00 09 4F   L~-D0B1   032~~O
3F 5A 75 3F 4C 00 2F 44 30 42 31 20 20 20 46 45   ?Zu?L~/D0B1   FE
50 00 09 4F 31 5A 75 3F 4C 00 2A 44 30 42 31 20   P~~O1Zu?L~*D0B1 
20 20 39 39 39 00 09 51 2A 5A 75 3F 4C 00 3F 44     999~~Q*Zu?L~?D
30 42 31 20 20 20 45 47 57 00 00 3E 7B 5A 75 3F   0B1   EGW~~>{Zu?
4C 01 0C 44 30 42 31 20 20 20 47 44 43 00 00 3E   L~~D0B1   GDC~~>
7B 5A 75 3F 4C 00 3F 44 30 42 32 20 20 20 47 44   {Zu?L~?D0B2   GD
43 00 09 50 3F 5A 75 3F 4C 00 38 44 30 42 31 20   C~~P?Zu?L~8D0B1 
20 20 39 39 39 00 00 58 3F 5A 75 3F 4C 00 3F 44     999~~X?Zu?L~?D
30 42 31 20 20 20 36 33 33 00 00 3C 3F 5A 75 3F   0B1   633~~<?Zu?
4C 00 39 44 30 42 31 20 20 20 30 33 32 00 00 54   L~9D0B1   032~~T
3F 5A 75 3F 4C 00 1A 44 30 42 31 35 32 20 20 20   ?Zu?L~~D0B152   
20 00 00 0F 12 5A 75 3F 4C 00 1F 44 30 42 31 4D    ~~~~Zu?L~~D0B1M
52 20 41 34 20 00 00 43 7A 5A 75 3F 4C 00 56 44   R A4 ~~CzZu?L~VD
30 42 31 20 20 20 50 44 4D 00 09 4E 3F 5A 75 3F   0B1   PDM~~N?Zu?
4C 00 33 44 30 42 31 20 20 20 49 52 58 00 09 50   L~3D0B1   IRX~~P
3F 5A 75 3F 4C 00 29 44 30 42 31 20 20 20 39 39   ?Zu?L~)D0B1   99
39 00 00 39 3F 5A 75 3F 4C 00 4B 44 30 45 31 20   9~~9?Zu?L~KD0E1 
20 20 43 4F 4D 00 00 10 3F 5A 75 3F 4C 00 2D 44     COM~~~?Zu?L~-D
30 42 31 20 20 20 41 44 56 00 09 4E 3F 5A 75 3F   0B1   ADV~~N?Zu?
4D 00 39 44 30 42 31 37 36 20 54 42 4B 00 00 4E   M~9D0B176 TBK~~N
3F 5A 75 3F 4D 00 10 44 30 42 32 20 20 20 49 52   ?Zu?M~~D0B2   IR
58 00 00 3C 3F 5A 75 3F 4D 00 30 44 30 42 31 20   X~~<?Zu?M~0D0B1 
20 20 30 33 32 00 00 0E 01 5A 75 3F 4D 00 3F 44     032~~~~Zu?M~?D
30 42 31 20 20 20 41 53 50 00 09 50 3F 5A 75 3F   0B1   ASP~~P?Zu?
4D 00 26 44 30 42 31 20 20 20 34 33 30 00 00 2A   M~&D0B1   430~~*
3F 5A 75 3F 4D 00 06 44 30 42 32 20 20 20 43 41   ?Zu?M~~D0B2   CA
53 00 00 42 72 5A 75 3F 4D 00 24 44 30 42 32 20   S~~BrZu?M~$D0B2 
20 20 43 49 4D 00 00 3E 7B 5A 75 3F 4D 00 3F 44     CIM~~>{Zu?M~?D
30 42 32 20 20 20 47 44 43 00 00 3C 3F 5A 75 3F   0B2   GDC~~<?Zu?
4D 00 40 44 30 42 31 20 20 20 30 33 32 00 09 4E   M~@D0B1   032~~N
3F 5A 75 3F 4D 00 23 44 30 42 31 20 20 20 49 52   ?Zu?M~#D0B1   IR
58 00 09 52 24 5A 75 3F 4D 00 21 44 30 42 32 20   X~~R$Zu?M~!D0B2 
20 20 43 48 4D 00 00 3C 3F 5A 75 3F 4D 00 40 44     CHM~~<?Zu?M~@D
30 42 31 20 20 20 30 33 32 00 00 2A 3F 5A 75 3F   0B1   032~~*?Zu?
4D 00 15 44 30 42 31 20 20 20 43 41 53 00 00 06   M~~D0B1   CAS~~~
11 5A 75 3F 4D 00 36 44 30 42 31 37 35 20 54 4E   ~Zu?M~6D0B175 TN
4D 00 00 0E 01 5A 75 3F 4D 00 60 44 30 42 31 20   M~~~~Zu?M~`D0B1 
20 20 41 53 50 00 00 10 3F 5A 75 3F 4D 00 0E 44     ASP~~~?Zu?M~~D
30 42 32 20 20 20 41 44 56 00 09 4E 3F 5A 75 3F   0B2   ADV~~N?Zu?
4D 00 3B 44 30 42 31 20 20 20 54 42 4B 00 00 2A   M~;D0B1   TBK~~*
3F 5A 75 3F 4D 00 01 44 30 42 32 20 20 20 43 41   ?Zu?M~~D0B2   CA
53 00 00 10 3F 5A 75 3F 4D 00 6B 44 30 42 31 47   S~~~?Zu?M~kD0B1G
46 20 54 45 4C 00 00 3C 3F 5A 75 3F 4E 00 77 44   F TEL~~<?Zu?N~wD
30 42 31 20 20 20 30 33 32 00 00 5C 17 5A 75 3F   0B1   032~~\~Zu?
4E 01 1F 44 30 42 31 20 20 20 39 39 39 00 00 3E   N~~D0B1   999~~>
7B 5A 75 3F 4E 00 3F 44 30 42 31 20 20 20 47 44   {Zu?N~?D0B1   GD
43 00 00 10 3F 5A 75 3F 4E 00 2A 44 30 42 31 20   C~~~?Zu?N~*D0B1 
20 20 41 44 56 00 09 4E 3F 5A 75 3F 4E 00 37 44     ADV~~N?Zu?N~7D
30 42 31 20 20 20 49 52 58 00 00 42 72 5A 75 3F   0B1   IRX~~BrZu?
4E 00 16 44 30 42 32 20 20 20 30 32 31 00 00 39   N~~D0B2   021~~9
3F 5A 75 3F 4E 00 76 44 30 45 31 4D 36 20 43 4F   ?Zu?N~vD0E1M6 CO
4D 00 00 3E 7B 5A 75 3F 4E 00 3F 44 30 42 32 20   M~~>{Zu?N~?D0B2 
20 20 47 44 43 00 00 49 3F 5A 75 3F 4E 00 43 44     GDC~~I?Zu?N~CD
30 42 31 20 20 20 50 33 30 00 00 3C 3F 5A 75 3F   0B1   P30~~<?Zu?
4E 00 4A 44 30 42 31 20 20 20 30 33 32 00 00 3C   N~JD0B1   032~~<
3F 5A 75 3F 4E 00 2B 44 30 42 31 35 36 39 30 33   ?Zu?N~+D0B156903
32 00 09 50 3F 5A 75 3F 4E 00 63 44 30 42 31 20   2~~P?Zu?N~cD0B1 
20 20 20 20 20 00 00 39 3F 5A 75 3F 4E 00 5A 44        ~~9?Zu?N~ZD
30 45 31 4D 36 20 43 4F 4D 00 09 4F 31 5A 75 3F   0E1M6 COM~~O1Zu?
4E 00 28 44 30 42 31 20 20 20 39 39 39 00 00 3C   N~(D0B1   999~~<
49 5A 75 3F 4E 00 44 44 30 42 31 20 20 20 53 53   IZu?N~DD0B1   SS
4E 00 00 10 3F 5A 75 3F 4E 00 36 44 30 42 31 20   N~~~?Zu?N~6D0B1 
20 20 37 37 39 00 00 2A 3F 5A 75 3F 4F 00 0E 44     779~~*?Zu?O~~D
30 42 31 20 20 20 43 41 53 00 00 0F 12 5A 75 3F   0B1   CAS~~~~Zu?
4F 00 36 44 30 42 31 20 20 20 41 34 20 00 00 3E   O~6D0B1   A4 ~~>
7B 5A 75 3F 4F 00 3F 44 30 42 32 20 20 20 47 44   {Zu?O~?D0B2   GD
43 00 00 55 41 5A 75 3F 4F 00 7E 44 30 42 31 37   C~~UAZu?O~~D0B17
35 20 49 52 58 00 00 10 3F 5A 75 3F 4F 00 2A 44   5 IRX~~~?Zu?O~*D
30 42 31 20 20 20 41 44 56 00 00 58 3F 5A 75 3F   0B1   ADV~~X?Zu?
4F 00 3F 44 30 42 31 20 20 20 36 33 33 00 00 3E   O~?D0B1   633~~>
7B 5A 75 3F 4F 00 3F 44 30 42 31 20 20 20 47 44   {Zu?O~?D0B1   GD
43 00 09 4E 3F 5A 75 3F 4F 00 26 44 30 42 31 37   C~~N?Zu?O~&D0B17
39 20 4D 45 44 00 00 3C 3F 5A 75 3F 4F 00 17 44   9 MED~~<?Zu?O~~D
30 42 32 20 20 20 30 33 32 00 09 4E 3F 5A 75 3F   0B2   032~~N?Zu?
4F 00 0A 44 30 42 32 20 20 20 49 52 58 00 00 3C   O~~D0B2   IRX~~<
3F 5A 75 3F 4F 00 36 44 30 42 31 20 20 20 30 33   ?Zu?O~6D0B1   03
32 00 09 4E 3F 5A 75 3F 4F 00 25 44 30 42 31 20   2~~N?Zu?O~%D0B1 
20 20 49 52 58 00 09 50 3F 5A 75 3F 4F 00 47 44     IRX~~P?Zu?O~GD
30 42 32 20 20 20 45 4E 45 00 09 4F 3F 5A 75 3F   0B2   ENE~~O?Zu?
50 00 25 44 30 42 31 20 20 20 39 39 39 00 00 10   P~%D0B1   999~~~
3F 5A 75 3F 50 00 2E 44 30 42 31 20 20 20 4D 45   ?Zu?P~.D0B1   ME
44 00 00 3E 7B 5A 75 3F 50 00 3F 44 30 42 31 20   D~~>{Zu?P~?D0B1 
20 20 47 44 43 00 00 10 3F 5A 75 3F 50 00 0F 44     GDC~~~?Zu?P~~D
30 42 32 20 20 20 41 44 56 00 00 10 3F 5A 75 3F   0B2   ADV~~~?Zu?
50 00 30 44 30 42 31 57 45 20 54 45 4C 00 09 4F   P~0D0B1WE TEL~~O
3F 5A 75 3F 50 00 34 44 30 42 31 37 36 20 39 39   ?Zu?P~4D0B176 99
39 00 00 10 3F 5A 75 3F 50 00 3E 44 30 42 31 20   9~~~?Zu?P~>D0B1 
20 20 41 44 56 00 00 42 72 5A 75 3F 50 00 2D 44     ADV~~BrZu?P~-D
30 42 31 20 20 20 43 49 4D 00 00 10 3F 5A 75 3F   0B1   CIM~~~?Zu?
50 00 28 44 30 42 31 34 31 20 4D 45 44 00 00 42   P~(D0B141 MED~~B
72 5A 75 3F 50 00 10 44 30 42 32 20 20 20 43 49   rZu?P~~D0B2   CI
4D 00 00 2A 3F 5A 75 3F 50 00 12 44 30 42 31 20   M~~*?Zu?P~~D0B1 
20 20 43 41 53 00 09 4F 31 5A 75 3F 50 00 34 44     CAS~~O1Zu?P~4D
30 42 31 20 20 20 39 39 39 00 09 4F 3F 5A 75 3F   0B1   999~~O?Zu?
50 00 26 44 30 42 31 20 20 20 39 39 39 00 0C 35   P~&D0B1   999~~5
04 5A 75 3F 50 00 3F 44 30 42 31 20 20 20 30 30   ~Zu?P~?D0B1   00
38 00 09 4F 31 5A 75 3F 50 00 29 44 30 42 31 37   8~~O1Zu?P~)D0B17
30 20 39 39 39 00 00 49 3F 5A 75 3F 50 00 2B 44   0 999~~I?Zu?P~+D
30 42 31 37 35 20 50 33 30 00 00 0F 12 5A 75 3F   0B175 P30~~~~Zu?
50 00 1E 44 30 42 31 37 30 20 41 34 20 00 00 39   P~~D0B170 A4 ~~9
3F 5A 75 3F 50 00 36 44 30 45 31 20 20 20 43 4F   ?Zu?P~6D0E1   CO
4D 00 09 50 3F 5A 75 3F 50 00 2F 44 30 42 31 20   M~~P?Zu?P~/D0B1 
20 20 50 41 52 00 00 3A 31 5A 75 3F 50 00 2E 44     PAR~~:1Zu?P~.D
30 42 31 20 20 20 4D 42 47 00 00 2A 3F 5A 75 3F   0B1   MBG~~*?Zu?
51 00 0B 44 30 42 31 20 20 20 43 41 53 00 09 4E   Q~~D0B1   CAS~~N
3F 5A 75 3F 51 00 32 44 30 42 31 37 35 20 49 52   ?Zu?Q~2D0B175 IR
58 00 00 4E 3F 5A 75 3F 51 00 12 44 30 42 31 38   X~~N?Zu?Q~~D0B18
38 20 57 47 20 00 00 4E 3F 5A 75 3F 51 00 1F 44   8 WG ~~N?Zu?Q~~D
30 42 31 37 39 20 49 4E 20 00 00 3E 7B 5A 75 3F   0B179 IN ~~>{Zu?
51 00 3F 44 30 42 32 20 20 20 47 44 43 00 00 3E   Q~?D0B2   GDC~~>
7B 5A 75 3F 51 00 3F 44 30 42 32 20 20 20 47 44   {Zu?Q~?D0B2   GD
43 00 00 10 3F 5A 75 3F 51 00 12 44 30 42 32 20   C~~~?Zu?Q~~D0B2 
20 20 41 44 56 00 00 61 38 5A 75 3F 51 00 3C 44     ADV~~a8Zu?Q~<D
30 42 31 36 30 20 36 38 33 00 00 10 3F 5A 75 3F   0B160 683~~~?Zu?
51 00 24 44 30 42 31 20 20 20 41 44 56 00 09 4F   Q~$D0B1   ADV~~O
3F 5A 75 3F 51 00 3E 44 30 42 31 20 20 20 39 39   ?Zu?Q~>D0B1   99
39 00 00 4E 3F 5A 75 3F 51 00 41 44 30 42 31 20   9~~N?Zu?Q~AD0B1 
20 20 57 47 20 00 09 50 3F 5A 75 3F 51 00 39 44     WG ~~P?Zu?Q~9D
30 42 31 20 20 20 30 30 36 00 00 3E 7B 5A 75 3F   0B1   006~~>{Zu?
51 00 3F 44 30 42 31 20 20 20 47 44 43 00 09 4F   Q~?D0B1   GDC~~O
3F 5A 75 3F 51 00 45 44 30 42 31 20 20 20 39 39   ?Zu?Q~ED0B1   99
39 00 00 10 3F 5A 75 3F 51 00 11 44 30 42 32 20   9~~~?Zu?Q~~D0B2 
20 20 41 44 56 00 00 58 3F 5A 75 3F 51 00 3F 44     ADV~~X?Zu?Q~?D
30 42 31 20 20 20 36 33 33 00 00 3E 7B 5A 75 3F   0B1   633~~>{Zu?
51 00 3F 44 30 42 31 20 20 20 47 44 43 00 00 4E   Q~?D0B1   GDC~~N
3F 5A 75 3F 51 00 2A 44 30 42 31 20 20 20 49 53   ?Zu?Q~*D0B1   IS
20 00 00 42 72 5A 75 3F 52 00 14 44 30 42 32 20    ~~BrZu?R~~D0B2 
20 20 43 49 4D 00 00 10 3F 5A 75 3F 52 00 33 44     CIM~~~?Zu?R~3D
30 42 31 20 20 20 41 44 56 00 00 39 3F 5A 75 3F   0B1   ADV~~9?Zu?
52 00 11 44 30 45 31 20 20 20 43 4F 4D 00 00 2A   R~~D0E1   COM~~*
3F 5A 75 3F 52 00 05 44 30 42 32 20 20 20 43 41   ?Zu?R~~D0B2   CA
53 00 00 0F 3F 5A 75 3F 52 00 45 44 30 42 31 20   S~~~?Zu?R~ED0B1 
20 20 34 33 2D 00 09 4F 31 5A 75 3F 52 00 44 44     43-~~O1Zu?R~DD
30 42 31 20 20 20 39 39 39 00 00 0F 12 5A 75 3F   0B1   999~~~~Zu?
52 00 36 44 30 42 31 38 38 20 4D 44 20 00 09 4E   R~6D0B188 MD ~~N
3F 5A 75 3F 52 00 38 44 30 42 31 37 30 20 49 52   ?Zu?R~8D0B170 IR
58 00 00 10 3F 5A 75 3F 52 00 2B 44 30 42 31 37   X~~~?Zu?R~+D0B17
39 20 41 44 56 00 09 4E 3F 5A 75 3F 52 00 25 44   9 ADV~~N?Zu?R~%D
30 42 31 37 30 20 49 52 58 00 00 10 3F 5A 75 3F   0B170 IRX~~~?Zu?
52 00 09 44 30 42 32 20 20 20 4D 45 44 00 00 2A   R~~D0B2   MED~~*
3F 5A 75 3F 52 00 01 44 30 42 32 20 20 20 43 41   ?Zu?R~~D0B2   CA
53 00 09 50 3F 5A 75 3F 52 00 0F 44 30 42 32 20   S~~P?Zu?R~~D0B2 
20 20 4D 45 44 00 00 49 3F 5A 75 3F 52 00 5A 44     MED~~I?Zu?R~ZD
30 42 31 20 20 20 50 33 30 00 00 0F 3F 5A 75 3F   0B1   P30~~~?Zu?
52 00 59 44 30 42 31 20 20 20 34 33 2D 00 00 0F   R~YD0B1   43-~~~
12 5A 75 3F 52 00 2E 44 30 42 31 34 30 20 41 34   ~Zu?R~.D0B140 A4
20 00 00 2A 3F 5A 75 3F 52 00 01 44 30 42 32 20    ~~*?Zu?R~~D0B2 
20 20 43 41 53 00 09 50 3F 5A 75 3F 52 00 2F 44     CAS~~P?Zu?R~/D
30 42 31 20 20 20 20 20 20 00 00 3C 3F 5A 75 3F   0B1      ~~<?Zu?
53 00 43 44 30 42 31 20 20 20 30 33 32 00 00 0F   S~CD0B1   032~~~
12 5A 75 3F 53 00 2A 44 30 42 31 20 20 20 41 34   ~Zu?S~*D0B1   A4
20 00 00 3C 3F 5A 75 3F 53 00 3B 44 30 42 31 20    ~~<?Zu?S~;D0B1 
20 20 30 35 34 00 00 0E 01 5A 75 3F 53 00 45 44     054~~~~Zu?S~ED
30 42 31 20 20 20 33 38 30 00 00 42 72 5A 75 3F   0B1   380~~BrZu?
53 00 0F 44 30 42 32 20 20 20 30 35 31 00 00 2D   S~~D0B2   051~~-
20 5A 75 3F 53 00 55 44 30 42 31 20 20 20 42 43    Zu?S~UD0B1   BC
54 00 00 10 3F 5A 75 3F 53 00 16 44 30 42 31 31   T~~~?Zu?S~~D0B11
39 20 41 44 56 00 09 50 3F 5A 75 3F 53 00 2E 44   9 ADV~~P?Zu?S~.D
30 42 31 37 30 20 30 30 36 00 00 10 3F 5A 75 3F   0B170 006~~~?Zu?
53 00 22 44 30 42 31 38 38 20 41 44 56 00 09 4F   S~"D0B188 ADV~~O
4F 5A 75 3F 53 00 28 44 30 42 31 20 20 20 30 31   OZu?S~(D0B1   01
39 00 00 4E 3F 5A 75 3F 53 00 12 44 30 42 32 20   9~~N?Zu?S~~D0B2 
20 20 49 53 20 00 00 26 3F 5A 75 3F 53 00 1D 44     IS ~~&?Zu?S~~D
30 42 31 36 39 20 52 4F 49 00 00 10 3F 5A 75 3F   0B169 ROI~~~?Zu?
53 00 16 44 30 42 32 20 20 20 41 44 56 00 00 3E   S~~D0B2   ADV~~>
7B 5A 75 3F 53 00 3F 44 30 42 31 20 20 20 47 44   {Zu?S~?D0B1   GD
43 00 09 50 3F 5A 75 3F 53 00 3F 44 30 42 31 20   C~~P?Zu?S~?D0B1 
20 20 48 4D 42 00 00 10 3F 5A 75 3F 53 00 2C 44     HMB~~~?Zu?S~,D
30 42 31 20 20 20 41 44 56 00 00 10 3F 5A 75 3F   0B1   ADV~~~?Zu?
53 00 3F 44 30 42 31 20 20 20 41 44 56 00 00 0F   S~?D0B1   ADV~~~
12 5A 75 3F 54 00 29 44 30 42 31 20 20 20 4D 41   ~Zu?T~)D0B1   MA
20 00 00 2D 20 5A 75 3F 54 00 45 44 30 42 31 20    ~~- Zu?T~ED0B1 
20 20 42 43 54 00 00 2A 3F 5A 75 3F 54 00 01 44     BCT~~*?Zu?T~~D
30 42 32 20 20 20 43 41 53 00 00 2A 3F 5A 75 3F   0B2   CAS~~*?Zu?
54 00 0D 44 30 42 31 20 20 20 43 41 53 00 00 10   T~~D0B1   CAS~~~
3F 5A 75 3F 54 00 34 44 30 42 31 35 32 20 54 45   ?Zu?T~4D0B152 TE
4C 00 00 0F 12 5A 75 3F 54 00 27 44 30 42 31 20   L~~~~Zu?T~'D0B1 
20 20 4D 44 20 00 00 49 3F 5A 75 3F 54 00 3F 44     MD ~~I?Zu?T~?D
30 42 31 34 31 20 33 46 20 00 09 4F 31 5A 75 3F   0B141 3F ~~O1Zu?
54 00 2E 44 30 42 31 20 20 20 39 39 39 00 09 51   T~.D0B1   999~~Q
21 5A 75 3F 54 00 21 44 30 42 31 38 38 20 4D 48   !Zu?T~!D0B188 MH
50 00 09 51 1F 5A 75 3F 54 00 24 44 30 42 31 20   P~~Q~Zu?T~$D0B1 
20 20 41 44 56 00 00 24 3F 5A 75 3F 54 00 50 44     ADV~~$?Zu?T~PD
30 42 31 20 20 20 20 20 20 00 09 4F 31 5A 75 3F   0B1      ~~O1Zu?
54 00 12 44 30 42 32 20 20 20 39 39 39 00 00 3C   T~~D0B2   999~~<
3F 5A 75 3F 54 00 4F 44 30 42 31 20 20 20 30 33   ?Zu?T~OD0B1   03
32 00 00 0F 12 5A 75 3F 54 00 29 44 30 42 31 37   2~~~~Zu?T~)D0B17
39 20 41 34 20 00 00 10 3F 5A 75 3F 54 00 31 44   9 A4 ~~~?Zu?T~1D
30 42 31 20 20 20 4D 45 44 00 00 0E 01 5A 75 3F   0B1   MED~~~~Zu?
54 00 3F 44 30 42 31 20 20 20 41 53 50 00 00 2A   T~?D0B1   ASP~~*
3F 5A 75 3F 54 00 13 44 30 42 31 20 20 20 43 41   ?Zu?T~~D0B1   CA
53 00 09 51 21 5A 75 3F 54 00 27 44 30 42 31 20   S~~Q!Zu?T~'D0B1 
20 20 56 41 20 00 09 50 3F 5A 75 3F 54 04 20 44     VA ~~P?Zu?T~ D
30 42 31 20 20 20 20 20 20 00 09 50 3F 5A 75 3F   0B1      ~~P?Zu?
54 00 2F 44 30 42 31 20 20 20 4D 45 44 00 09 51   T~/D0B1   MED~~Q
3F 5A 75 3F 54 00 38 44 30 42 31 20 20 20 30 32   ?Zu?T~8D0B1   02
31 00 00 3C 3F 5A 75 3F 54 00 39 44 30 42 31 20   1~~<?Zu?T~9D0B1 
20 20 30 33 32 00 00 3E 7B 5A 75 3F 55 00 3F 44     032~~>{Zu?U~?D
30 42 32 20 20 20 47 44 43 00 00 3C 3F 5A 75 3F   0B2   GDC~~<?Zu?
55 00 37 44 30 42 31 20 20 20 30 33 32 00 00 10   U~7D0B1   032~~~
3F 5A 75 3F 55 00 3F 44 30 42 31 20 20 20 54 45   ?Zu?U~?D0B1   TE
4C 00 00 10 3F 5A 75 3F 55 00 2A 44 30 42 31 20   L~~~?Zu?U~*D0B1 
20 20 41 44 56 00 00 10 3F 5A 75 3F 55 00 22 44     ADV~~~?Zu?U~"D
30 42 31 36 39 20 4D 45 44 00 09 50 3F 5A 75 3F   0B169 MED~~P?Zu?
55 00 3F 44 30 42 31 37 35 20 48 4D 48 00 00 2A   U~?D0B175 HMH~~*
3F 5A 75 3F 55 00 0C 44 30 42 31 20 20 20 43 41   ?Zu?U~~D0B1   CA
53 00 00 08 3F 5A 75 3F 55 00 67 44 30 42 31 20   S~~~?Zu?U~gD0B1 
20 20 30 30 30 00 09 50 3F 5A 75 3F 55 00 33 44     000~~P?Zu?U~3D
30 42 31 38 38 20 34 39 34 00 00 2A 3F 5A 75 3F   0B188 494~~*?Zu?
55 00 11 44 30 42 31 20 20 20 43 41 53 00 00 3E   U~~D0B1   CAS~~>
7B 5A 75 3F 55 00 3F 44 30 42 31 20 20 20 47 44   {Zu?U~?D0B1   GD
43 00 09 4F 31 5A 75 3F 55 00 0B 44 30 42 32 20   C~~O1Zu?U~~D0B2 
20 20 39 39 39 00 00 4E 3F 5A 75 3F 55 00 08 44     999~~N?Zu?U~~D
30 42 32 20 20 20 49 53 20 00 09 51 2E 5A 75 3F   0B2   IS ~~Q.Zu?
55 00 2B 44 30 42 32 20 20 20 48 4D 43 00 00 3C   U~+D0B2   HMC~~<
3F 5A 75 3F 55 00 3B 44 30 42 31 20 20 20 30 33   ?Zu?U~;D0B1   03
32 00 09 51 59 5A 75 3F 55 00 21 44 30 42 31 35   2~~QYZu?U~!D0B15
34 20 30 33 31 00 09 50 3F 5A 75 3F 55 00 36 44   4 031~~P?Zu?U~6D
30 42 32 20 20 20 30 30 36 00 00 2A 3F 5A 75 3F   0B2   006~~*?Zu?
55 00 10 44 30 42 31 20 20 20 43 41 53 00 00 49   U~~D0B1   CAS~~I
3F 5A 75 3F 55 00 46 44 30 42 31 20 20 20 50 33   ?Zu?U~FD0B1   P3
30 00 00 10 3F 5A 75 3F 55 00 2A 44 30 42 31 20   0~~~?Zu?U~*D0B1 
20 20 41 44 56 00 00 3C 3F 5A 75 3F 55 00 2B 44     ADV~~<?Zu?U~+D
30 42 31 20 20 20 30 33 32 00 00 61 38 5A 75 3F   0B1   032~~a8Zu?
55 00 2D 44 30 42 31 37 36 20 36 38 33 00 00 10   U~-D0B176 683~~~
3F 5A 75 3F 55 00 13 44 30 42 32 20 20 20 41 44   ?Zu?U~~D0B2   AD
56 00 00 0F 3F 5A 75 3F 55 00 20 44 30 42 31 34   V~~~?Zu?U~ D0B14
31 20 34 33 2D 00 00 0F 3F 5A 75 3F 55 00 47 44   1 43-~~~?Zu?U~GD
30 42 31 37 35 20 34 33 2D 00 00 30 39 5A 75 3F   0B175 43-~~09Zu?
56 00 37 44 30 42 31 20 20 20 50 30 32 00 00 3C   V~7D0B1   P02~~<
3F 5A 75 3F 56 00 46 44 30 42 31 20 20 20 30 33   ?Zu?V~FD0B1   03
32 00 00 3E 7B 5A 75 3F 56 00 3F 44 30 42 31 20   2~~>{Zu?V~?D0B1 
20 20 47 44 43 00 00 0F 12 5A 75 3F 56 00 46 44     GDC~~~~Zu?V~FD
30 42 31 20 20 20 41 34 20 00 00 10 3F 5A 75 3F   0B1   A4 ~~~?Zu?
56 00 31 44 30 42 31 20 20 20 4D 43 41 00 09 51   V~1D0B1   MCA~~Q
1F 5A 75 3F 56 00 23 44 30 42 31 20 20 20 41 44   ~Zu?V~#D0B1   AD
56 00 00 3A 10 5A 75 3F 56 00 3F 44 30 42 31 20   V~~:~Zu?V~?D0B1 
20 20 50 30 34 00 00 10 3F 5A 75 3F 56 00 30 44     P04~~~?Zu?V~0D
30 42 31 20 20 20 4D 45 44 00 00 5D 48 5A 75 3F   0B1   MED~~]HZu?
56 00 6F 44 30 42 31 37 35 20 4B 59 50 00 00 2A   V~oD0B175 KYP~~*
3F 5A 75 3F 56 00 18 44 30 42 31 37 30 20 48 52   ?Zu?V~~D0B170 HR
53 00 09 4E 3F 5A 75 3F 56 00 30 44 30 42 31 20   S~~N?Zu?V~0D0B1 
20 20 49 52 58 00 00 10 3F 5A 75 3F 56 00 13 44     IRX~~~?Zu?V~~D
30 42 32 20 20 20 4D 45 44 00 00 0F 12 5A 75 3F   0B2   MED~~~~Zu?
56 00 31 44 30 42 31 37 35 20 41 34 20 00 00 06   V~1D0B175 A4 ~~~
11 5A 75 3F 56 00 09 44 30 42 32 20 20 20 54 4E   ~Zu?V~~D0B2   TN
4D 00 00 4E 3F 5A 75 3F 56 00 11 44 30 42 32 20   M~~N?Zu?V~~D0B2 
20 20 41 43 20 00 00 3C 3F 5A 75 3F 56 00 13 44     AC ~~<?Zu?V~~D
30 42 32 20 20 20 30 33 32 00 09 50 4A 5A 75 3F   0B2   032~~PJZu?
56 00 2D 44 30 42 32 20 20 20 53 43 31 00 09 50   V~-D0B2   SC1~~P
3F 5A 75 3F 56 00 30 44 30 42 31 20 20 20 4D 45   ?Zu?V~0D0B1   ME
44 00 09 4E 3F 5A 75 3F 56 00 10 44 30 42 31 38   D~~N?Zu?V~~D0B18
38 20 49 52 58 00 09 50 3F 5A 75 3F 56 00 7E 44   8 IRX~~P?Zu?V~~D
30 42 31 20 20 20 20 20 20 00 00 42 72 5A 75 3F   0B1      ~~BrZu?
56 00 30 44 30 42 31 4D 52 20 43 49 4D 00 00 47   V~0D0B1MR CIM~~G
38 5A 75 3F 56 00 2B 44 30 42 31 37 39 20 50 42   8Zu?V~+D0B179 PB
4D 00 00 47 38 5A 75 3F 56 00 22 44 30 42 31 37   M~~G8Zu?V~"D0B17
36 20 50 42 4D 00 00 3E 7B 5A 75 3F 56 00 3F 44   6 PBM~~>{Zu?V~?D
30 42 31 20 20 20 47 44 43 00 00 3E 7B 5A 75 3F   0B1   GDC~~>{Zu?
56 00 3F 44 30 42 31 20 20 20 47 44 43 00 09 50   V~?D0B1   GDC~~P
0B 5A 75 3F 57 00 7D 44 30 42 31 20 20 20 52 58   ~Zu?W~}D0B1   RX
41 00 00 0E 01 5A 75 3F 57 00 3F 44 30 42 31 20   A~~~~Zu?W~?D0B1 
20 20 32 38 39 00 09 4F 31 5A 75 3F 57 00 17 44     289~~O1Zu?W~~D
30 42 32 20 20 20 39 39 39 00 00 10 3F 5A 75 3F   0B2   999~~~?Zu?
57 00 26 44 30 42 31 20 20 20 4D 45 44 00 00 10   W~&D0B1   MED~~~
3F 5A 75 3F 57 00 26 44 30 42 31 20 20 20 41 44   ?Zu?W~&D0B1   AD
56 00 09 4F 31 5A 75 3F 57 00 2B 44 30 42 31 20   V~~O1Zu?W~+D0B1 
20 20 39 39 39 00 09 4F 3F 5A 75 3F 57 00 2A 44     999~~O?Zu?W~*D
30 42 31 20 20 20 39 39 39 00 00 49 3F 5A 75 3F   0B1   999~~I?Zu?
57 00 3F 44 30 42 31 30 39 20 33 46 20 00 09 4E   W~?D0B109 3F ~~N
3F 5A 75 3F 57 00 3B 44 30 42 32 20 20 20 49 52   ?Zu?W~;D0B2   IR
58 00 00 4E 3F 5A 75 3F 57 00 34 44 30 42 31 20   X~~N?Zu?W~4D0B1 
20 20 49 53 20 00 00 49 3F 5A 75 3F 57 01 38 44     IS ~~I?Zu?W~8D
30 42 31 34 31 20 33 46 20 00 09 4E 3F 5A 75 3F   0B141 3F ~~N?Zu?
57 00 1F 44 30 42 31 41 35 20 4D 45 44 00 00 4E   W~~D0B1A5 MED~~N
3F 5A 75 3F 57 00 34 44 30 42 31 20 20 20 46 4D   ?Zu?W~4D0B1   FM
20 00 09 4E 3F 5A 75 3F 57 00 23 44 30 42 31 20    ~~N?Zu?W~#D0B1 
20 20 54 42 4B 00 00 0F 12 5A 75 3F 57 00 1A 44     TBK~~~~Zu?W~~D
30 42 31 36 39 20 41 34 20 00 09 4F 31 5A 75 3F   0B169 A4 ~~O1Zu?
57 00 0C 44 30 42 32 20 20 20 39 39 39 00 00 10   W~~D0B2   999~~~
3F 5A 75 3F 57 00 37 44 30 42 31 37 36 20 41 44   ?Zu?W~7D0B176 AD
56 00 00 58 3F 5A 75 3F 57 00 5D 44 30 42 31 20   V~~X?Zu?W~]D0B1 
20 20 36 33 33 00 00 58 3F 5A 75 3F 57 00 3F 44     633~~X?Zu?W~?D
30 42 31 20 20 20 36 33 33 00 00 10 3F 5A 75 3F   0B1   633~~~?Zu?
57 00 10 44 30 42 32 20 20 20 41 44 56 00 00 2A   W~~D0B2   ADV~~*
3F 5A 75 3F 57 00 06 44 30 42 32 20 20 20 43 41   ?Zu?W~~D0B2   CA
53 00 09 4E 3F 5A 75 3F 57 00 2D 44 30 42 31 20   S~~N?Zu?W~-D0B1 
20 20 4D 45 44 00 00 3C 3F 5A 75 3F 57 00 40 44     MED~~<?Zu?W~@D
30 42 31 20 20 20 30 33 32 00 00 3E 7B 5A 75 3F   0B1   032~~>{Zu?
57 01 1C 44 30 42 31 20 20 20 47 44 43 00 00 10   W~~D0B1   GDC~~~
3F 5A 75 3F 57 00 1F 44 30 42 31 37 30 20 41 44   ?Zu?W~~D0B170 AD
56 00 00 4E 3F 5A 75 3F 57 00 2D 44 30 42 31 20   V~~N?Zu?W~-D0B1 
20 20 46 47 20 00 00 58 3F 5A 75 3F 57 00 17 44     FG ~~X?Zu?W~~D
30 42 32 20 20 20 36 33 33 00 00 3C 3F 5A 75 3F   0B2   633~~<?Zu?
57 00 39 44 30 42 31 20 20 20 30 33 32 00 00 4E   W~9D0B1   032~~N
3F 5A 75 3F 57 00 40 44 30 42 31 20 20 20 41 43   ?Zu?W~@D0B1   AC
20 00 09 51 2A 5A 75 3F 57 00 40 44 30 42 31 20    ~~Q*Zu?W~@D0B1 
20 20 35 31 30 00 00 3E 7B 5A 75 3F 58 00 3F 44     510~~>{Zu?X~?D
30 42 31 20 20 20 47 44 43 00 09 4F 3F 5A 75 3F   0B1   GDC~~O?Zu?
58 00 2B 44 30 42 31 36 30 38 39 39 39 00 00 3E   X~+D0B1608999~~>
7B 5A 75 3F 58 00 3F 44 30 42 31 20 20 20 47 44   {Zu?X~?D0B1   GD
43 00 00 10 3F 5A 75 3F 58 00 2D 44 30 42 31 20   C~~~?Zu?X~-D0B1 
20 20 4D 43 41 00 00 58 3F 5A 75 3F 58 00 59 44     MCA~~X?Zu?X~YD
30 42 31 38 38 20 36 33 33 00 00 3E 7B 5A 75 3F   0B188 633~~>{Zu?
58 00 3F 44 30 42 32 20 20 20 47 44 43 00 00 10   X~?D0B2   GDC~~~
3F 5A 75 3F 58 00 46 44 30 42 31 20 20 20 41 44   ?Zu?X~FD0B1   AD
56 00 00 3E 7B 5A 75 3F 58 00 3F 44 30 42 32 20   V~~>{Zu?X~?D0B2 
20 20 47 44 43 00 09 4F 3F 5A 75 3F 58 00 20 44     GDC~~O?Zu?X~ D
30 42 32 20 20 20 50 52 58 00 00 0F 12 5A 75 3F   0B2   PRX~~~~Zu?
58 00 22 44 30 42 31 20 20 20 4D 41 20 00 09 29   X~"D0B1   MA ~~)
6A 5A 75 3F 58 00 3F 44 30 42 31 20 20 20 35 34   jZu?X~?D0B1   54
20 00 09 51 3F 5A 75 3F 58 00 0A 44 30 42 31 32    ~~Q?Zu?X~~D0B12
35 20 43 52 58 00 09 50 3F 5A 75 3F 58 00 2E 44   5 CRX~~P?Zu?X~.D
30 42 31 20 20 20 4D 45 44 00 09 51 3F 5A 75 3F   0B1   MED~~Q?Zu?
58 00 16 44 30 42 31 32 35 20 43 52 58 00 09 50   X~~D0B125 CRX~~P
3F 5A 75 3F 58 00 2B 44 30 42 31 20 20 20 39 39   ?Zu?X~+D0B1   99
39 00 00 3C 3F 5A 75 3F 58 00 36 44 30 42 31 35   9~~<?Zu?X~6D0B15
36 39 30 33 32 00 09 51 2A 5A 75 3F 58 00 40 44   69032~~Q*Zu?X~@D
30 42 31 20 20 20 35 31 30 00 09 4E 3F 5A 75 3F   0B1   510~~N?Zu?
58 00 28 44 30 42 31 20 20 20 49 52 58 00 00 0F   X~(D0B1   IRX~~~
12 5A 75 3F 59 00 12 44 30 42 32 20 20 20 4D 44   ~Zu?Y~~D0B2   MD
20 00 00 3E 7B 5A 75 3F 59 00 3F 44 30 42 31 20    ~~>{Zu?Y~?D0B1 
20 20 47 44 43 00 00 2D 20 5A 75 3F 59 00 44 44     GDC~~- Zu?Y~DD
30 42 31 20 20 20 42 43 54 00 09 4F 31 5A 75 3F   0B1   BCT~~O1Zu?
59 00 3F 44 30 42 31 37 39 20 39 39 39 00 09 4E   Y~?D0B179 999~~N
3F 5A 75 3F 59 00 3A 44 30 42 31 20 20 20 41 34   ?Zu?Y~:D0B1   A4
20 00 09 4F 3F 5A 75 3F 59 00 1D 44 30 42 31 32    ~~O?Zu?Y~~D0B12
31 20 46 45 50 00 00 58 3F 5A 75 3F 59 00 3F 44   1 FEP~~X?Zu?Y~?D
30 42 31 38 33 20 36 33 33 00 00 10 3F 5A 75 3F   0B183 633~~~?Zu?
59 00 21 44 30 42 31 32 31 20 37 37 39 00 00 3C   Y~!D0B121 779~~<
3F 5A 75 3F 59 00 2D 44 30 42 31 37 39 20 30 33   ?Zu?Y~-D0B179 03
32 00 00 4E 3F 5A 75 3F 59 00 37 44 30 42 31 20   2~~N?Zu?Y~7D0B1 
20 20 49 53 20 00 00 4E 3F 5A 75 3F 59 00 32 44     IS ~~N?Zu?Y~2D
30 42 31 37 39 20 43 53 20 00 09 50 3F 5A 75 3F   0B179 CS ~~P?Zu?
59 00 35 44 30 42 31 20 20 20 34 31 30 00 00 29   Y~5D0B1   410~~)
53 5A 75 3F 59 00 34 44 30 42 31 37 37 20 4F 4B   SZu?Y~4D0B177 OK
41 00 00 3E 7B 5A 75 3F 59 00 3F 44 30 42 31 20   A~~>{Zu?Y~?D0B1 
20 20 47 44 43 00 09 50 3F 5A 75 3F 59 00 34 44     GDC~~P?Zu?Y~4D
30 42 31 37 35 20 34 34 34 00 00 06 11 5A 75 3F   0B175 444~~~~Zu?
59 00 22 44 30 42 31 20 20 20 54 4E 4D 00 00 42   Y~"D0B1   TNM~~B
72 5A 75 3F 59 00 34 44 30 42 31 37 39 20 43 49   rZu?Y~4D0B179 CI
4D 00 00 2D 20 5A 75 3F 5A 00 36 44 30 42 31 20   M~~- Zu?Z~6D0B1 
20 20 31 32 31 00 00 10 3F 5A 75 3F 5A 00 14 44     121~~~?Zu?Z~~D
30 42 32 20 20 20 41 44 56 00 00 10 3F 5A 75 3F   0B2   ADV~~~?Zu?
5A 00 14 44 30 42 32 20 20 20 41 44 56 00 09 50   Z~~D0B2   ADV~~P
3F 5A 75 3F 5A 00 3E 44 30 42 31 20 20 20 34 39   ?Zu?Z~>D0B1   49
34 00 00 30 18 5A 75 3F 5A 00 25 44 30 42 31 36   4~~0~Zu?Z~%D0B16
35 20 50 41 52 00 09 4E 3F 5A 75 3F 5A 00 22 44   5 PAR~~N?Zu?Z~"D
30 42 31 20 20 20 43 4F 50 00 09 50 3F 5A 75 3F   0B1   COP~~P?Zu?
5A 00 12 44 30 42 32 20 20 20 4D 45 44 00 00 3E   Z~~D0B2   MED~~>
7B 5A 75 3F 5A 00 77 44 30 42 32 20 20 20 47 44   {Zu?Z~wD0B2   GD
43 00 09 51 3F 5A 75 3F 5A 00 74 44 30 42 32 20   C~~Q?Zu?Z~tD0B2 
20 20 20 20 20 00 09 4E 3F 5A 75 3F 5A 00 26 44        ~~N?Zu?Z~&D
30 42 31 20 20 20 43 4F 50 00 09 29 6C 5A 75 3F   0B1   COP~~)lZu?
5A 00 36 44 30 42 31 37 36 20 30 36 37 00 00 3C   Z~6D0B176 067~~<
3F 5A 75 3F 5A 00 32 44 30 42 31 20 20 20 30 33   ?Zu?Z~2D0B1   03
32 00 00 10 3F 5A 75 3F 5A 00 2B 44 30 42 31 20   2~~~?Zu?Z~+D0B1 
20 20 41 44 56 00 00 3E 7B 5A 75 3F 5A 00 3F 44     ADV~~>{Zu?Z~?D
30 42 31 20 20 20 47 44 43 00 00 2A 3F 5A 75 3F   0B1   GDC~~*?Zu?
5A 00 12 44 30 42 31 20 20 20 43 41 53 00 00 2D   Z~~D0B1   CAS~~-
20 5A 75 3F 5A 00 29 44 30 42 31 36 39 20 31 32    Zu?Z~)D0B169 12
31 00 00 10 3F 5A 75 3F 5A 00 29 44 30 42 31 20   1~~~?Zu?Z~)D0B1 
20 20 4D 45 44 00 00 39 3F 5A 75 3F 5A 00 0B 44     MED~~9?Zu?Z~~D
30 45 31 4D 36 20 43 4F 4D 00 09 50 3F 5A 75 3F   0E1M6 COM~~P?Zu?
5A 00 3F 44 30 42 31 20 20 20 20 20 20 00 00 2A   Z~?D0B1      ~~*
3F 5A 75 3F 5A 00 06 44 30 42 32 20 20 20 43 41   ?Zu?Z~~D0B2   CA
53 00 00 5D 48 5A 75 3F 5A 00 29 44 30 42 31 4E   S~~]HZu?Z~)D0B1N
31 20 4B 59 50 00 00 3E 7B 5A 75 3F 5A 00 3F 44   1 KYP~~>{Zu?Z~?D
30 42 32 20 20 20 47 44 43 00 09 51 2A 5A 75 3F   0B2   GDC~~Q*Zu?
5A 00 41 44 30 42 31 33 39 20 38 31 30 00 00 3A   Z~AD0B139 810~~:
10 5A 75 3F 5B 00 3F 44 30 42 31 38 38 20 50 30   ~Zu?[~?D0B188 P0
34 00 00 2A 3F 5A 75 3F 5B 00 01 44 30 42 32 20   4~~*?Zu?[~~D0B2 
20 20 43 41 53 00 09 4E 3F 5A 75 3F 5B 00 29 44     CAS~~N?Zu?[~)D
30 42 31 20 20 20 4D 45 44 00 00 06 11 5A 75 3F   0B1   MED~~~~Zu?
5B 00 0D 44 30 42 32 20 20 20 54 4E 4D 00 00 3E   [~~D0B2   TNM~~>
7B 5A 75 3F 5B 00 3F 44 30 42 31 37 36 20 47 44   {Zu?[~?D0B176 GD
43 00 00 56 06 5A 75 3F 5B 00 3F 44 30 42 31 20   C~~V~Zu?[~?D0B1 
20 20 49 43 53 00 00 0F 12 5A 75 3F 5B 00 10 44     ICS~~~~Zu?[~~D
30 42 32 20 20 20 4D 44 20 00 00 39 3F 5A 75 3F   0B2   MD ~~9?Zu?
5B 00 26 44 30 45 31 20 20 20 43 4F 4D 00 00 2D   [~&D0E1   COM~~-
20 5A 75 3F 5B 00 56 44 30 42 31 20 20 20 49 4C    Zu?[~VD0B1   IL
44 00 00 10 3F 5A 75 3F 5B 00 3F 44 30 42 31 37   D~~~?Zu?[~?D0B17
30 20 54 45 4C 00 00 2D 20 5A 75 3F 5B 00 35 44   0 TEL~~- Zu?[~5D
30 42 32 20 20 20 42 43 54 00 00 58 3F 5A 75 3F   0B2   BCT~~X?Zu?
5B 00 63 44 30 42 31 38 38 20 36 33 33 00 00 3C   [~cD0B188 633~~<
3F 5A 75 3F 5B 00 34 44 30 42 32 20 20 20 30 33   ?Zu?[~4D0B2   03
32 00 00 10 3F 5A 75 3F 5B 00 2D 44 30 42 31 20   2~~~?Zu?[~-D0B1 
20 20 4D 45 44 00 09 50 3F 5A 75 3F 5B 00 22 44     MED~~P?Zu?[~"D
30 42 31 38 35 20 39 39 39 00 00 4E 3F 5A 75 3F   0B185 999~~N?Zu?
5B 00 3E 44 30 42 31 20 20 20 57 47 20 00 09 4F   [~>D0B1   WG ~~O
31 5A 75 3F 5B 00 44 44 30 42 31 20 20 20 39 39   1Zu?[~DD0B1   99
39 00 00 3C 3F 5A 75 3F 5C 00 36 44 30 42 31 20   9~~<?Zu?\~6D0B1 
20 20 30 33 32 00 00 3C 3F 5A 75 3F 5C 00 21 44     032~~<?Zu?\~!D
30 42 32 20 20 20 30 33 32 00 09 4F 31 5A 75 3F   0B2   032~~O1Zu?
5C 00 0D 44 30 42 32 20 20 20 39 39 39 00 09 50   \~~D0B2   999~~P
3F 5A 75 3F 5C 00 3F 44 30 42 31 37 43 20 35 35   ?Zu?\~?D0B17C 55
32 00 00 3E 7B 5A 75 3F 5C 00 75 44 30 42 32 20   2~~>{Zu?\~uD0B2 
20 20 47 44 43 00 00 42 72 5A 75 3F 5C 00 2B 44     GDC~~BrZu?\~+D
30 42 31 20 20 20 43 49 4D 00 09 50 3F 5A 75 3F   0B1   CIM~~P?Zu?
5C 00 5C 44 30 42 31 20 20 20 41 48 50 00 00 0F   \~\D0B1   AHP~~~
12 5A 75 3F 5C 00 25 44 30 42 32 20 20 20 41 34   ~Zu?\~%D0B2   A4
20 00 00 3C 3F 5A 75 3F 5C 00 4E 44 30 42 31 20    ~~<?Zu?\~ND0B1 
20 20 30 33 32 00 09 50 3F 5A 75 3F 5C 00 3E 44     032~~P?Zu?\~>D
30 42 31 20 20 20 30 30 36 00 00 51 3F 5A 75 3F   0B1   006~~Q?Zu?
5C 00 3F 44 30 42 31 20 20 20 30 37 39 00 00 13   \~?D0B1   079~~~
33 5A 75 3F 5C 00 35 44 30 42 31 20 20 20 20 20   3Zu?\~5D0B1     
20 00 0C 35 08 5A 75 3F 5C 00 22 44 30 42 31 20    ~~5~Zu?\~"D0B1 
20 20 36 30 36 00 09 51 2A 5A 75 3F 5C 00 45 44     606~~Q*Zu?\~ED
30 42 31 20 20 20 4E 56 54 00 00 58 3F 5A 75 3F   0B1   NVT~~X?Zu?
5C 00 62 44 30 42 31 38 38 20 36 33 33 00 09 4E   \~bD0B188 633~~N
3F 5A 75 3F 5C 00 13 44 30 42 32 20 20 20 54 42   ?Zu?\~~D0B2   TB
4B 00 00 10 3F 5A 75 3F 5C 00 2A 44 30 42 31 34   K~~~?Zu?\~*D0B14
31 20 4D 45 44 00 00 3C 3F 5A 75 3F 5C 00 14 44   1 MED~~<?Zu?\~~D
30 42 32 20 20 20 30 33 32 00 00 0F 12 5A 75 3F   0B2   032~~~~Zu?
5C 00 2D 44 30 42 31 20 20 20 4D 41 20 00 00 3E   \~-D0B1   MA ~~>
7B 5A 75 3F 5C 00 3F 44 30 42 31 20 20 20 47 44   {Zu?\~?D0B1   GD
43 00 09 4F 3F 5A 75 3F 5C 00 1C 44 30 42 31 31   C~~O?Zu?\~~D0B11
30 20 39 39 39 00 00 10 3F 5A 75 3F 5C 00 27 44   0 999~~~?Zu?\~'D
30 42 31 20 20 20 4D 43 41 00 00 3C 3F 5A 75 3F   0B1   MCA~~<?Zu?
5C 00 01 44 30 42 31 38 38 20 30 33 32 00 00 3C   \~~D0B188 032~~<
3F 5A 75 3F 5C 00 2D 44 30 42 31 20 20 20 30 33   ?Zu?\~-D0B1   03
32 00 09 4F 31 5A 75 3F 5D 00 11 44 30 42 32 20   2~~O1Zu?]~~D0B2 
20 20 39 39 39 00 00 2D 09 5A 75 3F 5D 01 05 44     999~~-~Zu?]~~D
30 42 31 20 20 20 50 30 32 00 00 10 3F 5A 75 3F   0B1   P02~~~?Zu?
5D 00 28 44 30 42 31 20 20 20 4D 45 44 00 09 4E   ]~(D0B1   MED~~N
3F 5A 75 3F 5D 00 5E 44 30 42 31 35 32 20 50 58   ?Zu?]~^D0B152 PX
58 00 00 10 3F 5A 75 3F 5D 00 2F 44 30 42 31 20   X~~~?Zu?]~/D0B1 
20 20 41 44 56 00 00 3C 3F 5A 75 3F 5D 00 3E 44     ADV~~<?Zu?]~>D
30 42 31 35 36 39 30 33 32 00 00 13 33 5A 75 3F   0B1569032~~~3Zu?
5D 00 47 44 30 42 31 20 20 20 20 20 20 00 00 49   ]~GD0B1      ~~I
3F 5A 75 3F 5D 00 0B 44 30 42 32 20 20 20 50 33   ?Zu?]~~D0B2   P3
30 00 09 4F 3F 5A 75 3F 5D 00 2E 44 30 42 31 20   0~~O?Zu?]~.D0B1 
20 20 46 45 50 00 00 3E 7B 5A 75 3F 5D 00 3F 44     FEP~~>{Zu?]~?D
30 42 31 20 20 20 47 44 43 00 00 3C 3F 5A 75 3F   0B1   GDC~~<?Zu?
5D 00 39 44 30 42 31 20 20 20 30 33 32 00 00 49   ]~9D0B1   032~~I
3F 5A 75 3F 5D 00 09 44 30 42 32 20 20 20 50 33   ?Zu?]~~D0B2   P3
30 00 00 3E 7B 5A 75 3F 5D 00 76 44 30 42 32 20   0~~>{Zu?]~vD0B2 
20 20 47 44 43 00 00 2D 20 5A 75 3F 5D 00 29 44     GDC~~- Zu?]~)D
30 42 32 20 20 20 42 43 54 00 00 10 3F 5A 75 3F   0B2   BCT~~~?Zu?
5D 00 21 44 30 42 31 35 32 20 4D 45 44 00 00 3C   ]~!D0B152 MED~~<
3F 5A 75 3F 5D 00 27 44 30 42 31 36 35 20 30 33   ?Zu?]~'D0B165 03
32 00 00 10 3F 5A 75 3F 5D 00 21 44 30 42 31 20   2~~~?Zu?]~!D0B1 
20 20 4D 45 44 00 00 10 3F 5A 75 3F 5D 00 3F 44     MED~~~?Zu?]~?D
30 42 31 35 32 20 54 45 4C 00 00 3C 3F 5A 75 3F   0B152 TEL~~<?Zu?
5D 00 4E 44 30 42 31 20 20 20 30 33 32 00 00 10   ]~ND0B1   032~~~
3F 5A 75 3F 5D 00 3F 44 30 42 31 57 45 20 54 45   ?Zu?]~?D0B1WE TE
4C 00 00 3E 7B 5A 75 3F 5D 00 3F 44 30 42 31 38   L~~>{Zu?]~?D0B18
33 20 47 44 43 00 00 10 3F 5A 75 3F 5E 00 1C 44   3 GDC~~~?Zu?^~~D
30 42 32 20 20 20 4D 45 44 00 00 10 3F 5A 75 3F   0B2   MED~~~?Zu?
5E 00 3E 44 30 42 31 20 20 20 37 37 39 00 00 3E   ^~>D0B1   779~~>
7B 5A 75 3F 5E 00 3F 44 30 42 31 20 20 20 47 44   {Zu?^~?D0B1   GD
43 00 00 2A 3F 5A 75 3F 5E 00 11 44 30 42 31 20   C~~*?Zu?^~~D0B1 
20 20 43 41 53 00 09 4E 3F 5A 75 3F 5E 00 20 44     CAS~~N?Zu?^~ D
30 42 31 37 30 20 54 42 4B 00 00 10 3F 5A 75 3F   0B170 TBK~~~?Zu?
5E 00 11 44 30 42 32 20 20 20 4D 45 44 00 09 29   ^~~D0B2   MED~~)
6A 5A 75 3F 5E 00 3F 44 30 42 31 37 30 20 35 34   jZu?^~?D0B170 54
20 00 09 50 3F 5A 75 3F 5E 00 33 44 30 42 31 20    ~~P?Zu?^~3D0B1 
20 20 34 34 30 00 00 30 18 5A 75 3F 5E 00 1A 44     440~~0~Zu?^~~D
30 42 31 36 35 20 50 41 52 00 00 3E 7B 5A 75 3F   0B165 PAR~~>{Zu?
5E 00 3F 44 30 42 31 20 20 20 47 44 43 00 00 13   ^~?D0B1   GDC~~~
33 5A 75 3F 5E 00 11 44 30 42 32 20 20 20 20 20   3Zu?^~~D0B2     
20 00 00 44 3F 5A 75 3F 5E 00 21 44 30 42 31 35    ~~D?Zu?^~!D0B15
34 20 50 30 32 00 00 10 3F 5A 75 3F 5E 00 3D 44   4 P02~~~?Zu?^~=D
30 42 31 20 20 20 4D 45 44 00 00 30 18 5A 75 3F   0B1   MED~~0~Zu?
5E 00 17 44 30 42 31 36 35 20 50 41 52 00 00 2A   ^~~D0B165 PAR~~*
3F 5A 75 3F 5E 00 0C 44 30 42 31 20 20 20 43 41   ?Zu?^~~D0B1   CA
53 00 09 4F 3F 5A 75 3F 5E 00 5E 44 30 42 31 20   S~~O?Zu?^~^D0B1 
20 20 30 30 30 00 00 11 3F 5A 75 3F 5E 00 1C 44     000~~~?Zu?^~~D
30 42 31 20 20 20 20 20 20 00 00 2A 3F 5A 75 3F   0B1      ~~*?Zu?
5E 00 1A 44 30 42 31 37 30 20 48 52 53 00 00 2D   ^~~D0B170 HRS~~-
20 5A 75 3F 5E 00 43 44 30 42 31 20 20 20 31 32    Zu?^~CD0B1   12
31 00 00 3E 7B 5A 75 3F 5E 00 3F 44 30 42 32 20   1~~>{Zu?^~?D0B2 
20 20 47 44 43 00 00 10 3F 5A 75 3F 5E 00 3D 44     GDC~~~?Zu?^~=D
30 42 31 45 37 20 54 45 4C 00 00 58 3F 5A 75 3F   0B1E7 TEL~~X?Zu?
5E 00 2B 44 30 42 32 20 20 20 36 33 33 00 00 4C   ^~+D0B2   633~~L
3F 5A 75 3F 5E 00 4E 44 30 42 31 20 20 20 50 52   ?Zu?^~ND0B1   PR
58 00 00 0F 12 5A 75 3F 5E 00 28 44 30 42 31 20   X~~~~Zu?^~(D0B1 
20 20 4D 41 20 00 00 3E 7B 5A 75 3F 5E 00 3F 44     MA ~~>{Zu?^~?D
30 42 32 20 20 20 47 44 43 00 09 4E 3F 5A 75 3F   0B2   GDC~~N?Zu?
5F 00 39 44 30 42 31 37 35 20 54 42 4B 00 00 58   _~9D0B175 TBK~~X
3F 5A 75 3F 5F 00 15 44 30 42 32 20 20 20 36 33   ?Zu?_~~D0B2   63
33 00 09 4E 3F 5A 75 3F 5F 00 2A 44 30 42 31 4D   3~~N?Zu?_~*D0B1M
52 20 54 42 4B 00 00 32 21 5A 75 3F 5F 00 44 44   R TBK~~2!Zu?_~DD
30 42 31 20 20 20 4D 45 44 00 00 10 3F 5A 75 3F   0B1   MED~~~?Zu?
5F 00 32 44 30 42 31 37 36 20 41 44 56 00 09 4F   _~2D0B176 ADV~~O
31 5A 75 3F 5F 00 2C 44 30 42 32 20 20 20 39 39   1Zu?_~,D0B2   99
39 00 00 49 3F 5A 75 3F 5F 00 3B 44 30 42 31 20   9~~I?Zu?_~;D0B1 
20 20 50 33 30 00 09 4E 3F 5A 75 3F 5F 00 5A 44     P30~~N?Zu?_~ZD
30 42 31 20 20 20 20 20 20 00 00 10 3F 5A 75 3F   0B1      ~~~?Zu?
5F 00 37 44 30 42 31 4C 54 20 54 45 4C 00 09 50   _~7D0B1LT TEL~~P
3F 5A 75 3F 5F 00 4D 44 30 42 31 20 20 20 34 34   ?Zu?_~MD0B1   44
30 00 00 0F 12 5A 75 3F 5F 00 2F 44 30 42 31 20   0~~~~Zu?_~/D0B1 
20 20 41 34 20 00 00 3C 3F 5A 75 3F 5F 00 49 44     A4 ~~<?Zu?_~ID
30 42 31 20 20 20 30 33 32 00 09 4F 24 5A 75 3F   0B1   032~~O$Zu?
5F 00 4D 44 30 42 31 37 39 20 50 52 4F 00 09 4F   _~MD0B179 PRO~~O
31 5A 75 3F 5F 00 33 44 30 42 31 20 20 20 39 39   1Zu?_~3D0B1   99
39 00 09 51 2A 5A 75 3F 5F 00 49 44 30 42 31 20   9~~Q*Zu?_~ID0B1 
20 20 4D 43 44 00 0C 35 0A 5A 75 3F 5F 00 3F 44     MCD~~5~Zu?_~?D
30 42 31 20 20 20 4C 44 49 00 00 2A 3F 5A 75 3F   0B1   LDI~~*?Zu?
5F 00 12 44 30 42 31 20 20 20 43 41 53 00 00 42   _~~D0B1   CAS~~B
72 5A 75 3F 5F 00 2B 44 30 42 31 20 20 20 43 49   rZu?_~+D0B1   CI
4D 00 09 52 24 5A 75 3F 5F 00 3F 44 30 42 31 38   M~~R$Zu?_~?D0B18
38 20 43 48 4D 00 00 3E 7B 5A 75 3F 5F 00 3F 44   8 CHM~~>{Zu?_~?D
30 42 32 20 20 20 47 44 43 00 00 0E 01 5A 75 3F   0B2   GDC~~~~Zu?
5F 00 40 44 30 42 31 20 20 20 41 53 50 00 00 10   _~@D0B1   ASP~~~
3F 5A 75 3F 5F 00 27 44 30 42 31 37 39 20 4D 45   ?Zu?_~'D0B179 ME
44 00 00 10 3F 5A 75 3F 5F 00 21 44 30 42 31 37   D~~~?Zu?_~!D0B17
30 20 4D 43 41 00 00 3E 7B 5A 75 3F 5F 00 3F 44   0 MCA~~>{Zu?_~?D
30 42 32 20 20 20 47 44 43 00 00 3E 7B 5A 75 3F   0B2   GDC~~>{Zu?
5F 01 22 44 30 42 31 38 33 20 47 44 43 00 09 51   _~"D0B183 GDC~~Q
1F 5A 75 3F 5F 00 6C 44 30 42 31 20 20 20 4D 45   ~Zu?_~lD0B1   ME
44 00 09 4F 3F 5A 75 3F 5F 00 23 44 30 42 31 20   D~~O?Zu?_~#D0B1 
20 20 30 35 35 00 00 0E 01 5A 75 3F 5F 00 33 44     055~~~~Zu?_~3D
30 42 31 20 20 20 41 53 50 00 00 10 3F 5A 75 3F   0B1   ASP~~~?Zu?
5F 00 32 44 30 42 31 20 20 20 41 44 56 00 00 3E   _~2D0B1   ADV~~>
7B 5A 75 3F 5F 00 3F 44 30 42 31 20 20 20 47 44   {Zu?_~?D0B1   GD
43 00 00 2A 3F 5A 75 3F 5F 00 0D 44 30 42 31 20   C~~*?Zu?_~~D0B1 
20 20 43 41 53 00 09 4F 31 5A 75 3F 5F 00 36 44     CAS~~O1Zu?_~6D
30 42 31 37 35 20 39 39 39 00 00 3C 3F 5A 75 3F   0B175 999~~<?Zu?
5F 00 26 44 30 42 31 20 20 20 30 33 32 00 00 10   _~&D0B1   032~~~
3F 5A 75 3F 60 00 24 44 30 42 31 37 36 20 4D 43   ?Zu?`~$D0B176 MC
41 00 00 2A 3F 5A 75 3F 60 00 08 44 30 42 32 20   A~~*?Zu?`~~D0B2 
20 20 43 41 53 00 0C 35 08 5A 75 3F 60 00 29 44     CAS~~5~Zu?`~)D
30 42 31 20 20 20 20 20 20 00 00 3E 7B 5A 75 3F   0B1      ~~>{Zu?
60 00 3F 44 30 42 31 20 20 20 47 44 43 00 00 4E   `~?D0B1   GDC~~N
3F 5A 75 3F 60 00 11 44 30 42 32 20 20 20 49 53   ?Zu?`~~D0B2   IS
20 00 00 10 3F 5A 75 3F 60 00 2C 44 30 42 31 37    ~~~?Zu?`~,D0B17
35 20 41 44 56 00 00 10 3F 5A 75 3F 60 00 31 44   5 ADV~~~?Zu?`~1D
30 42 31 20 20 20 4D 45 44 00 00 4E 3F 5A 75 3F   0B1   MED~~N?Zu?
60 00 11 44 30 42 32 20 20 20 49 53 20 00 00 2D   `~~D0B2   IS ~~-
20 5A 75 3F 60 00 3F 44 30 42 31 36 30 38 42 43    Zu?`~?D0B1608BC
54 00 00 42 72 5A 75 3F 60 00 21 44 30 42 31 37   T~~BrZu?`~!D0B17
39 20 43 49 4D 00 00 3E 7B 5A 75 3F 60 00 7E 44   9 CIM~~>{Zu?`~~D
30 42 32 20 20 20 47 44 43 00 09 50 3F 5A 75 3F   0B2   GDC~~P?Zu?
60 00 2E 44 30 42 31 20 20 20 34 34 30 00 00 3C   `~.D0B1   440~~<
3F 5A 75 3F 60 00 31 44 30 42 31 20 20 20 30 33   ?Zu?`~1D0B1   03
32 00 00 10 3F 5A 75 3F 60 00 27 44 30 42 31 37   2~~~?Zu?`~'D0B17
36 20 41 44 56 00 00 10 3F 5A 75 3F 60 00 2E 44   6 ADV~~~?Zu?`~.D
30 42 31 20 20 20 41 44 56 00 00 4E 3F 5A 75 3F   0B1   ADV~~N?Zu?
60 00 25 44 30 42 31 37 36 20 46 43 20 00 00 0F   `~%D0B176 FC ~~~
12 5A 75 3F 60 00 42 44 30 42 31 20 20 20 41 34   ~Zu?`~BD0B1   A4
20 00 00 2A 3F 5A 75 3F 60 00 0F 44 30 42 31 20    ~~*?Zu?`~~D0B1 
20 20 43 41 53 00 00 10 3F 5A 75 3F 60 00 55 44     CAS~~~?Zu?`~UD
30 42 31 32 58 20 54 45 4C 00 00 3C 3F 5A 75 3F   0B12X TEL~~<?Zu?
60 00 66 44 30 42 31 20 20 20 30 33 32 00 09 4E   `~fD0B1   032~~N
3F 5A 75 3F 60 00 17 44 30 42 32 20 20 20 54 42   ?Zu?`~~D0B2   TB
4B 00 00 0F 12 5A 75 3F 61 00 37 44 30 42 31 37   K~~~~Zu?a~7D0B17
35 20 41 34 20 00 09 4E 3F 5A 75 3F 61 00 33 44   5 A4 ~~N?Zu?a~3D
30 42 31 20 20 20 49 52 58 00 09 51 2A 5A 75 3F   0B1   IRX~~Q*Zu?
61 00 2A 44 30 42 32 20 20 20 4E 56 54 00 00 0F   a~*D0B2   NVT~~~
12 5A 75 3F 61 00 32 44 30 42 31 20 20 20 41 34   ~Zu?a~2D0B1   A4
20 00 00 3C 3F 5A 75 3F 61 00 36 44 30 42 31 20    ~~<?Zu?a~6D0B1 
20 20 30 33 32 00 00 2A 3F 5A 75 3F 61 00 11 44     032~~*?Zu?a~~D
30 42 31 20 20 20 43 41 53 00 00 10 3F 5A 75 3F   0B1   CAS~~~?Zu?
61 00 2B 44 30 42 31 38 38 20 4D 45 44 00 09 50   a~+D0B188 MED~~P
3F 5A 75 3F 61 00 43 44 30 42 31 20 20 20 34 31   ?Zu?a~CD0B1   41
30 00 00 3E 7B 5A 75 3F 61 00 3F 44 30 42 31 20   0~~>{Zu?a~?D0B1 
20 20 47 44 43 00 00 3E 7B 5A 75 3F 61 00 7E 44     GDC~~>{Zu?a~~D
30 42 32 20 20 20 47 44 43 00 00 42 72 5A 75 3F   0B2   GDC~~BrZu?
61 00 24 44 30 42 31 37 36 20 30 35 31 00 00 3C   a~$D0B176 051~~<
3F 5A 75 3F 61 00 14 44 30 42 32 20 20 20 30 33   ?Zu?a~~D0B2   03
32 00 00 42 72 5A 75 3F 61 00 2E 44 30 42 32 20   2~~BrZu?a~.D0B2 
20 20 43 49 4D 00 00 4C 3F 5A 75 3F 61 00 1F 44     CIM~~L?Zu?a~~D
30 42 32 20 20 20 30 31 39 00 09 4F 74 5A 75 3F   0B2   019~~OtZu?
61 00 65 44 30 42 31 20 20 20 44 52 57 00 00 49   a~eD0B1   DRW~~I
3F 5A 75 3F 61 00 3D 44 30 42 31 20 20 20 50 33   ?Zu?a~=D0B1   P3
30 00 09 51 59 5A 75 3F 61 00 37 44 30 42 31 36   0~~QYZu?a~7D0B16
35 20 30 33 31 00 00 4E 3F 5A 75 3F 61 00 37 44   5 031~~N?Zu?a~7D
30 42 31 37 30 20 57 47 20 00 09 50 3F 5A 75 3F   0B170 WG ~~P?Zu?
61 00 74 44 30 42 31 20 20 20 55 4D 45 00 00 10   a~tD0B1   UME~~~
3F 5A 75 3F 61 00 59 44 30 42 31 5A 47 20 54 45   ?Zu?a~YD0B1ZG TE
4C 00 00 3C 3F 5A 75 3F 61 00 3B 44 30 42 31 20   L~~<?Zu?a~;D0B1 
20 20 30 33 32 00 09 50 3F 5A 75 3F 61 00 3B 44     032~~P?Zu?a~;D
30 42 32 20 20 20 42 43 42 00 00 58 3F 5A 75 3F   0B2   BCB~~X?Zu?
61 00 51 44 30 42 31 20 20 20 36 33 33 00 00 10   a~QD0B1   633~~~
3F 5A 75 3F 61 00 1A 44 30 42 32 20 20 20 4D 43   ?Zu?a~~D0B2   MC
41 00 00 2A 3F 5A 75 3F 61 00 0C 44 30 42 31 20   A~~*?Zu?a~~D0B1 
20 20 43 41 53 00 00 0F 3F 5A 75 3F 61 00 26 44     CAS~~~?Zu?a~&D
30 42 31 45 37 20 34 33 2D 00 00 42 72 5A 75 3F   0B1E7 43-~~BrZu?
61 00 30 44 30 42 31 20 20 20 43 49 4D 00 00 10   a~0D0B1   CIM~~~
3F 5A 75 3F 62 00 10 44 30 42 31 45 37 20 4D 43   ?Zu?b~~D0B1E7 MC
41 00 00 3E 7B 5A 75 3F 62 00 3F 44 30 42 31 20   A~~>{Zu?b~?D0B1 
20 20 47 44 43 00 00 2A 3F 5A 75 3F 62 00 05 44     GDC~~*?Zu?b~~D
30 42 32 20 20 20 43 41 53 00 00 2A 3F 5A 75 3F   0B2   CAS~~*?Zu?
62 00 10 44 30 42 31 20 20 20 43 41 53 00 00 49   b~~D0B1   CAS~~I
3F 5A 75 3F 62 00 2C 44 30 42 31 20 20 20 50 33   ?Zu?b~,D0B1   P3
30 00 09 4E 3F 5A 75 3F 62 00 28 44 30 42 31 20   0~~N?Zu?b~(D0B1 
20 20 54 42 4B 00 09 50 3F 5A 75 3F 62 00 31 44     TBK~~P?Zu?b~1D
30 42 31 20 20 20 39 39 39 00 00 3C 3F 5A 75 3F   0B1   999~~<?Zu?
62 00 16 44 30 42 32 20 20 20 30 33 32 00 09 4E   b~~D0B2   032~~N
3F 5A 75 3F 62 00 27 44 30 42 31 20 20 20 4D 45   ?Zu?b~'D0B1   ME
44 00 00 10 3F 5A 75 3F 62 00 22 44 30 42 31 36   D~~~?Zu?b~"D0B16
39 20 4D 45 44 00 00 0F 12 5A 75 3F 62 00 31 44   9 MED~~~~Zu?b~1D
30 42 31 20 20 20 4D 41 20 00 00 58 3F 5A 75 3F   0B1   MA ~~X?Zu?
62 00 4D 44 30 42 32 20 20 20 36 33 33 00 00 2A   b~MD0B2   633~~*
3F 5A 75 3F 62 00 0B 44 30 42 31 20 20 20 43 41   ?Zu?b~~D0B1   CA
53 00 09 4F 31 5A 75 3F 62 00 07 44 30 42 31 38   S~~O1Zu?b~~D0B18
38 20 39 39 39 00 00 0F 12 5A 75 3F 62 00 29 44   8 999~~~~Zu?b~)D
30 42 31 20 20 20 41 34 20 00 00 42 3F 5A 75 3F   0B1   A4 ~~B?Zu?
62 00 45 44 30 42 31 37 35 20 39 39 39 00 00 10   b~ED0B175 999~~~
3F 5A 75 3F 62 00 26 44 30 42 31 37 39 20 4D 45   ?Zu?b~&D0B179 ME
44 00 09 4F 3F 5A 75 3F 62 00 35 44 30 42 31 20   D~~O?Zu?b~5D0B1 
20 20 46 45 50 00 00 42 72 5A 75 3F 62 00 27 44     FEP~~BrZu?b~'D
30 42 31 37 58 20 30 32 31 00 09 4E 3F 5A 75 3F   0B17X 021~~N?Zu?
62 00 29 44 30 42 31 38 38 20 54 42 4B 00 09 4F   b~)D0B188 TBK~~O
31 5A 75 3F 63 00 2C 44 30 42 31 37 39 20 39 39   1Zu?c~,D0B179 99
39 00 09 50 3F 5A 75 3F 63 00 15 44 30 42 31 32   9~~P?Zu?c~~D0B12
32 20 39 39 39 00 00 42 72 5A 75 3F 63 00 25 44   2 999~~BrZu?c~%D
30 42 31 20 20 20 43 49 4D 00 09 4F 31 5A 75 3F   0B1   CIM~~O1Zu?
63 00 11 44 30 42 32 20 20 20 39 39 39 00 09 50   c~~D0B2   999~~P
3F 5A 75 3F 63 00 2F 44 30 42 31 20 20 20 39 39   ?Zu?c~/D0B1   99
39 00 00 4E 3F 5A 75 3F 63 00 25 44 30 42 31 20   9~~N?Zu?c~%D0B1 
20 20 49 4E 20 00 09 4F 31 5A 75 3F 63 00 32 44     IN ~~O1Zu?c~2D
30 42 31 20 20 20 39 39 39 00 00 3C 3F 5A 75 3F   0B1   999~~<?Zu?
63 00 35 44 30 42 31 20 20 20 30 33 32 00 09 50   c~5D0B1   032~~P
3F 5A 75 3F 63 00 3F 44 30 42 31 36 39 20 52 58   ?Zu?c~?D0B169 RX
4E 00 00 10 3F 5A 75 3F 63 00 2E 44 30 42 31 20   N~~~?Zu?c~.D0B1 
20 20 4D 43 41 00 00 55 41 5A 75 3F 63 00 61 44     MCA~~UAZu?c~aD
30 42 31 37 35 20 49 52 58 00 00 4E 3F 5A 75 3F   0B175 IRX~~N?Zu?
63 00 30 44 30 42 31 20 20 20 46 4D 20 00 00 3E   c~0D0B1   FM ~~>
7B 5A 75 3F 63 00 3F 44 30 42 31 20 20 20 47 44   {Zu?c~?D0B1   GD
43 00 09 4E 3F 5A 75 3F 63 00 33 44 30 42 31 20   C~~N?Zu?c~3D0B1 
20 20 49 52 58 00 00 10 3F 5A 75 3F 63 00 53 44     IRX~~~?Zu?c~SD
30 42 31 20 20 20 4D 45 44 00 09 4E 3F 5A 75 3F   0B1   MED~~N?Zu?
63 00 35 44 30 42 31 20 20 20 49 52 58 00 00 10   c~5D0B1   IRX~~~
3F 5A 75 3F 63 00 25 44 30 42 31 32 31 20 41 44   ?Zu?c~%D0B121 AD
56 00 00 10 3F 5A 75 3F 63 00 12 44 30 42 32 20   V~~~?Zu?c~~D0B2 
20 20 41 44 56 00 09 51 59 5A 75 3F 63 00 3D 44     ADV~~QYZu?c~=D
30 42 31 20 20 20 30 33 31 00 00 4E 3F 5A 75 3F   0B1   031~~N?Zu?
63 00 41 44 30 42 31 20 20 20 41 43 20 00 00 0F   c~AD0B1   AC ~~~
12 5A 75 3F 63 00 2B 44 30 42 31 20 20 20 41 34   ~Zu?c~+D0B1   A4
20 00 00 10 3F 5A 75 3F 63 00 13 44 30 42 32 20    ~~~?Zu?c~~D0B2 
20 20 41 44 56 00 09 4F 31 5A 75 3F 63 00 0D 44     ADV~~O1Zu?c~~D
30 42 32 20 20 20 39 39 39 00 00 0E 01 5A 75 3F   0B2   999~~~~Zu?
63 00 24 44 30 42 31 36 35 20 33 38 36 00 00 3E   c~$D0B165 386~~>
7B 5A 75 3F 63 00 3F 44 30 42 31 20 20 20 47 44   {Zu?c~?D0B1   GD
43 00 09 4F 31 5A 75 3F 63 00 43 44 30 42 31 20   C~~O1Zu?c~CD0B1 
20 20 39 39 39 00 00 44 3F 5A 75 3F 63 00 5C 44     999~~D?Zu?c~\D
30 42 31 20 20 20 50 30 32 00 00 58 3F 5A 75 3F   0B1   P02~~X?Zu?
63 00 33 44 30 42 32 20 20 20 36 33 33 00 09 50   c~3D0B2   633~~P
3F 5A 75 3F 64 00 3F 44 30 42 31 35 32 20 35 35   ?Zu?d~?D0B152 55
32 00 00 3E 7B 5A 75 3F 64 00 3F 44 30 42 31 20   2~~>{Zu?d~?D0B1 
20 20 47 44 43 00 00 0F 12 5A 75 3F 64 00 23 44     GDC~~~~Zu?d~#D
30 42 31 45 57 20 41 34 20 00 00 4C 3F 5A 75 3F   0B1EW A4 ~~L?Zu?
64 00 50 44 30 42 31 20 20 20 50 52 58 00 00 2A   d~PD0B1   PRX~~*
3F 5A 75 3F 64 00 11 44 30 42 31 20 20 20 43 41   ?Zu?d~~D0B1   CA
53 00 09 50 3F 5A 75 3F 64 00 3D 44 30 42 31 20   S~~P?Zu?d~=D0B1 
20 20 39 39 39 00 00 0F 3F 5A 75 3F 64 00 3A 44     999~~~?Zu?d~:D
30 42 31 20 20 20 34 33 2D 00 00 3C 3F 5A 75 3F   0B1   43-~~<?Zu?
64 00 49 44 30 42 31 20 20 20 30 33 32 00 09 50   d~ID0B1   032~~P
3F 5A 75 3F 64 00 32 44 30 42 31 37 30 20 30 30   ?Zu?d~2D0B170 00
36 00 00 3C 3F 5A 75 3F 64 00 36 44 30 42 31 37   6~~<?Zu?d~6D0B17
30 20 30 33 32 00 00 49 3F 5A 75 3F 64 00 42 44   0 032~~I?Zu?d~BD
30 42 31 20 20 20 50 33 30 00 00 3C 3F 5A 75 3F   0B1   P30~~<?Zu?
64 00 1A 44 30 42 32 20 20 20 30 33 32 00 00 3C   d~~D0B2   032~~<
3F 5A 75 3F 64 00 26 44 30 42 31 20 20 20 30 33   ?Zu?d~&D0B1   03
32 00 00 42 72 5A 75 3F 64 00 21 44 30 42 31 38   2~~BrZu?d~!D0B18
38 20 30 35 31 00 00 3C 3F 5A 75 3F 64 00 2F 44   8 051~~<?Zu?d~/D
30 42 31 20 20 20 30 33 32 00 00 10 3F 5A 75 3F   0B1   032~~~?Zu?
64 00 2E 44 30 42 31 20 20 20 4D 45 44 00 09 4F   d~.D0B1   MED~~O
31 5A 75 3F 64 00 3E 44 30 42 31 20 20 20 39 39   1Zu?d~>D0B1   99
39 00 00 3C 3F 5A 75 3F 64 00 1A 44 30 42 32 20   9~~<?Zu?d~~D0B2 
20 20 30 33 32 00 09 4E 3F 5A 75 3F 64 00 17 44     032~~N?Zu?d~~D
30 42 32 20 20 20 43 54 52 00 00 10 3F 5A 75 3F   0B2   CTR~~~?Zu?
64 00 3B 44 30 42 31 20 20 20 4D 43 41 00 00 3C   d~;D0B1   MCA~~<
3F 5A 75 3F 64 00 48 44 30 42 31 35 36 39 30 33   ?Zu?d~HD0B156903
32 00 09 50 3F 5A 75 3F 64 00 2D 44 30 42 31 37   2~~P?Zu?d~-D0B17
39 20 4D 45 44 00 00 2A 3F 5A 75 3F 64 00 01 44   9 MED~~*?Zu?d~~D
30 42 32 20 20 20 43 41 53 00 09 4F 31 5A 75 3F   0B2   CAS~~O1Zu?
64 00 39 44 30 42 31 20 20 20 39 39 39 00 00 3E   d~9D0B1   999~~>
7B 5A 75 3F 64 00 7E 44 30 42 32 20 20 20 47 44   {Zu?d~~D0B2   GD
43 00 00 10 3F 5A 75 3F 64 00 39 44 30 42 31 20   C~~~?Zu?d~9D0B1 
20 20 4D 45 44 00 00 0E 01 5A 75 3F 64 00 3C 44     MED~~~~Zu?d~<D
30 42 31 20 20 20 41 53 50 00 00 2D 20 5A 75 3F   0B1   ASP~~- Zu?
64 00 31 44 30 42 31 20 20 20 49 4C 43 00 09 4F   d~1D0B1   ILC~~O
31 5A 75 3F 64 00 2C 44 30 42 31 20 20 20 39 39   1Zu?d~,D0B1   99
39 00 00 5E 3F 5A 75 3F 65 00 1B 44 30 42 32 20   9~~^?Zu?e~~D0B2 
20 20 4F 48 52 00 00 10 3F 5A 75 3F 42 00 49 44     OHR~~~?Zu?B~ID
30 42 31 37 30 20 54 45 4C 00 09 51 21 5A 75 3F   0B170 TEL~~Q!Zu?
42 00 39 44 30 42 31 20 20 20 50 48 50 00 09 4F   B~9D0B1   PHP~~O
31 5A 75 3F 42 00 35 44 30 42 31 38 38 20 39 39   1Zu?B~5D0B188 99
39 00 00 42 72 5A 75 3F 42 00 2C 44 30 42 31 20   9~~BrZu?B~,D0B1 
20 20 43 49 4D 00 00 3C 3F 5A 75 3F 42 00 2E 44     CIM~~<?Zu?B~.D
30 42 32 20 20 20 30 33 32 00 00 0F 12 5A 75 3F   0B2   032~~~~Zu?
43 00 25 44 30 42 31 20 20 20 41 34 20 00 09 50   C~%D0B1   A4 ~~P
3F 5A 75 3F 43 00 4A 44 30 42 31 41 47 20 20 20   ?Zu?C~JD0B1AG   
20 00 00 13 33 5A 75 3F 43 00 1E 44 30 42 32 20    ~~~3Zu?C~~D0B2 
20 20 20 20 20 00 00 0F 12 5A 75 3F 43 00 36 44        ~~~~Zu?C~6D
30 42 31 20 20 20 41 34 20 00 00 4E 3F 5A 75 3F   0B1   A4 ~~N?Zu?
43 00 17 44 30 42 31 36 39 20 49 53 20 00 09 4F   C~~D0B169 IS ~~O
31 5A 75 3F 43 00 5C 44 30 42 31 20 20 20 39 39   1Zu?C~\D0B1   99
39 00 09 50 3F 5A 75 3F 43 00 26 44 30 42 31 36   9~~P?Zu?C~&D0B16
39 20 34 34 34 00 00 19 3F 5A 75 3F 43 00 11 44   9 444~~~?Zu?C~~D
30 42 32 20 20 20 20 20 20 00 09 50 3F 5A 75 3F   0B2      ~~P?Zu?
43 00 2B 44 30 42 31 20 20 20 34 34 30 00 09 4F   C~+D0B1   440~~O
31 5A 75 3F 43 00 39 44 30 42 31 20 20 20 39 39   1Zu?C~9D0B1   99
39 00 0C 35 08 5A 75 3F 43 00 0F 44 30 42 32 20   9~~5~Zu?C~~D0B2 
20 20 36 30 36 00 0C 35 08 5A 75 3F 43 00 32 44     606~~5~Zu?C~2D
30 42 31 20 20 20 20 20 20 00 00 3E 7B 5A 75 3F   0B1      ~~>{Zu?
43 00 3F 44 30 42 31 20 20 20 47 44 43 00 00 3E   C~?D0B1   GDC~~>
7B 5A 75 3F 43 00 3F 44 30 42 32 20 20 20 47 44   {Zu?C~?D0B2   GD
43 00 00 2D 3F 5A 75 3F 43 00 4A 44 30 42 31 35   C~~-?Zu?C~JD0B15
32 20 48 54 20 00 00 10 3F 5A 75 3F 43 00 56 44   2 HT ~~~?Zu?C~VD
30 42 31 20 20 20 54 45 4C 00 09 50 3F 5A 75 3F   0B1   TEL~~P?Zu?
43 00 0C 44 30 42 31 31 39 20 30 30 36 00 09 4F   C~~D0B119 006~~O
3F 5A 75 3F 43 00 39 44 30 42 31 20 20 20 30 30   ?Zu?C~9D0B1   00
30 00 00 10 3F 5A 75 3F 43 00 31 44 30 42 31 20   0~~~?Zu?C~1D0B1 
20 20 41 44 56 00 09 4F 3F 5A 75 3F 43 00 2A 44     ADV~~O?Zu?C~*D
30 42 31 20 20 20 39 39 39 00 09 4E 3F 5A 75 3F   0B1   999~~N?Zu?
43 00 15 44 30 42 32 20 20 20 43 54 52 00 00 49   C~~D0B2   CTR~~I
3F 5A 75 3F 43 01 3F 44 30 42 31 36 47 20 33 46   ?Zu?C~?D0B16G 3F
20 00 00 10 3F 5A 75 3F 43 00 21 44 30 42 31 20    ~~~?Zu?C~!D0B1 
20 20 4D 45 44 00 00 2A 3F 5A 75 3F 44 00 0E 44     MED~~*?Zu?D~~D
30 42 31 20 20 20 43 41 53 00 00 2A 3F 5A 75 3F   0B1   CAS~~*?Zu?
44 00 01 44 30 42 32 20 20 20 43 41 53 00 00 62   D~~D0B2   CAS~~b
3F 5A 75 3F 44 00 3F 44 30 42 31 20 20 20 44 52   ?Zu?D~?D0B1   DR
4D 00 00 2A 3F 5A 75 3F 44 00 06 44 30 42 32 20   M~~*?Zu?D~~D0B2 
20 20 43 41 53 00 09 4F 31 5A 75 3F 44 00 39 44     CAS~~O1Zu?D~9D
30 42 31 20 20 20 39 39 39 00 00 10 3F 5A 75 3F   0B1   999~~~?Zu?
44 00 40 44 30 42 31 20 20 20 41 44 56 00 09 4F   D~@D0B1   ADV~~O
31 5A 75 3F 44 00 30 44 30 42 31 20 20 20 39 39   1Zu?D~0D0B1   99
39 00 09 50 3F 5A 75 3F 44 01 1B 44 30 42 31 37   9~~P?Zu?D~~D0B17
36 20 48 4D 48 00 00 0F 12 5A 75 3F 44 00 13 44   6 HMH~~~~Zu?D~~D
30 42 32 20 20 20 4D 44 20 00 00 49 3F 5A 75 3F   0B2   MD ~~I?Zu?
44 00 29 44 30 42 31 20 20 20 50 33 30 00 00 0F   D~)D0B1   P30~~~
12 5A 75 3F 44 00 14 44 30 42 32 20 20 20 4D 44   ~Zu?D~~D0B2   MD
20 00 00 10 3F 5A 75 3F 44 00 3F 44 30 42 31 20    ~~~?Zu?D~?D0B1 
20 20 54 45 4C 00 09 51 59 5A 75 3F 44 00 40 44     TEL~~QYZu?D~@D
30 42 31 20 20 20 30 33 31 00 00 2A 3F 5A 75 3F   0B1   031~~*?Zu?
44 00 12 44 30 42 31 20 20 20 43 41 53 00 00 10   D~~D0B1   CAS~~~
3F 5A 75 3F 44 00 42 44 30 42 31 20 20 20 41 44   ?Zu?D~BD0B1   AD
56 00 00 3C 3F 5A 75 3F 44 00 36 44 30 42 31 35   V~~<?Zu?D~6D0B15
36 39 30 33 32 00 00 39 3F 5A 75 3F 44 00 2E 44   69032~~9?Zu?D~.D
30 45 31 20 20 20 43 4F 4D 00 09 4F 3F 5A 75 3F   0E1   COM~~O?Zu?
44 00 2F 44 30 42 31 20 20 20 39 39 39 00 0C 35   D~/D0B1   999~~5
08 5A 75 3F 44 00 08 44 30 42 32 20 20 20 20 20   ~Zu?D~~D0B2     
20 00 00 3E 7B 5A 75 3F 44 00 3F 44 30 42 31 20    ~~>{Zu?D~?D0B1 
20 20 47 44 43 00 09 4E 3F 5A 75 3F 44 00 30 44     GDC~~N?Zu?D~0D
30 42 31 37 35 20 49 52 58 00 00 3C 3F 5A 75 3F   0B175 IRX~~<?Zu?
45 00 2A 44 30 42 31 20 20 20 30 33 32 00 09 50   E~*D0B1   032~~P
3F 5A 75 3F 45 00 21 44 30 42 32 20 20 20 30 30   ?Zu?E~!D0B2   00
36 00 00 2D 20 5A 75 3F 45 00 28 44 30 42 31 20   6~~- Zu?E~(D0B1 
20 20 4D 41 50 00 00 3C 3F 5A 75 3F 45 00 3F 44     MAP~~<?Zu?E~?D
30 42 31 20 20 20 30 33 32 00 00 4E 69 5A 75 3F   0B1   032~~NiZu?
45 00 1F 44 30 42 32 20 20 20 53 59 53 00 00 4E   E~~D0B2   SYS~~N
3F 5A 75 3F 45 00 3B 44 30 42 31 37 30 20 49 53   ?Zu?E~;D0B170 IS
20 00 00 10 3F 5A 75 3F 45 00 3B 44 30 42 31 20    ~~~?Zu?E~;D0B1 
20 20 41 44 56 00 00 39 3F 5A 75 3F 45 00 31 44     ADV~~9?Zu?E~1D
30 45 31 20 20 20 43 4F 4D 00 00 2A 3F 5A 75 3F   0E1   COM~~*?Zu?
45 00 0C 44 30 42 31 20 20 20 43 41 53 00 00 0E   E~~D0B1   CAS~~~
01 5A 75 3F 45 00 18 44 30 42 32 20 20 20 41 53   ~Zu?E~~D0B2   AS
50 00 00 0F 12 5A 75 3F 45 00 1A 44 30 42 31 36   P~~~~Zu?E~~D0B16
39 20 41 34 20 00 00 0E 01 5A 75 3F 45 00 5A 44   9 A4 ~~~~Zu?E~ZD
30 42 31 20 20 20 41 53 50 00 00 10 3F 5A 75 3F   0B1   ASP~~~?Zu?
45 00 35 44 30 42 31 31 39 20 41 44 56 00 09 4E   E~5D0B119 ADV~~N
3F 5A 75 3F 45 00 20 44 30 42 32 20 20 20 49 52   ?Zu?E~ D0B2   IR
58 00 00 29 53 5A 75 3F 45 00 36 44 30 42 31 20   X~~)SZu?E~6D0B1 
20 20 4F 4B 41 00 00 10 3F 5A 75 3F 45 00 2F 44     OKA~~~?Zu?E~/D
30 42 31 37 35 20 4D 43 41 00 00 26 3F 5A 75 3F   0B175 MCA~~&?Zu?
45 00 1B 44 30 42 32 20 20 20 44 43 41 00 09 4F   E~~D0B2   DCA~~O
31 5A 75 3F 45 00 39 44 30 42 31 37 39 20 39 39   1Zu?E~9D0B179 99
39 00 00 0F 12 5A 75 3F 45 00 2F 44 30 42 31 37   9~~~~Zu?E~/D0B17
35 20 4D 41 20 00 09 50 3F 5A 75 3F 46 00 2B 44   5 MA ~~P?Zu?F~+D
30 42 31 20 20 20 4D 45 44 00 09 4F 3F 5A 75 3F   0B1   MED~~O?Zu?
46 00 10 44 30 42 32 20 20 20 46 45 50 00 00 10   F~~D0B2   FEP~~~
3F 5A 75 3F 46 00 44 44 30 42 31 20 20 20 4D 43   ?Zu?F~DD0B1   MC
41 00 00 3E 7B 5A 75 3F 46 00 3F 44 30 42 31 20   A~~>{Zu?F~?D0B1 
20 20 47 44 43 00 09 50 3F 5A 75 3F 46 00 67 44     GDC~~P?Zu?F~gD
30 42 31 20 20 20 4E 44 43 00 00 10 3F 5A 75 3F   0B1   NDC~~~?Zu?
46 00 2F 44 30 42 31 20 20 20 41 44 56 00 00 4E   F~/D0B1   ADV~~N
3F 5A 75 3F 46 00 2E 44 30 42 31 20 20 20 49 53   ?Zu?F~.D0B1   IS
20 00 00 10 3F 5A 75 3F 46 00 3C 44 30 42 31 20    ~~~?Zu?F~<D0B1 
20 20 4D 43 41 00 09 4F 3F 5A 75 3F 46 00 1E 44     MCA~~O?Zu?F~~D
30 42 31 36 39 20 39 39 39 00 00 0F 12 5A 75 3F   0B169 999~~~~Zu?
46 00 58 44 30 42 31 20 20 20 41 34 20 00 09 50   F~XD0B1   A4 ~~P
3F 5A 75 3F 46 00 30 44 30 42 31 38 38 20 4D 45   ?Zu?F~0D0B188 ME
44 00 00 0F 12 5A 75 3F 46 00 43 44 30 42 31 34   D~~~~Zu?F~CD0B14
30 20 41 34 20 00 00 3E 7B 5A 75 3F 46 00 3F 44   0 A4 ~~>{Zu?F~?D
30 42 32 20 20 20 47 44 43 00 00 37 63 5A 75 3F   0B2   GDC~~7cZu?
46 00 75 44 30 42 31 20 20 20 39 37 34 00 00 3C   F~uD0B1   974~~<
3F 5A 75 3F 46 00 16 44 30 42 32 20 20 20 30 33   ?Zu?F~~D0B2   03
32 00 00 3C 3F 5A 75 3F 46 00 19 44 30 42 32 20   2~~<?Zu?F~~D0B2 
20 20 30 33 32 00 09 51 2A 5A 75 3F 46 00 23 44     032~~Q*Zu?F~#D
30 42 32 20 20 20 4E 56 54 00 00 3C 3F 5A 75 3F   0B2   NVT~~<?Zu?
46 00 4A 44 30 42 31 20 20 20 30 33 32 00 00 10   F~JD0B1   032~~~
3F 5A 75 3F 46 00 2B 44 30 42 31 20 20 20 4D 45   ?Zu?F~+D0B1   ME
44 00 00 2A 3F 5A 75 3F 46 00 0C 44 30 42 31 20   D~~*?Zu?F~~D0B1 
20 20 43 41 53 00 09 4E 3F 5A 75 3F 46 00 2F 44     CAS~~N?Zu?F~/D
30 42 31 20 20 20 49 52 58 00 00 10 3F 5A 75 3F   0B1   IRX~~~?Zu?
46 00 2D 44 30 42 31 37 30 20 41 44 56 00 00 3C   F~-D0B170 ADV~~<
3F 5A 75 3F 46 00 29 44 30 42 31 37 39 20 30 33   ?Zu?F~)D0B179 03
32 00 09 50 3F 5A 75 3F 46 00 1C 44 30 42 31 36   2~~P?Zu?F~~D0B16
35 20 39 39 39 00 09 50 3F 5A 75 3F 46 00 52 44   5 999~~P?Zu?F~RD
30 42 31 20 20 20 43 53 50 00 00 3C 3F 5A 75 3F   0B1   CSP~~<?Zu?
46 00 36 44 30 42 31 20 20 20 30 33 32 00 00 3E   F~6D0B1   032~~>
7B 5A 75 3F 46 00 3F 44 30 42 31 20 20 20 47 44   {Zu?F~?D0B1   GD
43 00 00 0E 01 5A 75 3F 47 00 3A 44 30 42 31 20   C~~~~Zu?G~:D0B1 
20 20 41 53 50 00 00 3E 7B 5A 75 3F 47 00 3F 44     ASP~~>{Zu?G~?D
30 42 31 20 20 20 47 44 43 00 00 10 3F 5A 75 3F   0B1   GDC~~~?Zu?
47 00 35 44 30 42 31 20 20 20 41 44 56 00 00 3E   G~5D0B1   ADV~~>
7B 5A 75 3F 47 00 3F 44 30 42 32 20 20 20 47 44   {Zu?G~?D0B2   GD
43 00 00 10 3F 5A 75 3F 47 00 1D 44 30 42 31 37   C~~~?Zu?G~~D0B17
39 20 41 44 56 00 00 2E 5B 5A 75 3F 47 00 32 44   9 ADV~~.[Zu?G~2D
30 42 31 20 20 20 48 54 20 00 00 29 53 5A 75 3F   0B1   HT ~~)SZu?
47 00 67 44 30 42 32 20 20 20 4F 4B 41 00 00 10   G~gD0B2   OKA~~~
3F 5A 75 3F 47 00 28 44 30 42 31 20 20 20 4D 45   ?Zu?G~(D0B1   ME
03                                                ~