
02 31 35 30 36 37 30 31 36 34 35 4F 31 30 36 00   ~1506701645O106~
00 31 30 54 50 30 30 30 30 5A 58 30 37 57 41 4C   ~10TP0000ZX07WAL
4D 1C 3F 56 33 00 00 01 08 01 07 07 3F 00 02 00   M~?V3~~~~~~~?~~~
02 00 0D 00 29 00 1E 00 50 00 00 00 23 55 3F 74   ~~~~)~~~P~~~#U?t
38 00 21 00 21 00 00 37 56 00 09 4F 3F 5A 75 3F   8~!~!~~7V~~O?Zu?
3F 00 47 44 30 42 31 20 20 20 39 39 39 00 09 4F   ?~GD0B1   999~~O
31 5A 75 3F 3F 00 2D 44 30 42 31 20 20 20 39 39   1Zu??~-D0B1   99
39 00 09 4E 3F 5A 75 3F 3F 00 2A 44 30 42 31 20   9~~N?Zu??~*D0B1 
20 20 49 52 58 00 00 10 3F 5A 75 3F 3F 00 3A 44     IRX~~~?Zu??~:D
30 42 31 20 20 20 41 44 56 00 00 49 3F 5A 75 3F   0B1   ADV~~I?Zu?
3F 00 01 44 30 42 31 4E 4E 20 33 46 20 00 00 2A   ?~~D0B1NN 3F ~~*
3F 5A 75 3F 3F 00 13 44 30 42 31 20 20 20 43 41   ?Zu??~~D0B1   CA
53 00 00 0E 01 5A 75 3F 3F 00 0D 44 30 42 32 20   S~~~~Zu??~~D0B2 
20 20 41 53 50 00 00 2A 3F 5A 75 3F 3F 00 0C 44     ASP~~*?Zu??~~D
30 42 31 20 20 20 43 41 53 00 00 48 10 5A 75 3F   0B1   CAS~~H~Zu?
3F 00 08 44 30 42 32 20 20 20 36 36 32 00 00 3E   ?~~D0B2   662~~>
7B 5A 75 3F 3F 00 3F 44 30 42 31 20 20 20 47 44   {Zu??~?D0B1   GD
43 00 09 4F 31 5A 75 3F 00 00 16 44 30 42 32 20   C~~O1Zu?~~~D0B2 
20 20 39 39 39 00 00 45 38 5A 75 3F 00 00 4A 44     999~~E8Zu?~~JD
30 42 31 20 20 20 4D 53 43 00 09 51 1F 5A 75 3F   0B1   MSC~~Q~Zu?
00 00 0F 44 30 42 32 20 20 20 41 44 56 00 09 4F   ~~~D0B2   ADV~~O
4F 5A 75 3F 00 00 35 44 30 42 31 20 20 20 30 31   OZu?~~5D0B1   01
39 00 00 3E 7B 5A 75 3F 00 00 3F 44 30 42 31 20   9~~>{Zu?~~?D0B1 
20 20 47 44 43 00 00 44 3F 5A 75 3F 00 00 3B 44     GDC~~D?Zu?~~;D
30 42 31 20 20 20 50 30 32 00 00 3E 21 5A 75 3F   0B1   P02~~>!Zu?
00 01 12 44 30 42 31 20 20 20 20 20 20 00 00 10   ~~~D0B1      ~~~
3F 5A 75 3F 00 00 31 44 30 42 32 20 20 20 41 44   ?Zu?~~1D0B2   AD
56 00 00 2A 3F 5A 75 3F 00 00 0B 44 30 42 31 20   V~~*?Zu?~~~D0B1 
20 20 43 41 53 00 09 4F 3F 5A 75 3F 00 00 10 44     CAS~~O?Zu?~~~D
30 42 32 20 20 20 46 45 50 00 09 50 3F 5A 75 3F   0B2   FEP~~P?Zu?
00 00 3F 44 30 42 31 20 20 20 35 35 32 00 00 10   ~~?D0B1   552~~~
3F 5A 75 3F 00 00 46 44 30 42 31 37 35 20 4D 43   ?Zu?~~FD0B175 MC
41 00 00 3C 3F 5A 75 3F 00 00 4A 44 30 42 31 20   A~~<?Zu?~~JD0B1 
20 20 30 33 32 00 00 44 29 5A 75 3F 00 00 54 44     032~~D)Zu?~~TD
30 42 31 20 20 20 36 37 39 00 09 4F 31 5A 75 3F   0B1   679~~O1Zu?
00 00 2C 44 30 42 31 20 20 20 39 39 39 00 00 0F   ~~,D0B1   999~~~
12 5A 75 3F 00 00 13 44 30 42 32 20 20 20 41 34   ~Zu?~~~D0B2   A4
20 00 00 2A 3F 5A 75 3F 00 00 0C 44 30 42 31 20    ~~*?Zu?~~~D0B1 
20 20 43 41 53 00 09 50 3F 5A 75 3F 00 00 38 44     CAS~~P?Zu?~~8D
30 42 31 33 39 20 39 39 39 00 09 51 72 5A 75 3F   0B139 999~~QrZu?
01 00 24 44 30 42 32 20 20 20 41 42 41 00 00 10   ~~$D0B2   ABA~~~
3F 5A 75 3F 01 00 3F 44 30 42 31 20 20 20 4D 43   ?Zu?~~?D0B1   MC
41 00 00 4B 3F 5A 75 3F 01 00 12 44 30 42 32 20   A~~K?Zu?~~~D0B2 
20 20 30 37 37 00 00 30 18 5A 75 3F 01 00 64 44     077~~0~Zu?~~dD
30 42 31 20 20 20 50 41 52 00 09 50 3F 5A 75 3F   0B1   PAR~~P?Zu?
01 00 2B 44 30 42 31 20 20 20 34 36 34 00 00 3E   ~~+D0B1   464~~>
7B 5A 75 3F 01 00 3F 44 30 42 31 20 20 20 47 44   {Zu?~~?D0B1   GD
43 00 00 49 3F 5A 75 3F 01 00 10 44 30 42 32 20   C~~I?Zu?~~~D0B2 
20 20 50 33 30 00 00 10 3F 5A 75 3F 01 00 1F 44     P30~~~?Zu?~~~D
30 42 31 20 20 20 41 44 56 00 00 2D 20 5A 75 3F   0B1   ADV~~- Zu?
01 00 3F 44 30 42 31 20 20 20 31 32 31 00 00 10   ~~?D0B1   121~~~
3F 5A 75 3F 01 00 27 44 30 42 31 20 20 20 41 44   ?Zu?~~'D0B1   AD
56 00 00 10 3F 5A 75 3F 01 01 3D 44 30 42 31 37   V~~~?Zu?~~=D0B17
35 20 43 41 4C 00 00 2D 20 5A 75 3F 01 00 6C 44   5 CAL~~- Zu?~~lD
30 42 31 37 30 20 31 32 31 00 00 10 3F 5A 75 3F   0B170 121~~~?Zu?
01 00 22 44 30 42 31 20 20 20 41 44 56 00 00 10   ~~"D0B1   ADV~~~
3F 5A 75 3F 01 00 27 44 30 42 32 20 20 20 41 44   ?Zu?~~'D0B2   AD
56 00 00 10 3F 5A 75 3F 01 00 78 44 30 42 31 20   V~~~?Zu?~~xD0B1 
20 20 4D 45 44 00 00 4E 3F 5A 75 3F 01 00 25 44     MED~~N?Zu?~~%D
30 42 31 20 20 20 4E 45 20 00 00 37 7B 5A 75 3F   0B1   NE ~~7{Zu?
01 00 3F 44 30 42 31 20 20 20 4F 52 44 00 00 3E   ~~?D0B1   ORD~~>
7B 5A 75 3F 01 00 3F 44 30 42 31 20 20 20 47 44   {Zu?~~?D0B1   GD
43 00 00 10 3F 5A 75 3F 01 00 30 44 30 42 31 20   C~~~?Zu?~~0D0B1 
20 20 41 44 56 00 09 4E 3F 5A 75 3F 01 00 35 44     ADV~~N?Zu?~~5D
30 42 31 20 20 20 49 52 58 00 00 10 3F 5A 75 3F   0B1   IRX~~~?Zu?
01 00 33 44 30 42 31 20 20 20 41 44 56 00 09 51   ~~3D0B1   ADV~~Q
2A 5A 75 3F 01 00 46 44 30 42 31 20 20 20 4E 56   *Zu?~~FD0B1   NV
54 00 00 4E 3F 5A 75 3F 01 00 2B 44 30 42 32 20   T~~N?Zu?~~+D0B2 
20 20 49 53 20 00 00 10 3F 5A 75 3F 01 00 0B 44     IS ~~~?Zu?~~~D
30 42 32 20 20 20 41 44 56 00 00 39 3F 5A 75 3F   0B2   ADV~~9?Zu?
01 00 2D 44 30 45 31 4D 36 20 43 4F 4D 00 00 3C   ~~-D0E1M6 COM~~<
3F 5A 75 3F 01 00 32 44 30 42 31 35 34 20 30 33   ?Zu?~~2D0B154 03
32 00 0C 35 04 5A 75 3F 01 00 59 44 30 42 31 20   2~~5~Zu?~~YD0B1 
20 20 30 30 38 00 00 3C 3F 5A 75 3F 01 00 31 44     008~~<?Zu?~~1D
30 42 31 20 20 20 30 33 32 00 00 0F 12 5A 75 3F   0B1   032~~~~Zu?
02 00 28 44 30 42 31 20 20 20 4D 41 20 00 00 2A   ~~(D0B1   MA ~~*
3F 5A 75 3F 02 00 06 44 30 42 32 20 20 20 43 41   ?Zu?~~~D0B2   CA
53 00 00 2A 3F 5A 75 3F 02 00 15 44 30 42 31 20   S~~*?Zu?~~~D0B1 
20 20 43 41 53 00 00 5D 48 5A 75 3F 02 00 49 44     CAS~~]HZu?~~ID
30 42 31 37 35 20 4B 59 50 00 00 4E 3F 5A 75 3F   0B175 KYP~~N?Zu?
02 00 2C 44 30 42 31 20 20 20 49 53 20 00 00 10   ~~,D0B1   IS ~~~
3F 5A 75 3F 02 00 2B 44 30 42 31 20 20 20 4D 45   ?Zu?~~+D0B1   ME
44 00 00 0E 01 5A 75 3F 02 00 56 44 30 42 31 20   D~~~~Zu?~~VD0B1 
20 20 41 53 50 00 00 41 3F 5A 75 3F 02 00 35 44     ASP~~A?Zu?~~5D
30 42 31 20 20 20 50 44 50 00 00 2A 3F 5A 75 3F   0B1   PDP~~*?Zu?
02 00 0A 44 30 42 32 20 20 20 43 41 53 00 00 10   ~~~D0B2   CAS~~~
3F 5A 75 3F 02 00 27 44 30 42 31 41 43 20 41 44   ?Zu?~~'D0B1AC AD
56 00 00 3E 7B 5A 75 3F 02 00 3F 44 30 42 31 20   V~~>{Zu?~~?D0B1 
20 20 47 44 43 00 00 5D 48 5A 75 3F 02 00 0D 44     GDC~~]HZu?~~~D
30 42 32 20 20 20 4B 59 50 00 00 0F 12 5A 75 3F   0B2   KYP~~~~Zu?
02 00 2E 44 30 42 31 20 20 20 44 45 20 00 09 4F   ~~.D0B1   DE ~~O
31 5A 75 3F 02 00 07 44 30 42 31 38 38 20 39 39   1Zu?~~~D0B188 99
39 00 00 10 3F 5A 75 3F 02 00 11 44 30 42 32 20   9~~~?Zu?~~~D0B2 
20 20 41 44 56 00 00 10 3F 5A 75 3F 02 00 30 44     ADV~~~?Zu?~~0D
30 42 31 20 20 20 4D 43 41 00 00 3A 10 5A 75 3F   0B1   MCA~~:~Zu?
02 00 3F 44 30 42 31 20 20 20 50 30 34 00 00 10   ~~?D0B1   P04~~~
3F 5A 75 3F 02 00 22 44 30 42 31 20 20 20 41 44   ?Zu?~~"D0B1   AD
56 00 09 50 3F 5A 75 3F 02 00 2B 44 30 42 32 20   V~~P?Zu?~~+D0B2 
20 20 43 53 50 00 00 49 3F 5A 75 3F 02 00 35 44     CSP~~I?Zu?~~5D
30 42 31 37 37 20 50 33 30 00 09 50 3F 5A 75 3F   0B177 P30~~P?Zu?
02 00 74 44 30 42 31 20 20 20 30 30 36 00 00 42   ~~tD0B1   006~~B
72 5A 75 3F 02 00 25 44 30 42 31 20 20 20 43 49   rZu?~~%D0B1   CI
4D 00 09 50 3F 5A 75 3F 02 00 6F 44 30 42 31 36   M~~P?Zu?~~oD0B16
32 20 35 35 32 00 00 32 52 5A 75 3F 02 00 70 44   2 552~~2RZu?~~pD
30 42 31 20 20 20 4B 50 50 00 09 4F 31 5A 75 3F   0B1   KPP~~O1Zu?
03 00 31 44 30 42 31 37 39 20 39 39 39 00 09 29   ~~1D0B179 999~~)
6A 5A 75 3F 03 01 39 44 30 42 32 20 20 20 35 34   jZu?~~9D0B2   54
20 00 00 42 72 5A 75 3F 03 00 42 44 30 42 31 20    ~~BrZu?~~BD0B1 
20 20 43 49 4D 00 00 3C 3F 5A 75 3F 03 00 51 44     CIM~~<?Zu?~~QD
30 42 31 20 20 20 30 33 32 00 00 0F 12 5A 75 3F   0B1   032~~~~Zu?
03 00 2E 44 30 42 31 20 20 20 41 34 20 00 00 10   ~~.D0B1   A4 ~~~
3F 5A 75 3F 03 00 23 44 30 42 31 36 39 20 41 44   ?Zu?~~#D0B169 AD
56 00 00 10 3F 5A 75 3F 03 00 70 44 30 42 31 20   V~~~?Zu?~~pD0B1 
20 20 4D 45 44 00 00 10 3F 5A 75 3F 03 00 3F 44     MED~~~?Zu?~~?D
30 42 31 20 20 20 4D 45 44 00 00 26 3F 5A 75 3F   0B1   MED~~&?Zu?
03 00 23 44 30 42 31 36 39 20 52 4F 49 00 00 44   ~~#D0B169 ROI~~D
29 5A 75 3F 03 00 48 44 30 42 31 37 36 20 36 37   )Zu?~~HD0B176 67
39 00 00 10 3F 5A 75 3F 03 00 0E 44 30 42 31 32   9~~~?Zu?~~~D0B12
39 20 54 45 4C 00 09 4F 31 5A 75 3F 03 00 2F 44   9 TEL~~O1Zu?~~/D
30 42 31 20 20 20 39 39 39 00 09 4E 3F 5A 75 3F   0B1   999~~N?Zu?
03 00 37 44 30 42 31 20 20 20 49 52 58 00 00 3C   ~~7D0B1   IRX~~<
3F 5A 75 3F 03 00 2B 44 30 42 31 20 20 20 30 33   ?Zu?~~+D0B1   03
32 00 09 50 3F 5A 75 3F 03 00 1D 44 30 42 32 20   2~~P?Zu?~~~D0B2 
20 20 50 44 47 00 00 10 3F 5A 75 3F 03 00 29 44     PDG~~~?Zu?~~)D
30 42 31 36 38 20 4D 45 44 00 00 0F 12 5A 75 3F   0B168 MED~~~~Zu?
03 00 20 44 30 42 31 37 39 20 4D 41 20 00 00 10   ~~ D0B179 MA ~~~
3F 5A 75 3F 03 00 3F 44 30 42 31 20 20 20 54 45   ?Zu?~~?D0B1   TE
4C 00 09 4F 31 5A 75 3F 03 00 0E 44 30 42 32 20   L~~O1Zu?~~~D0B2 
20 20 39 39 39 00 09 4E 3F 5A 75 3F 03 00 25 44     999~~N?Zu?~~%D
30 42 31 36 39 20 4D 45 44 00 09 51 59 5A 75 3F   0B169 MED~~QYZu?
03 00 2D 44 30 42 31 20 20 20 30 33 31 00 00 10   ~~-D0B1   031~~~
3F 5A 75 3F 03 00 10 44 30 42 32 20 20 20 4D 45   ?Zu?~~~D0B2   ME
44 00 00 4E 3F 5A 75 3F 03 00 1E 44 30 42 32 20   D~~N?Zu?~~~D0B2 
20 20 57 47 20 00 00 0F 12 5A 75 3F 03 00 2B 44     WG ~~~~Zu?~~+D
30 42 31 20 20 20 4D 44 20 00 00 3E 7B 5A 75 3F   0B1   MD ~~>{Zu?
03 01 1E 44 30 42 31 20 20 20 47 44 43 00 09 4E   ~~~D0B1   GDC~~N
3F 5A 75 3F 03 00 47 44 30 42 32 20 20 20 49 52   ?Zu?~~GD0B2   IR
58 00 00 3E 7B 5A 75 3F 03 00 3F 44 30 42 31 20   X~~>{Zu?~~?D0B1 
20 20 47 44 43 00 00 10 3F 5A 75 3F 04 00 11 44     GDC~~~?Zu?~~~D
30 42 32 20 20 20 4D 45 44 00 00 2A 3F 5A 75 3F   0B2   MED~~*?Zu?
04 00 10 44 30 42 32 20 20 20 43 41 53 00 00 4B   ~~~D0B2   CAS~~K
3F 5A 75 3F 04 00 20 44 30 42 31 20 20 20 30 37   ?Zu?~~ D0B1   07
37 00 00 2A 3F 5A 75 3F 04 00 12 44 30 42 31 20   7~~*?Zu?~~~D0B1 
20 20 43 41 53 00 09 4F 3F 5A 75 3F 04 00 4C 44     CAS~~O?Zu?~~LD
30 42 31 20 20 20 46 45 50 00 09 51 1F 5A 75 3F   0B1   FEP~~Q~Zu?
04 00 26 44 30 42 31 20 20 20 41 44 56 00 00 3C   ~~&D0B1   ADV~~<
3F 5A 75 3F 04 00 3C 44 30 42 31 20 20 20 30 33   ?Zu?~~<D0B1   03
32 00 00 2D 3F 5A 75 3F 04 00 3D 44 30 42 32 20   2~~-?Zu?~~=D0B2 
20 20 48 54 20 00 00 3E 7B 5A 75 3F 04 00 3F 44     HT ~~>{Zu?~~?D
30 42 31 20 20 20 47 44 43 00 00 42 72 5A 75 3F   0B1   GDC~~BrZu?
04 00 2B 44 30 42 31 20 20 20 43 49 4D 00 09 4E   ~~+D0B1   CIM~~N
3F 5A 75 3F 04 00 3C 44 30 42 31 20 20 20 49 52   ?Zu?~~<D0B1   IR
58 00 09 4F 31 5A 75 3F 04 00 42 44 30 42 31 37   X~~O1Zu?~~BD0B17
39 20 39 39 39 00 00 10 3F 5A 75 3F 05 00 3D 44   9 999~~~?Zu?~~=D
30 42 31 20 20 20 41 44 56 00 00 10 3F 5A 75 3F   0B1   ADV~~~?Zu?
05 00 21 44 30 42 32 20 20 20 41 44 56 00 00 58   ~~!D0B2   ADV~~X
3F 5A 75 3F 05 00 3F 44 30 42 31 20 20 20 36 33   ?Zu?~~?D0B1   63
33 00 00 10 3F 5A 75 3F 05 00 31 44 30 42 31 20   3~~~?Zu?~~1D0B1 
20 20 4D 45 44 00 00 3E 7B 5A 75 3F 05 00 3F 44     MED~~>{Zu?~~?D
30 42 31 20 20 20 47 44 43 00 09 4E 3F 5A 75 3F   0B1   GDC~~N?Zu?
05 00 20 44 30 42 32 20 20 20 54 42 4B 00 09 4F   ~~ D0B2   TBK~~O
3F 5A 75 3F 05 00 30 44 30 42 32 20 20 20 39 39   ?Zu?~~0D0B2   99
39 00 00 42 72 5A 75 3F 05 00 42 44 30 42 31 20   9~~BrZu?~~BD0B1 
20 20 43 49 4D 00 00 10 3F 5A 75 3F 05 00 24 44     CIM~~~?Zu?~~$D
30 42 31 20 20 20 4D 43 41 00 09 4F 3F 5A 75 3F   0B1   MCA~~O?Zu?
05 00 42 44 30 42 31 37 30 20 39 39 39 00 09 50   ~~BD0B170 999~~P
3F 5A 75 3F 05 00 01 44 30 42 31 38 38 20 34 34   ?Zu?~~~D0B188 44
30 00 00 10 32 5A 75 3F 05 00 3F 44 30 42 31 20   0~~~2Zu?~~?D0B1 
20 20 20 20 20 00 00 42 72 5A 75 3F 05 00 0E 44        ~~BrZu?~~~D
30 42 32 20 20 20 43 49 4D 00 00 2A 3F 5A 75 3F   0B2   CIM~~*?Zu?
05 00 0B 44 30 42 31 20 20 20 43 41 53 00 09 4E   ~~~D0B1   CAS~~N
3F 5A 75 3F 05 00 2E 44 30 42 31 20 20 20 43 54   ?Zu?~~.D0B1   CT
52 00 00 2A 3F 5A 75 3F 05 00 15 44 30 42 31 20   R~~*?Zu?~~~D0B1 
20 20 43 41 53 00 00 10 3F 5A 75 3F 05 00 40 44     CAS~~~?Zu?~~@D
30 42 31 20 20 20 37 37 39 00 00 3E 7B 5A 75 3F   0B1   779~~>{Zu?
05 01 2C 44 30 42 31 20 20 20 47 44 43 00 09 50   ~~,D0B1   GDC~~P
5C 5A 75 3F 05 00 52 44 30 42 32 20 20 20 57 4D   \Zu?~~RD0B2   WM
31 00 00 0F 3F 5A 75 3F 05 00 1D 44 30 42 32 20   1~~~?Zu?~~~D0B2 
20 20 50 30 32 00 00 4E 3F 5A 75 3F 05 00 34 44     P02~~N?Zu?~~4D
30 42 31 20 20 20 48 4C 20 00 00 0F 3F 5A 75 3F   0B1   HL ~~~?Zu?
05 00 4C 44 30 42 31 37 36 20 34 33 2D 00 00 10   ~~LD0B176 43-~~~
3F 5A 75 3F 05 00 34 44 30 42 31 20 20 20 4D 45   ?Zu?~~4D0B1   ME
44 00 09 4F 3F 5A 75 3F 05 00 44 44 30 42 31 20   D~~O?Zu?~~DD0B1 
20 20 39 39 39 00 00 0E 01 5A 75 3F 05 00 21 44     999~~~~Zu?~~!D
30 42 31 35 31 20 31 34 37 00 00 44 29 5A 75 3F   0B151 147~~D)Zu?
05 00 11 44 30 42 31 38 38 20 36 37 39 00 00 4E   ~~~D0B188 679~~N
3F 5A 75 3F 06 00 08 44 30 42 32 20 20 20 49 53   ?Zu?~~~D0B2   IS
20 00 00 4E 3F 5A 75 3F 06 00 26 44 30 42 31 20    ~~N?Zu?~~&D0B1 
20 20 43 53 20 00 09 51 2A 5A 75 3F 06 00 31 44     CS ~~Q*Zu?~~1D
30 42 32 20 20 20 4E 56 54 00 00 4E 3F 5A 75 3F   0B2   NVT~~N?Zu?
06 00 13 44 30 42 32 20 20 20 57 47 20 00 00 10   ~~~D0B2   WG ~~~
3F 5A 75 3F 06 00 35 44 30 42 31 20 20 20 4D 45   ?Zu?~~5D0B1   ME
44 00 00 39 3F 5A 75 3F 06 00 41 44 30 45 31 20   D~~9?Zu?~~AD0E1 
20 20 43 4F 4D 00 00 44 3F 5A 75 3F 06 00 11 44     COM~~D?Zu?~~~D
30 42 32 20 20 20 50 30 32 00 00 4E 3F 5A 75 3F   0B2   P02~~N?Zu?
06 00 34 44 30 42 31 20 20 20 49 53 20 00 00 2A   ~~4D0B1   IS ~~*
3F 5A 75 3F 06 00 06 44 30 42 32 20 20 20 43 41   ?Zu?~~~D0B2   CA
53 00 00 3E 7B 5A 75 3F 06 00 3F 44 30 42 31 20   S~~>{Zu?~~?D0B1 
20 20 47 44 43 00 00 0F 12 5A 75 3F 06 00 32 44     GDC~~~~Zu?~~2D
30 42 31 34 30 20 41 34 20 00 09 4F 3F 5A 75 3F   0B140 A4 ~~O?Zu?
06 00 2F 44 30 42 31 20 20 20 39 39 39 00 00 2D   ~~/D0B1   999~~-
20 5A 75 3F 06 00 33 44 30 42 31 20 20 20 53 41    Zu?~~3D0B1   SA
4C 00 00 58 3F 5A 75 3F 06 00 6D 44 30 42 31 41   L~~X?Zu?~~mD0B1A
41 20 36 33 33 00 00 3E 7B 5A 75 3F 06 01 3F 44   A 633~~>{Zu?~~?D
30 42 31 20 20 20 47 44 43 00 09 51 3F 5A 75 3F   0B1   GDC~~Q?Zu?
06 00 21 44 30 42 32 20 20 20 30 32 30 00 00 3E   ~~!D0B2   020~~>
7B 5A 75 3F 06 00 3F 44 30 42 32 20 20 20 47 44   {Zu?~~?D0B2   GD
43 00 00 2D 20 5A 75 3F 06 00 56 44 30 42 31 37   C~~- Zu?~~VD0B17
30 20 4E 4D 44 00 09 4F 3F 5A 75 3F 06 00 20 44   0 NMD~~O?Zu?~~ D
30 42 31 20 20 20 39 39 39 00 00 3C 3F 5A 75 3F   0B1   999~~<?Zu?
06 00 29 44 30 42 32 20 20 20 30 35 34 00 00 3C   ~~)D0B2   054~~<
3F 5A 75 3F 06 00 29 44 30 42 31 20 20 20 30 33   ?Zu?~~)D0B1   03
32 00 09 33 3F 5A 75 3F 07 00 14 44 30 42 31 20   2~~3?Zu?~~~D0B1 
20 20 42 41 5A 00 00 0F 12 5A 75 3F 07 00 2F 44     BAZ~~~~Zu?~~/D
30 42 31 38 39 31 41 34 20 00 00 10 32 5A 75 3F   0B1891A4 ~~~2Zu?
07 01 7D 44 30 42 31 38 38 20 20 20 20 00 09 51   ~~}D0B188    ~~Q
2A 5A 75 3F 07 00 3C 44 30 42 31 20 20 20 4E 56   *Zu?~~<D0B1   NV
54 00 00 10 3F 5A 75 3F 07 00 2B 44 30 42 31 20   T~~~?Zu?~~+D0B1 
20 20 4D 45 44 00 00 3E 7B 5A 75 3F 07 00 3F 44     MED~~>{Zu?~~?D
30 42 31 20 20 20 47 44 43 00 09 4F 31 5A 75 3F   0B1   GDC~~O1Zu?
07 00 0D 44 30 42 32 20 20 20 39 39 39 00 00 2A   ~~~D0B2   999~~*
3F 5A 75 3F 07 00 01 44 30 42 32 20 20 20 43 41   ?Zu?~~~D0B2   CA
53 00 00 62 3F 5A 75 3F 07 00 3F 44 30 42 31 20   S~~b?Zu?~~?D0B1 
20 20 44 52 4D 00 09 4F 31 5A 75 3F 07 00 31 44     DRM~~O1Zu?~~1D
30 42 31 20 20 20 39 39 39 00 00 10 3F 5A 75 3F   0B1   999~~~?Zu?
07 00 4E 44 30 42 31 20 20 20 41 44 56 00 00 3E   ~~ND0B1   ADV~~>
7B 5A 75 3F 07 00 3F 44 30 42 32 20 20 20 47 44   {Zu?~~?D0B2   GD
43 00 09 51 2A 5A 75 3F 07 00 58 44 30 42 31 37   C~~Q*Zu?~~XD0B17
30 20 4D 43 44 00 00 4E 3F 5A 75 3F 07 00 35 44   0 MCD~~N?Zu?~~5D
30 42 31 37 36 20 57 47 20 00 00 3E 7B 5A 75 3F   0B176 WG ~~>{Zu?
07 00 3F 44 30 42 31 20 20 20 47 44 43 00 09 50   ~~?D0B1   GDC~~P
3F 5A 75 3F 07 00 14 44 30 42 32 20 20 20 30 30   ?Zu?~~~D0B2   00
36 00 00 3E 7B 5A 75 3F 07 00 3F 44 30 42 31 20   6~~>{Zu?~~?D0B1 
20 20 47 44 43 00 00 2A 3F 5A 75 3F 07 00 12 44     GDC~~*?Zu?~~~D
30 42 31 20 20 20 43 41 53 00 00 06 11 5A 75 3F   0B1   CAS~~~~Zu?
07 00 27 44 30 42 31 20 20 20 54 4E 4D 00 00 10   ~~'D0B1   TNM~~~
3F 5A 75 3F 07 00 2D 44 30 42 31 38 38 20 4D 45   ?Zu?~~-D0B188 ME
44 00 09 51 2A 5A 75 3F 07 00 28 44 30 42 32 20   D~~Q*Zu?~~(D0B2 
20 20 4E 56 54 00 09 50 3F 5A 75 3F 07 00 46 44     NVT~~P?Zu?~~FD
30 42 31 38 38 20 39 39 39 00 00 4C 3F 5A 75 3F   0B188 999~~L?Zu?
07 00 5E 44 30 42 31 20 20 20 50 52 58 00 00 3E   ~~^D0B1   PRX~~>
7B 5A 75 3F 07 00 3F 44 30 42 32 20 20 20 47 44   {Zu?~~?D0B2   GD
43 00 09 33 3F 5A 75 3F 07 00 32 44 30 42 31 37   C~~3?Zu?~~2D0B17
36 20 42 41 5A 00 00 42 72 5A 75 3F 07 00 1D 44   6 BAZ~~BrZu?~~~D
30 42 31 38 52 20 43 49 4D 00 00 10 3F 5A 75 3F   0B18R CIM~~~?Zu?
07 00 23 44 30 42 31 20 20 20 4D 43 41 00 00 10   ~~#D0B1   MCA~~~
3F 5A 75 3F 07 00 2C 44 30 42 31 20 20 20 4D 43   ?Zu?~~,D0B1   MC
41 00 00 4E 3F 5A 75 3F 08 00 3A 44 30 42 31 20   A~~N?Zu?~~:D0B1 
20 20 57 47 20 00 00 2A 3F 5A 75 3F 08 00 12 44     WG ~~*?Zu?~~~D
30 42 31 20 20 20 43 41 53 00 09 4E 3F 5A 75 3F   0B1   CAS~~N?Zu?
08 00 38 44 30 42 31 20 20 20 43 54 52 00 00 10   ~~8D0B1   CTR~~~
32 5A 75 3F 08 00 3F 44 30 42 31 20 20 20 20 20   2Zu?~~?D0B1     
20 00 00 10 3F 5A 75 3F 08 00 2E 44 30 42 31 20    ~~~?Zu?~~.D0B1 
20 20 41 44 56 00 00 42 72 5A 75 3F 08 00 2F 44     ADV~~BrZu?~~/D
30 42 31 20 20 20 30 32 31 00 00 06 11 5A 75 3F   0B1   021~~~~Zu?
08 00 14 44 30 42 32 20 20 20 54 4E 4D 00 00 2E   ~~~D0B2   TNM~~.
73 5A 75 3F 08 00 1D 44 30 42 31 20 20 20 20 20   sZu?~~~D0B1     
20 00 09 4E 3F 5A 75 3F 08 00 4B 44 30 42 32 20    ~~N?Zu?~~KD0B2 
20 20 20 20 20 00 09 4F 31 5A 75 3F 08 00 45 44        ~~O1Zu?~~ED
30 42 31 20 20 20 39 39 39 00 00 2A 3F 5A 75 3F   0B1   999~~*?Zu?
08 00 01 44 30 42 32 20 20 20 43 41 53 00 00 37   ~~~D0B2   CAS~~7
7B 5A 75 3F 08 00 3F 44 30 42 31 20 20 20 4F 52   {Zu?~~?D0B1   OR
44 00 00 2A 3F 5A 75 3F 08 00 0B 44 30 42 31 20   D~~*?Zu?~~~D0B1 
20 20 43 41 53 00 00 5D 48 5A 75 3F 08 00 4A 44     CAS~~]HZu?~~JD
30 42 31 20 20 20 4B 59 50 00 00 3C 3F 5A 75 3F   0B1   KYP~~<?Zu?
08 00 3B 44 30 42 31 20 20 20 30 33 32 00 00 10   ~~;D0B1   032~~~
3F 5A 75 3F 08 00 21 44 30 42 31 36 39 20 4D 43   ?Zu?~~!D0B169 MC
41 00 09 51 2A 5A 75 3F 08 00 25 44 30 42 31 37   A~~Q*Zu?~~%D0B17
37 20 4D 43 44 00 00 26 3F 5A 75 3F 08 00 2E 44   7 MCD~~&?Zu?~~.D
30 42 31 36 35 20 52 4F 49 00 00 10 3F 5A 75 3F   0B165 ROI~~~?Zu?
08 00 34 44 30 42 31 20 20 20 4D 45 44 00 09 51   ~~4D0B1   MED~~Q
2A 5A 75 3F 09 00 45 44 30 42 31 37 58 20 4D 43   *Zu?~~ED0B17X MC
44 00 00 5C 17 5A 75 3F 09 00 3F 44 30 42 31 38   D~~\~Zu?~~?D0B18
38 20 39 39 39 00 09 4F 31 5A 75 3F 09 00 19 44   8 999~~O1Zu?~~~D
30 42 32 20 20 20 39 39 39 00 00 2A 3F 5A 75 3F   0B2   999~~*?Zu?
09 00 11 44 30 42 31 20 20 20 43 41 53 00 00 3E   ~~~D0B1   CAS~~>
7B 5A 75 3F 09 00 3F 44 30 42 31 20 20 20 47 44   {Zu?~~?D0B1   GD
43 00 09 50 3F 5A 75 3F 09 00 28 44 30 42 32 20   C~~P?Zu?~~(D0B2 
20 20 34 34 30 00 00 3C 3F 5A 75 3F 09 00 32 44     440~~<?Zu?~~2D
30 42 31 30 34 20 30 33 32 00 09 4F 3F 5A 75 3F   0B104 032~~O?Zu?
09 00 09 44 30 42 32 20 20 20 39 39 39 00 00 10   ~~~D0B2   999~~~
3F 5A 75 3F 09 00 29 44 30 42 31 20 20 20 41 44   ?Zu?~~)D0B1   AD
56 00 09 4F 3F 5A 75 3F 09 00 19 44 30 42 32 20   V~~O?Zu?~~~D0B2 
20 20 39 39 39 00 00 0E 01 5A 75 3F 09 00 48 44     999~~~~Zu?~~HD
30 42 31 20 20 20 33 38 30 00 00 3E 7B 5A 75 3F   0B1   380~~>{Zu?
09 00 3F 44 30 42 31 20 20 20 47 44 43 00 00 2A   ~~?D0B1   GDC~~*
3F 5A 75 3F 09 00 19 44 30 42 31 37 30 20 56 41   ?Zu?~~~D0B170 VA
43 00 00 3E 7B 5A 75 3F 09 00 11 44 30 42 31 4E   C~~>{Zu?~~~D0B1N
4E 20 47 44 43 00 00 10 3F 5A 75 3F 09 00 24 44   N GDC~~~?Zu?~~$D
30 42 31 37 39 20 4D 45 44 00 00 3E 21 5A 75 3F   0B179 MED~~>!Zu?
09 01 2C 44 30 42 31 20 20 20 20 20 20 00 00 10   ~~,D0B1      ~~~
3F 5A 75 3F 09 00 13 44 30 42 32 20 20 20 4D 45   ?Zu?~~~D0B2   ME
44 00 00 10 3F 5A 75 3F 09 00 31 44 30 42 31 20   D~~~?Zu?~~1D0B1 
20 20 4D 43 41 00 09 4E 3F 5A 75 3F 09 00 29 44     MCA~~N?Zu?~~)D
30 42 31 37 58 20 4D 45 44 00 00 10 3F 5A 75 3F   0B17X MED~~~?Zu?
09 00 2B 44 30 42 31 20 20 20 41 44 56 00 00 2A   ~~+D0B1   ADV~~*
3F 5A 75 3F 09 00 01 44 30 42 32 20 20 20 43 41   ?Zu?~~~D0B2   CA
53 00 09 50 3F 5A 75 3F 0A 00 4B 44 30 42 31 20   S~~P?Zu?~~KD0B1 
20 20 34 34 34 00 00 12 4A 5A 75 3F 0A 00 3F 44     444~~~JZu?~~?D
30 42 32 20 20 20 43 4E 20 00 00 10 3F 5A 75 3F   0B2   CN ~~~?Zu?
0A 00 09 44 30 42 32 20 20 20 4D 45 44 00 00 10   ~~~D0B2   MED~~~
3F 5A 75 3F 0A 00 1C 44 30 42 31 36 37 20 41 44   ?Zu?~~~D0B167 AD
56 00 09 4F 3F 5A 75 3F 0A 00 32 44 30 42 31 20   V~~O?Zu?~~2D0B1 
20 20 46 45 50 00 00 10 3F 5A 75 3F 0A 00 28 44     FEP~~~?Zu?~~(D
30 42 31 20 20 20 4D 45 44 00 09 4F 31 5A 75 3F   0B1   MED~~O1Zu?
0A 00 37 44 30 42 31 20 20 20 39 39 39 00 00 3C   ~~7D0B1   999~~<
3F 5A 75 3F 0A 00 29 44 30 42 31 20 20 20 30 33   ?Zu?~~)D0B1   03
32 00 00 42 72 5A 75 3F 0A 00 0F 44 30 42 31 45   2~~BrZu?~~~D0B1E
37 20 30 32 31 00 00 3E 31 5A 75 3F 0A 00 42 44   7 021~~>1Zu?~~BD
30 42 31 4D 52 20 20 20 20 00 00 3A 31 5A 75 3F   0B1MR    ~~:1Zu?
0A 00 27 44 30 42 31 35 36 39 4D 42 47 00 09 4F   ~~'D0B1569MBG~~O
31 5A 75 3F 0A 00 30 44 30 42 31 20 20 20 39 39   1Zu?~~0D0B1   99
39 00 09 4F 3F 5A 75 3F 0A 00 2F 44 30 42 31 20   9~~O?Zu?~~/D0B1 
20 20 39 39 39 00 00 2A 3F 5A 75 3F 0A 00 0B 44     999~~*?Zu?~~~D
30 42 31 20 20 20 43 41 53 00 09 4E 3F 5A 75 3F   0B1   CAS~~N?Zu?
0A 00 2A 44 30 42 31 20 20 20 4D 45 44 00 00 3E   ~~*D0B1   MED~~>
7B 5A 75 3F 0A 01 07 44 30 42 31 20 20 20 47 44   {Zu?~~~D0B1   GD
43 00 00 10 3F 5A 75 3F 0A 00 28 44 30 42 31 20   C~~~?Zu?~~(D0B1 
20 20 4D 45 44 00 00 3E 7B 5A 75 3F 0A 00 3F 44     MED~~>{Zu?~~?D
30 42 31 20 20 20 47 44 43 00 00 3E 7B 5A 75 3F   0B1   GDC~~>{Zu?
0A 00 3F 44 30 42 31 20 20 20 47 44 43 00 00 2A   ~~?D0B1   GDC~~*
3F 5A 75 3F 0A 00 05 44 30 42 32 20 20 20 43 41   ?Zu?~~~D0B2   CA
53 00 00 10 3F 5A 75 3F 0A 00 13 44 30 42 32 20   S~~~?Zu?~~~D0B2 
20 20 41 44 56 00 00 3C 3F 5A 75 3F 0A 00 1C 44     ADV~~<?Zu?~~~D
30 42 32 20 20 20 30 33 32 00 00 3C 3F 5A 75 3F   0B2   032~~<?Zu?
0A 00 29 44 30 42 31 35 34 20 30 33 32 00 00 10   ~~)D0B154 032~~~
3F 5A 75 3F 0A 00 35 44 30 42 31 20 20 20 41 44   ?Zu?~~5D0B1   AD
56 00 00 3C 3F 5A 75 3F 0A 00 2F 44 30 42 31 20   V~~<?Zu?~~/D0B1 
20 20 30 33 32 00 00 10 3F 5A 75 3F 0A 00 33 44     032~~~?Zu?~~3D
30 42 31 20 20 20 4D 45 44 00 00 0F 12 5A 75 3F   0B1   MED~~~~Zu?
0A 00 24 44 30 42 31 20 20 20 41 34 20 00 00 10   ~~$D0B1   A4 ~~~
3F 5A 75 3F 0A 00 3E 44 30 42 31 20 20 20 41 44   ?Zu?~~>D0B1   AD
56 00 00 2D 20 5A 75 3F 0A 00 49 44 30 42 31 39   V~~- Zu?~~ID0B19
34 33 49 4C 44 00 00 06 11 5A 75 3F 0A 00 16 44   43ILD~~~~Zu?~~~D
30 42 31 36 39 20 43 56 52 00 00 2A 3F 5A 75 3F   0B169 CVR~~*?Zu?
3F 00 12 44 30 42 31 20 20 20 43 41 53 00 00 0F   ?~~D0B1   CAS~~~
12 5A 75 3F 3F 00 28 44 30 42 31 37 39 20 41 34   ~Zu??~(D0B179 A4
20 00 00 0E 01 5A 75 3F 3F 00 32 44 30 42 31 20    ~~~~Zu??~2D0B1 
20 20 41 53 50 00 09 4F 31 5A 75 3F 3F 00 28 44     ASP~~O1Zu??~(D
30 42 31 20 20 20 39 39 39 00 00 10 3F 5A 75 3F   0B1   999~~~?Zu?
3F 00 39 44 30 42 31 20 20 20 4D 45 44 00 09 51   ?~9D0B1   MED~~Q
3F 5A 75 3F 3F 00 1C 44 30 42 31 20 20 20 20 20   ?Zu??~~D0B1     
20 00 09 4E 3F 5A 75 3F 3F 00 31 44 30 42 31 37    ~~N?Zu??~1D0B17
30 20 4D 45 44 00 00 10 3F 5A 75 3F 3F 00 19 44   0 MED~~~?Zu??~~D
30 42 32 20 20 20 4D 45 44 00 09 50 3F 5A 75 3F   0B2   MED~~P?Zu?
3F 00 30 44 30 42 31 20 20 20 34 37 30 00 00 4A   ?~0D0B1   470~~J
07 5A 75 3F 3F 00 35 44 30 42 31 20 20 20 47 42   ~Zu??~5D0B1   GB
58 00 09 4F 31 5A 75 3F 3F 00 2F 44 30 42 31 37   X~~O1Zu??~/D0B17
39 20 39 39 39 00 00 3C 3F 5A 75 3F 3F 00 3C 44   9 999~~<?Zu??~<D
30 42 31 20 20 20 30 33 32 00 00 4E 3F 5A 75 3F   0B1   032~~N?Zu?
3F 00 4E 44 30 42 31 37 30 20 49 53 20 00 09 51   ?~ND0B170 IS ~~Q
2A 5A 75 3F 3F 00 55 44 30 42 31 20 20 20 4E 56   *Zu??~UD0B1   NV
54 00 00 2A 3F 5A 75 3F 3F 00 01 44 30 42 32 20   T~~*?Zu??~~D0B2 
20 20 43 41 53 00 09 50 3F 5A 75 3F 3F 00 3B 44     CAS~~P?Zu??~;D
30 42 31 20 20 20 30 30 36 00 00 2D 20 5A 75 3F   0B1   006~~- Zu?
3F 00 46 44 30 42 31 37 30 20 42 43 54 00 00 10   ?~FD0B170 BCT~~~
3F 5A 75 3F 3F 00 32 44 30 42 31 37 36 20 41 44   ?Zu??~2D0B176 AD
56 00 09 4F 31 5A 75 3F 3F 00 42 44 30 42 31 20   V~~O1Zu??~BD0B1 
20 20 39 39 39 00 00 2A 3F 5A 75 3F 3F 00 11 44     999~~*?Zu??~~D
30 42 31 20 20 20 43 41 53 00 00 10 3F 5A 75 3F   0B1   CAS~~~?Zu?
3F 00 28 44 30 42 31 20 20 20 4D 45 44 00 09 51   ?~(D0B1   MED~~Q
2A 5A 75 3F 3F 00 4A 44 30 42 31 20 20 20 4E 56   *Zu??~JD0B1   NV
54 00 00 2A 3F 5A 75 3F 3F 00 12 44 30 42 31 20   T~~*?Zu??~~D0B1 
20 20 43 41 53 00 00 54 3F 5A 75 3F 3F 00 23 44     CAS~~T?Zu??~#D
30 42 31 37 36 20 20 20 20 00 00 3C 3F 5A 75 3F   0B176    ~~<?Zu?
3F 00 33 44 30 42 31 20 20 20 30 33 32 00 00 3C   ?~3D0B1   032~~<
3F 5A 75 3F 3F 00 37 44 30 42 31 20 20 20 30 33   ?Zu??~7D0B1   03
32 00 00 2A 3F 5A 75 3F 3F 00 0B 44 30 42 31 20   2~~*?Zu??~~D0B1 
20 20 43 41 53 00 09 4F 31 5A 75 3F 3F 00 24 44     CAS~~O1Zu??~$D
30 42 31 36 35 20 39 39 39 00 09 4F 3F 5A 75 3F   0B165 999~~O?Zu?
3F 00 27 44 30 42 31 20 20 20 39 39 39 00 00 10   ?~'D0B1   999~~~
3F 5A 75 3F 3F 00 2E 44 30 42 31 20 20 20 4D 45   ?Zu??~.D0B1   ME
44 00 00 2A 3F 5A 75 3F 3F 00 11 44 30 42 31 20   D~~*?Zu??~~D0B1 
20 20 43 41 53 00 09 4F 3F 5A 75 3F 3F 00 2F 44     CAS~~O?Zu??~/D
30 42 31 38 38 20 39 39 39 00 09 51 1F 5A 75 3F   0B188 999~~Q~Zu?
3F 00 27 44 30 42 31 37 35 20 41 44 56 00 00 0F   ?~'D0B175 ADV~~~
12 5A 75 3F 3F 00 28 44 30 42 31 20 20 20 41 34   ~Zu??~(D0B1   A4
20 00 00 2A 3F 5A 75 3F 3F 00 12 44 30 42 31 20    ~~*?Zu??~~D0B1 
20 20 43 41 53 00 00 42 3F 5A 75 3F 3F 00 0A 44     CAS~~B?Zu??~~D
30 42 31 4E 4E 20 41 53 50 00 00 15 01 5A 75 3F   0B1NN ASP~~~~Zu?
3F 00 3F 44 30 42 31 20 20 20 31 30 30 00 00 4C   ?~?D0B1   100~~L
3F 5A 75 3F 3F 00 2A 44 30 42 32 20 20 20 50 52   ?Zu??~*D0B2   PR
58 00 00 42 72 5A 75 3F 3F 00 1A 44 30 42 31 36   X~~BrZu??~~D0B16
39 20 30 32 31 00 00 10 3F 5A 75 3F 3F 00 29 44   9 021~~~?Zu??~)D
30 42 31 20 20 20 4D 45 44 00 00 37 7B 5A 75 3F   0B1   MED~~7{Zu?
3F 00 58 44 30 42 32 20 20 20 4F 52 44 00 00 3C   ?~XD0B2   ORD~~<
3F 5A 75 3F 3F 00 42 44 30 42 31 20 20 20 30 33   ?Zu??~BD0B1   03
32 00 00 10 3F 5A 75 3F 3F 00 2C 44 30 42 31 20   2~~~?Zu??~,D0B1 
20 20 4D 45 44 00 00 3C 3F 5A 75 3F 3F 00 2C 44     MED~~<?Zu??~,D
30 42 31 20 20 20 30 33 32 00 00 3E 7B 5A 75 3F   0B1   032~~>{Zu?
3F 00 3F 44 30 42 31 20 20 20 47 44 43 00 09 4E   ?~?D0B1   GDC~~N
3F 5A 75 3F 3F 00 2E 44 30 42 31 20 20 20 49 52   ?Zu??~.D0B1   IR
58 00 00 30 39 5A 75 3F 3F 00 18 44 30 42 32 20   X~~09Zu??~~D0B2 
20 20 50 30 32 00 00 3E 7B 5A 75 3F 3F 00 3F 44     P02~~>{Zu??~?D
30 42 31 20 20 20 47 44 43 00 00 3C 3F 5A 75 3F   0B1   GDC~~<?Zu?
3F 00 14 44 30 42 32 20 20 20 30 33 32 00 09 4F   ?~~D0B2   032~~O
3F 5A 75 3F 3F 00 29 44 30 42 31 20 20 20 39 39   ?Zu??~)D0B1   99
39 00 00 3C 3F 5A 75 3F 3F 00 3E 44 30 42 31 20   9~~<?Zu??~>D0B1 
20 20 30 33 32 00 00 3E 7B 5A 75 3F 3F 01 73 44     032~~>{Zu??~sD
30 42 32 20 20 20 47 44 43 00 00 2D 3F 5A 75 3F   0B2   GDC~~-?Zu?
3F 00 06 44 30 45 31 35 32 20 32 32 32 00 00 0E   ?~~D0E152 222~~~
01 5A 75 3F 3F 00 38 44 30 42 31 20 20 20 41 53   ~Zu??~8D0B1   AS
50 00 09 4E 3F 5A 75 3F 3F 00 1A 44 30 42 32 20   P~~N?Zu??~~D0B2 
20 20 4D 45 44 00 09 4F 31 5A 75 3F 3F 00 2E 44     MED~~O1Zu??~.D
30 42 31 20 20 20 39 39 39 00 00 45 18 5A 75 3F   0B1   999~~E~Zu?
3F 00 55 44 30 42 31 20 20 20 39 37 34 00 00 58   ?~UD0B1   974~~X
3F 5A 75 3F 3F 00 56 44 30 42 31 20 20 20 36 33   ?Zu??~VD0B1   63
33 00 00 0E 01 5A 75 3F 3F 00 32 44 30 42 31 20   3~~~~Zu??~2D0B1 
20 20 41 53 50 00 00 3C 3F 5A 75 3F 3F 00 12 44     ASP~~<?Zu??~~D
30 42 32 20 20 20 30 33 32 00 00 2D 20 5A 75 3F   0B2   032~~- Zu?
3F 00 1C 44 30 42 32 20 20 20 49 4C 44 00 00 5D   ?~~D0B2   ILD~~]
48 5A 75 3F 3F 00 57 44 30 42 31 20 20 20 4B 59   HZu??~WD0B1   KY
50 00 09 4E 3F 5A 75 3F 3F 00 2D 44 30 42 31 20   P~~N?Zu??~-D0B1 
20 20 49 52 58 00 00 0F 12 5A 75 3F 3F 00 2C 44     IRX~~~~Zu??~,D
30 42 31 20 20 20 41 34 20 00 09 4F 31 5A 75 3F   0B1   A4 ~~O1Zu?
3F 00 1A 44 30 42 32 20 20 20 39 39 39 00 09 51   ?~~D0B2   999~~Q
2A 5A 75 3F 3F 00 4A 44 30 42 31 20 20 20 4E 56   *Zu??~JD0B1   NV
54 00 00 0F 12 5A 75 3F 3F 00 35 44 30 42 31 20   T~~~~Zu??~5D0B1 
20 20 41 34 20 00 09 4F 31 5A 75 3F 3F 00 2F 44     A4 ~~O1Zu??~/D
30 42 31 20 20 20 39 39 39 00 09 51 2A 5A 75 3F   0B1   999~~Q*Zu?
3F 00 29 44 30 42 32 20 20 20 4E 56 54 00 00 10   ?~)D0B2   NVT~~~
3F 5A 75 3F 3F 00 3E 44 30 42 31 20 20 20 37 37   ?Zu??~>D0B1   77
39 00 09 51 21 5A 75 3F 3F 00 36 44 30 42 31 37   9~~Q!Zu??~6D0B17
36 20 50 48 50 00 00 4E 3F 5A 75 3F 3F 00 21 44   6 PHP~~N?Zu??~!D
30 42 31 36 39 20 57 47 20 00 09 4E 3F 5A 75 3F   0B169 WG ~~N?Zu?
3F 00 11 44 30 42 32 20 20 20 54 42 4B 00 00 3E   ?~~D0B2   TBK~~>
7B 5A 75 3F 3F 00 3F 44 30 42 32 20 20 20 47 44   {Zu??~?D0B2   GD
43 00 00 3E 7B 5A 75 3F 3F 00 3F 44 30 42 31 20   C~~>{Zu??~?D0B1 
20 20 47 44 43 00 00 3E 7B 5A 75 3F 3F 01 6F 44     GDC~~>{Zu??~oD
30 42 32 20 20 20 47 44 43 00 00 3E 21 5A 75 3F   0B2   GDC~~>!Zu?
3F 00 3F 44 30 42 31 20 20 20 20 20 20 00 00 10   ?~?D0B1      ~~~
3F 5A 75 3F 3F 00 15 44 30 42 31 31 39 20 54 45   ?Zu??~~D0B119 TE
4C 00 00 3E 7B 5A 75 3F 3F 00 3F 44 30 42 31 20   L~~>{Zu??~?D0B1 
20 20 47 44 43 00 00 2D 20 5A 75 3F 3F 00 27 44     GDC~~- Zu??~'D
30 42 31 39 34 33 4E 4D 53 00 00 4E 3F 5A 75 3F   0B1943NMS~~N?Zu?
3F 00 35 44 30 42 31 20 20 20 46 4D 20 00 00 0E   ?~5D0B1   FM ~~~
01 5A 75 3F 3F 00 32 44 30 42 31 20 20 20 41 53   ~Zu??~2D0B1   AS
50 00 00 4C 3F 5A 75 3F 3F 00 3F 44 30 42 31 36   P~~L?Zu??~?D0B16
39 20 30 36 30 00 00 4E 3F 5A 75 3F 3F 00 31 44   9 060~~N?Zu??~1D
30 42 31 20 20 20 43 53 20 00 00 0F 12 5A 75 3F   0B1   CS ~~~~Zu?
3F 00 46 44 30 42 31 20 20 20 41 34 20 00 00 2A   ?~FD0B1   A4 ~~*
3F 5A 75 3F 3F 00 12 44 30 42 31 20 20 20 43 41   ?Zu??~~D0B1   CA
53 00 09 4F 31 5A 75 3F 3F 00 3C 44 30 42 31 20   S~~O1Zu??~<D0B1 
20 20 39 39 39 00 00 3E 7B 5A 75 3F 3F 01 3F 44     999~~>{Zu??~?D
30 42 31 20 20 20 47 44 43 00 00 10 3F 5A 75 3F   0B1   GDC~~~?Zu?
3F 00 1D 44 30 42 31 37 35 20 41 44 56 00 09 4F   ?~~D0B175 ADV~~O
31 5A 75 3F 3F 00 27 44 30 42 31 20 20 20 39 39   1Zu??~'D0B1   99
39 00 00 0E 01 5A 75 3F 3F 00 4F 44 30 42 31 20   9~~~~Zu??~OD0B1 
20 20 41 53 50 00 00 3C 3F 5A 75 3F 3F 00 42 44     ASP~~<?Zu??~BD
30 42 31 20 20 20 30 33 32 00 00 10 3F 5A 75 3F   0B1   032~~~?Zu?
3F 00 17 44 30 42 32 20 20 20 41 44 56 00 00 2A   ?~~D0B2   ADV~~*
3F 5A 75 3F 3F 00 0C 44 30 42 31 20 20 20 43 41   ?Zu??~~D0B1   CA
53 00 00 3C 3F 5A 75 3F 3F 00 32 44 30 42 31 20   S~~<?Zu??~2D0B1 
20 20 30 33 32 00 00 3C 3F 5A 75 3F 3F 00 30 44     032~~<?Zu??~0D
30 42 31 20 20 20 30 33 32 00 00 3C 3F 5A 75 3F   0B1   032~~<?Zu?
3F 00 56 44 30 42 31 20 20 20 30 33 32 00 00 4E   ?~VD0B1   032~~N
3F 5A 75 3F 3F 00 28 44 30 42 31 20 20 20 43 53   ?Zu??~(D0B1   CS
20 00 00 39 3F 5A 75 3F 3F 00 49 44 30 45 31 20    ~~9?Zu??~ID0E1 
20 20 43 4F 4D 00 00 0E 01 5A 75 3F 3F 00 18 44     COM~~~~Zu??~~D
30 42 32 20 20 20 33 36 38 00 00 10 3F 5A 75 3F   0B2   368~~~?Zu?
3F 00 75 44 30 42 31 20 20 20 54 45 4C 00 00 0F   ?~uD0B1   TEL~~~
3F 5A 75 3F 3F 00 57 44 30 42 31 20 20 20 34 33   ?Zu??~WD0B1   43
2D 00 09 4F 31 5A 75 3F 3F 00 3E 44 30 42 31 20   -~~O1Zu??~>D0B1 
20 20 39 39 39 00 00 2A 3F 5A 75 3F 3F 00 18 44     999~~*?Zu??~~D
30 42 31 37 30 20 48 52 53 00 09 4F 31 5A 75 3F   0B170 HRS~~O1Zu?
3F 00 46 44 30 42 31 20 20 20 39 39 39 00 09 4F   ?~FD0B1   999~~O
3F 5A 75 3F 3F 00 37 44 30 42 31 20 20 20 39 39   ?Zu??~7D0B1   99
39 00 09 4F 31 5A 75 3F 3F 00 15 44 30 42 32 20   9~~O1Zu??~~D0B2 
20 20 39 39 39 00 00 10 3F 5A 75 3F 3F 00 38 44     999~~~?Zu??~8D
30 42 31 20 20 20 41 44 56 00 09 4E 3F 5A 75 3F   0B1   ADV~~N?Zu?
3F 00 1E 44 30 42 31 20 20 20 49 52 58 00 00 2A   ?~~D0B1   IRX~~*
3F 5A 75 3F 3F 00 0C 44 30 42 31 20 20 20 43 41   ?Zu??~~D0B1   CA
53 00 00 3C 3F 5A 75 3F 3F 00 17 44 30 42 32 20   S~~<?Zu??~~D0B2 
20 20 30 33 32 00 09 51 21 5A 75 3F 3F 00 27 44     032~~Q!Zu??~'D
30 42 31 20 20 20 56 41 20 00 00 39 3F 5A 75 3F   0B1   VA ~~9?Zu?
3F 00 32 44 30 45 31 20 20 20 43 4F 4D 00 00 3C   ?~2D0E1   COM~~<
3F 5A 75 3F 3F 00 37 44 30 42 31 20 20 20 30 33   ?Zu??~7D0B1   03
32 00 00 44 48 5A 75 3F 3F 00 1E 44 30 42 31 20   2~~DHZu??~~D0B1 
20 20 30 31 39 00 00 4E 3F 5A 75 3F 3F 00 13 44     019~~N?Zu??~~D
30 42 32 20 20 20 49 53 20 00 00 10 3F 5A 75 3F   0B2   IS ~~~?Zu?
3F 00 37 44 30 42 31 20 20 20 4D 45 44 00 00 10   ?~7D0B1   MED~~~
3F 5A 75 3F 3F 00 13 44 30 42 32 20 20 20 4D 45   ?Zu??~~D0B2   ME
44 00 09 51 2A 5A 75 3F 3F 00 76 44 30 42 31 20   D~~Q*Zu??~vD0B1 
20 20 4E 56 54 00 00 4C 3F 5A 75 3F 3F 00 2C 44     NVT~~L?Zu??~,D
30 42 32 20 20 20 50 52 58 00 09 4E 3F 5A 75 3F   0B2   PRX~~N?Zu?
3F 00 35 44 30 42 31 37 36 20 49 52 58 00 00 3C   ?~5D0B176 IRX~~<
3F 5A 75 3F 3F 00 2A 44 30 42 31 36 35 20 30 33   ?Zu??~*D0B165 03
32 00 00 10 3F 5A 75 3F 3F 00 3F 44 30 42 31 37   2~~~?Zu??~?D0B17
30 20 54 45 4C 00 09 4F 3F 5A 75 3F 3F 00 07 44   0 TEL~~O?Zu??~~D
30 42 31 38 38 20 46 45 50 00 09 33 3F 5A 75 3F   0B188 FEP~~3?Zu?
3F 00 27 44 30 42 31 20 20 20 42 41 5A 00 00 10   ?~'D0B1   BAZ~~~
3F 5A 75 3F 3F 00 1C 44 30 42 31 20 20 20 4D 43   ?Zu??~~D0B1   MC
41 00 00 10 3F 5A 75 3F 3F 00 1F 44 30 42 31 37   A~~~?Zu??~~D0B17
30 20 41 44 56 00 00 42 72 5A 75 3F 3F 00 11 44   0 ADV~~BrZu??~~D
30 42 32 20 20 20 43 49 4D 00 09 4F 3F 5A 75 3F   0B2   CIM~~O?Zu?
3F 00 34 44 30 42 31 20 20 20 39 39 39 00 00 39   ?~4D0B1   999~~9
3F 5A 75 3F 3F 00 34 44 30 45 31 20 20 20 43 4F   ?Zu??~4D0E1   CO
4D 00 09 4F 31 5A 75 3F 3F 00 2C 44 30 42 31 37   M~~O1Zu??~,D0B17
30 20 39 39 39 00 00 49 3F 5A 75 3F 3F 00 3F 44   0 999~~I?Zu??~?D
30 42 31 36 47 20 33 46 20 00 00 58 3F 5A 75 3F   0B16G 3F ~~X?Zu?
3F 00 3F 44 30 42 31 20 20 20 36 33 33 00 00 47   ?~?D0B1   633~~G
59 5A 75 3F 3F 00 21 44 30 42 31 20 20 20 55 53   YZu??~!D0B1   US
41 00 00 10 3F 5A 75 3F 3F 00 18 44 30 42 31 36   A~~~?Zu??~~D0B16
38 20 4D 45 44 00 09 51 3F 5A 75 3F 3F 00 1D 44   8 MED~~Q?Zu??~~D
30 42 31 20 20 20 57 41 50 00 00 30 18 5A 75 3F   0B1   WAP~~0~Zu?
3F 00 55 44 30 42 31 20 20 20 50 41 52 00 09 4F   ?~UD0B1   PAR~~O
31 5A 75 3F 3F 00 40 44 30 42 31 20 20 20 39 39   1Zu??~@D0B1   99
39 00 00 5E 3F 5A 75 3F 3F 00 21 44 30 42 32 20   9~~^?Zu??~!D0B2 
20 20 4F 48 52 00 00 10 3F 5A 75 3F 3F 00 22 44     OHR~~~?Zu??~"D
30 42 31 37 39 20 41 44 56 00 00 10 3F 5A 75 3F   0B179 ADV~~~?Zu?
3F 00 20 44 30 42 31 20 20 20 4D 43 41 00 00 47   ?~ D0B1   MCA~~G
38 5A 75 3F 3F 00 18 44 30 42 32 20 20 20 50 42   8Zu??~~D0B2   PB
4D 00 00 3C 3F 5A 75 3F 3F 00 20 44 30 42 32 20   M~~<?Zu??~ D0B2 
20 20 30 33 32 00 00 10 3F 5A 75 3F 3F 00 30 44     032~~~?Zu??~0D
30 42 31 20 20 20 41 44 56 00 09 4F 74 5A 75 3F   0B1   ADV~~OtZu?
3F 00 54 44 30 42 31 20 20 20 44 52 57 00 00 0E   ?~TD0B1   DRW~~~
01 5A 75 3F 3F 00 67 44 30 42 31 20 20 20 32 34   ~Zu??~gD0B1   24
30 00 00 3E 7B 5A 75 3F 3F 00 3F 44 30 42 31 20   0~~>{Zu??~?D0B1 
20 20 47 44 43 00 09 4F 31 5A 75 3F 3F 00 35 44     GDC~~O1Zu??~5D
30 42 31 37 39 20 39 39 39 00 09 51 2A 5A 75 3F   0B179 999~~Q*Zu?
3F 00 26 44 30 42 32 20 20 20 4E 56 54 00 09 50   ?~&D0B2   NVT~~P
3F 5A 75 3F 3F 00 1D 44 30 42 32 20 20 20 30 30   ?Zu??~~D0B2   00
36 00 09 4E 3F 5A 75 3F 3F 00 25 44 30 42 31 20   6~~N?Zu??~%D0B1 
20 20 4D 45 44 00 00 10 3F 5A 75 3F 3F 00 10 44     MED~~~?Zu??~~D
30 42 32 20 20 20 4D 43 41 00 00 3E 7B 5A 75 3F   0B2   MCA~~>{Zu?
3F 00 3F 44 30 42 31 20 20 20 47 44 43 00 09 4F   ?~?D0B1   GDC~~O
31 5A 75 3F 3F 00 18 44 30 42 32 20 20 20 39 39   1Zu??~~D0B2   99
39 00 00 10 3F 5A 75 3F 3F 00 2D 44 30 42 31 20   9~~~?Zu??~-D0B1 
20 20 4D 45 44 00 00 10 3F 5A 75 3F 3F 00 20 44     MED~~~?Zu??~ D
30 42 31 36 38 20 4D 45 44 00 00 29 53 5A 75 3F   0B168 MED~~)SZu?
3F 00 7D 44 30 42 31 20 20 20 4F 4B 41 00 09 4E   ?~}D0B1   OKA~~N
3F 5A 75 3F 3F 00 2D 44 30 42 31 20 20 20 43 54   ?Zu??~-D0B1   CT
52 00 09 4F 31 5A 75 3F 3F 00 1F 44 30 42 32 20   R~~O1Zu??~~D0B2 
20 20 39 39 39 00 00 2A 3F 5A 75 3F 3F 00 0D 44     999~~*?Zu??~~D
30 42 31 20 20 20 43 41 53 00 09 4E 3F 5A 75 3F   0B1   CAS~~N?Zu?
3F 00 20 44 30 42 31 37 30 20 49 52 58 00 09 51   ?~ D0B170 IRX~~Q
1F 5A 75 3F 3F 00 22 44 30 42 31 20 20 20 41 44   ~Zu??~"D0B1   AD
56 00 09 4E 3F 5A 75 3F 3F 00 0F 44 30 42 32 20   V~~N?Zu??~~D0B2 
20 20 54 42 4B 00 00 42 72 5A 75 3F 3F 00 33 44     TBK~~BrZu??~3D
30 42 31 20 20 20 43 49 4D 00 09 51 59 5A 75 3F   0B1   CIM~~QYZu?
3F 00 39 44 30 42 31 38 33 20 30 33 31 00 00 3E   ?~9D0B183 031~~>
7B 5A 75 3F 3F 00 3F 44 30 42 31 20 20 20 47 44   {Zu??~?D0B1   GD
43 00 00 10 3F 5A 75 3F 3F 00 2F 44 30 42 31 20   C~~~?Zu??~/D0B1 
20 20 4D 45 44 00 09 4E 3F 5A 75 3F 3F 00 37 44     MED~~N?Zu??~7D
30 42 31 20 20 20 49 52 58 00 09 50 3F 5A 75 3F   0B1   IRX~~P?Zu?
3F 00 76 44 30 42 31 20 20 20 45 4D 4E 00 09 4E   ?~vD0B1   EMN~~N
3F 5A 75 3F 3F 00 2A 44 30 42 31 37 30 20 49 52   ?Zu??~*D0B170 IR
58 00 00 3E 7B 5A 75 3F 3F 01 3F 44 30 42 31 20   X~~>{Zu??~?D0B1 
20 20 47 44 43 00 00 3C 3F 5A 75 3F 3F 00 1D 44     GDC~~<?Zu??~~D
30 42 31 36 35 20 30 33 32 00 00 4E 3F 5A 75 3F   0B165 032~~N?Zu?
3F 00 35 44 30 42 31 20 20 20 43 4D 20 00 09 4F   ?~5D0B1   CM ~~O
3F 5A 75 3F 3F 00 47 44 30 42 31 20 20 20 39 39   ?Zu??~GD0B1   99
39 00 00 2A 3F 5A 75 3F 3F 00 11 44 30 42 31 20   9~~*?Zu??~~D0B1 
20 20 43 41 53 00 09 4F 3F 5A 75 3F 3F 00 2D 44     CAS~~O?Zu??~-D
30 42 31 20 20 20 46 45 50 00 00 39 3F 5A 75 3F   0B1   FEP~~9?Zu?
3F 00 32 44 30 45 31 20 20 20 43 4F 4D 00 09 4F   ?~2D0E1   COM~~O
3F 5A 75 3F 3F 00 29 44 30 42 31 20 20 20 46 45   ?Zu??~)D0B1   FE
50 00 00 10 3F 5A 75 3F 3F 00 30 44 30 42 31 37   P~~~?Zu??~0D0B17
36 20 41 44 56 00 00 2A 3F 5A 75 3F 3F 00 10 44   6 ADV~~*?Zu??~~D
30 42 31 20 20 20 43 41 53 00 09 4F 3F 5A 75 3F   0B1   CAS~~O?Zu?
3F 00 2D 44 30 42 31 20 20 20 46 45 50 00 00 0F   ?~-D0B1   FEP~~~
12 5A 75 3F 3F 00 28 44 30 42 31 20 20 20 41 34   ~Zu??~(D0B1   A4
20 00 09 50 3F 5A 75 3F 3F 00 30 44 30 42 31 20    ~~P?Zu??~0D0B1 
20 20 4D 45 44 00 00 39 3F 5A 75 3F 3F 00 2A 44     MED~~9?Zu??~*D
30 45 31 4D 36 20 43 4F 4D 00 00 3E 7B 5A 75 3F   0E1M6 COM~~>{Zu?
3F 01 3F 44 30 42 31 20 20 20 47 44 43 00 09 4F   ?~?D0B1   GDC~~O
3F 5A 75 3F 3F 00 17 44 30 42 32 20 20 20 46 45   ?Zu??~~D0B2   FE
50 00 00 10 3F 5A 75 3F 3F 00 30 44 30 42 31 20   P~~~?Zu??~0D0B1 
20 20 41 44 56 00 09 51 2A 5A 75 3F 3F 00 26 44     ADV~~Q*Zu??~&D
30 42 32 20 20 20 4E 56 54 00 09 4E 3F 5A 75 3F   0B2   NVT~~N?Zu?
3F 00 4B 44 30 42 31 37 30 20 49 52 58 00 00 2D   ?~KD0B170 IRX~~-
20 5A 75 3F 3F 00 10 44 30 42 31 31 33 20 31 32    Zu??~~D0B113 12
31 00 00 4C 3F 5A 75 3F 3F 00 61 44 30 42 31 20   1~~L?Zu??~aD0B1 
20 20 50 52 58 00 09 50 5C 5A 75 3F 3F 00 3F 44     PRX~~P\Zu??~?D
30 42 31 20 20 20 57 4D 31 00 09 4E 3F 5A 75 3F   0B1   WM1~~N?Zu?
3F 00 18 44 30 42 32 20 20 20 4D 45 44 00 00 29   ?~~D0B2   MED~~)
53 5A 75 3F 3F 01 2B 44 30 42 31 20 20 20 4F 4B   SZu??~+D0B1   OK
41 00 09 50 3F 5A 75 3F 3F 00 17 44 30 42 31 36   A~~P?Zu??~~D0B16
39 20 30 30 36 00 09 4F 31 5A 75 3F 3F 00 2E 44   9 006~~O1Zu??~.D
30 42 31 20 20 20 39 39 39 00 00 0F 12 5A 75 3F   0B1   999~~~~Zu?
3F 00 2E 44 30 42 31 20 20 20 41 34 20 00 00 3C   ?~.D0B1   A4 ~~<
3F 5A 75 3F 3F 00 13 44 30 42 32 20 20 20 30 33   ?Zu??~~D0B2   03
32 00 00 2D 20 5A 75 3F 3F 00 53 44 30 42 31 20   2~~- Zu??~SD0B1 
20 20 42 43 54 00 00 42 72 5A 75 3F 3F 00 37 44     BCT~~BrZu??~7D
30 42 31 20 20 20 30 35 31 00 00 55 41 5A 75 3F   0B1   051~~UAZu?
3F 00 30 44 30 42 31 37 35 20 49 52 58 00 00 3E   ?~0D0B175 IRX~~>
31 5A 75 3F 3F 00 1A 44 30 42 32 20 20 20 20 20   1Zu??~~D0B2     
20 00 09 4F 31 5A 75 3F 3F 00 34 44 30 42 31 20    ~~O1Zu??~4D0B1 
20 20 39 39 39 00 00 3C 3F 5A 75 3F 3F 00 30 44     999~~<?Zu??~0D
30 42 31 20 20 20 30 33 32 00 00 2A 3F 5A 75 3F   0B1   032~~*?Zu?
3F 00 01 44 30 42 32 20 20 20 43 41 53 00 00 0F   ?~~D0B2   CAS~~~
12 5A 75 3F 3F 00 29 44 30 42 31 20 20 20 4D 44   ~Zu??~)D0B1   MD
20 00 00 4E 3F 5A 75 3F 3F 00 2B 44 30 42 31 30    ~~N?Zu??~+D0B10
39 20 49 53 20 00 00 0E 01 5A 75 3F 3F 00 34 44   9 IS ~~~~Zu??~4D
30 42 31 20 20 20 41 53 50 00 00 3E 7B 5A 75 3F   0B1   ASP~~>{Zu?
3F 00 3F 44 30 42 32 20 20 20 47 44 43 00 09 4F   ?~?D0B2   GDC~~O
31 5A 75 3F 3F 00 40 44 30 42 31 20 20 20 39 39   1Zu??~@D0B1   99
39 00 00 3C 3F 5A 75 3F 3F 00 3F 44 30 42 31 20   9~~<?Zu??~?D0B1 
20 20 30 33 32 00 00 3C 3F 5A 75 3F 3F 00 27 44     032~~<?Zu??~'D
30 42 31 37 39 20 30 33 32 00 00 2A 3F 5A 75 3F   0B179 032~~*?Zu?
3F 00 1A 44 30 42 31 37 30 20 48 52 53 00 00 10   ?~~D0B170 HRS~~~
3F 5A 75 3F 3F 00 3B 44 30 42 31 20 20 20 4D 45   ?Zu??~;D0B1   ME
44 00 09 4E 3F 5A 75 3F 3F 00 3F 44 30 42 31 20   D~~N?Zu??~?D0B1 
20 20 49 52 58 00 09 29 6A 5A 75 3F 3F 00 3F 44     IRX~~)jZu??~?D
30 42 32 20 20 20 35 34 20 00 00 2A 3F 5A 75 3F   0B2   54 ~~*?Zu?
3F 00 01 44 30 42 32 20 20 20 43 41 53 00 00 2A   ?~~D0B2   CAS~~*
3F 5A 75 3F 3F 00 0D 44 30 42 31 20 20 20 43 41   ?Zu??~~D0B1   CA
53 00 09 4E 3F 5A 75 3F 3F 00 39 44 30 42 31 20   S~~N?Zu??~9D0B1 
20 20 49 52 58 00 09 50 3F 5A 75 3F 3F 00 47 44     IRX~~P?Zu??~GD
30 42 31 39 34 33 50 44 50 00 09 50 5C 5A 75 3F   0B1943PDP~~P\Zu?
3F 00 5A 44 30 42 32 20 20 20 57 4D 31 00 09 50   ?~ZD0B2   WM1~~P
3F 5A 75 3F 3F 00 30 44 30 42 31 37 30 20 39 39   ?Zu??~0D0B170 99
39 00 00 3C 3F 5A 75 3F 3F 00 36 44 30 42 31 36   9~~<?Zu??~6D0B16
35 20 30 33 32 00 00 3C 3F 5A 75 3F 3F 00 2B 44   5 032~~<?Zu??~+D
30 42 31 20 20 20 30 33 32 00 00 5E 3F 5A 75 3F   0B1   032~~^?Zu?
3F 00 73 44 30 42 31 20 20 20 4F 48 52 00 00 58   ?~sD0B1   OHR~~X
3F 5A 75 3F 3F 00 3F 44 30 42 31 20 20 20 36 33   ?Zu??~?D0B1   63
33 00 00 42 72 5A 75 3F 3F 00 28 44 30 42 31 37   3~~BrZu??~(D0B17
39 20 43 49 4D 00 00 10 3F 5A 75 3F 3F 00 3F 44   9 CIM~~~?Zu??~?D
30 42 31 37 30 20 54 45 4C 00 00 3E 7B 5A 75 3F   0B170 TEL~~>{Zu?
3F 00 3F 44 30 42 31 20 20 20 47 44 43 00 00 3C   ?~?D0B1   GDC~~<
3F 5A 75 3F 3F 00 25 44 30 42 32 20 20 20 30 33   ?Zu??~%D0B2   03
32 00 00 3E 7B 5A 75 3F 3F 00 3F 44 30 42 31 20   2~~>{Zu??~?D0B1 
20 20 47 44 43 00 00 4E 3F 5A 75 3F 3F 00 2B 44     GDC~~N?Zu??~+D
30 42 31 20 20 20 46 4D 20 00 00 10 3F 5A 75 3F   0B1   FM ~~~?Zu?
3F 00 35 44 30 42 31 37 30 20 4D 45 44 00 00 10   ?~5D0B170 MED~~~
3F 5A 75 3F 3F 00 31 44 30 42 31 37 39 20 4D 45   ?Zu??~1D0B179 ME
44 00 00 3E 7B 5A 75 3F 3F 00 3F 44 30 42 32 20   D~~>{Zu??~?D0B2 
20 20 47 44 43 00 00 4A 3F 5A 75 3F 3F 00 5A 44     GDC~~J?Zu??~ZD
30 42 31 20 20 20 43 4E 52 00 00 10 3F 5A 75 3F   0B1   CNR~~~?Zu?
3F 00 13 44 30 42 32 20 20 20 41 44 56 00 09 34   ?~~D0B2   ADV~~4
3F 5A 75 3F 3F 00 1C 44 30 42 31 39 36 20 30 31   ?Zu??~~D0B196 01
34 00 09 4F 3F 5A 75 3F 3F 00 1F 44 30 42 31 37   4~~O?Zu??~~D0B17
39 20 46 45 50 00 09 51 2A 5A 75 3F 3F 00 25 44   9 FEP~~Q*Zu??~%D
30 42 31 4D 34 20 4E 56 54 00 09 4F 3F 5A 75 3F   0B1M4 NVT~~O?Zu?
3F 00 34 44 30 42 31 20 20 20 39 39 39 00 00 4C   ?~4D0B1   999~~L
3F 5A 75 3F 3F 00 18 44 30 42 32 20 20 20 30 36   ?Zu??~~D0B2   06
35 00 00 10 3F 5A 75 3F 3F 00 25 44 30 42 31 20   5~~~?Zu??~%D0B1 
20 20 4D 43 41 00 00 4C 3F 5A 75 3F 3F 00 52 44     MCA~~L?Zu??~RD
30 42 31 37 39 20 30 31 39 00 00 10 3F 5A 75 3F   0B179 019~~~?Zu?
3F 00 2F 44 30 42 31 20 20 20 41 44 56 00 09 4F   ?~/D0B1   ADV~~O
31 5A 75 3F 3F 00 38 44 30 42 31 20 20 20 39 39   1Zu??~8D0B1   99
39 00 00 10 3F 5A 75 3F 3F 00 36 44 30 42 31 37   9~~~?Zu??~6D0B17
30 20 4D 43 41 00 00 3C 3F 5A 75 3F 3F 00 28 44   0 MCA~~<?Zu??~(D
30 42 31 20 20 20 30 33 32 00 09 4F 3F 5A 75 3F   0B1   032~~O?Zu?
3F 00 32 44 30 42 31 20 20 20 39 39 39 00 00 58   ?~2D0B1   999~~X
3F 5A 75 3F 3F 00 63 44 30 42 31 20 20 20 36 33   ?Zu??~cD0B1   63
33 00 00 2A 3F 5A 75 3F 3F 00 05 44 30 42 32 20   3~~*?Zu??~~D0B2 
20 20 43 41 53 00 00 2A 3F 5A 75 3F 3F 00 0D 44     CAS~~*?Zu??~~D
30 42 31 20 20 20 43 41 53 00 00 42 72 5A 75 3F   0B1   CAS~~BrZu?
3F 00 26 44 30 42 31 20 20 20 43 49 4D 00 00 3E   ?~&D0B1   CIM~~>
7B 5A 75 3F 3F 00 3F 44 30 42 31 20 20 20 47 44   {Zu??~?D0B1   GD
43 00 00 0F 12 5A 75 3F 3F 00 33 44 30 42 31 20   C~~~~Zu??~3D0B1 
20 20 4D 41 20 00 00 2A 3F 5A 75 3F 3F 00 10 44     MA ~~*?Zu??~~D
30 42 31 20 20 20 43 41 53 00 00 55 41 5A 75 3F   0B1   CAS~~UAZu?
3F 00 63 44 30 42 31 20 20 20 49 52 58 00 00 10   ?~cD0B1   IRX~~~
3F 5A 75 3F 3F 00 16 44 30 42 32 20 20 20 4D 43   ?Zu??~~D0B2   MC
41 00 00 2A 3F 5A 75 3F 3F 00 06 44 30 42 32 20   A~~*?Zu??~~D0B2 
20 20 43 41 53 00 00 4E 3F 5A 75 3F 3F 00 10 44     CAS~~N?Zu??~~D
30 42 32 20 20 20 43 53 20 00 00 2A 3F 5A 75 3F   0B2   CS ~~*?Zu?
3F 00 0C 44 30 42 31 20 20 20 43 41 53 00 00 10   ?~~D0B1   CAS~~~
3F 5A 75 3F 3F 00 2E 44 30 42 31 20 20 20 41 44   ?Zu??~.D0B1   AD
56 00 00 10 3F 5A 75 3F 3F 00 20 44 30 42 32 20   V~~~?Zu??~ D0B2 
20 20 4D 45 44 00 00 3E 7B 5A 75 3F 3F 00 3F 44     MED~~>{Zu??~?D
30 42 31 37 30 20 47 44 43 00 00 10 32 5A 75 3F   0B170 GDC~~~2Zu?
3F 00 3F 44 30 42 31 37 35 20 20 20 20 00 00 3E   ?~?D0B175    ~~>
7B 5A 75 3F 3F 00 3F 44 30 42 31 20 20 20 47 44   {Zu??~?D0B1   GD
43 00 00 4E 3F 5A 75 3F 3F 00 2B 44 30 42 31 20   C~~N?Zu??~+D0B1 
20 20 46 47 20 00 09 4E 3F 5A 75 3F 3F 00 27 44     FG ~~N?Zu??~'D
30 42 31 20 20 20 4D 45 44 00 09 4F 3F 5A 75 3F   0B1   MED~~O?Zu?
3F 00 12 44 30 42 32 20 20 20 39 39 39 00 09 4F   ?~~D0B2   999~~O
31 5A 75 3F 3F 00 0F 44 30 42 32 20 20 20 39 39   1Zu??~~D0B2   99
39 00 00 2A 3F 5A 75 3F 3F 00 0C 44 30 42 31 20   9~~*?Zu??~~D0B1 
20 20 43 41 53 00 09 4E 3F 5A 75 3F 3F 00 1E 44     CAS~~N?Zu??~~D
30 42 31 47 39 20 54 42 4B 00 09 4F 3F 5A 75 3F   0B1G9 TBK~~O?Zu?
3F 00 27 44 30 42 31 20 20 20 39 39 39 00 00 2D   ?~'D0B1   999~~-
20 5A 75 3F 3F 00 41 44 30 42 31 20 20 20 49 4C    Zu??~AD0B1   IL
44 00 00 3E 7B 5A 75 3F 3F 00 3F 44 30 42 31 20   D~~>{Zu??~?D0B1 
20 20 47 44 43 00 09 4E 3F 5A 75 3F 3F 00 23 44     GDC~~N?Zu??~#D
30 42 31 20 20 20 43 54 52 00 00 10 3F 5A 75 3F   0B1   CTR~~~?Zu?
3F 00 1D 44 30 42 31 20 20 20 41 44 56 00 00 10   ?~~D0B1   ADV~~~
3F 5A 75 3F 3F 00 31 44 30 42 31 20 20 20 4D 45   ?Zu??~1D0B1   ME
44 00 09 4F 31 5A 75 3F 3F 00 31 44 30 42 31 20   D~~O1Zu??~1D0B1 
20 20 39 39 39 00 00 10 3F 5A 75 3F 3F 00 5A 44     999~~~?Zu??~ZD
30 42 31 32 31 20 41 44 56 00 00 10 3F 5A 75 3F   0B121 ADV~~~?Zu?
3F 00 0B 44 30 42 32 20 20 20 41 44 56 00 00 3C   ?~~D0B2   ADV~~<
3F 5A 75 3F 3F 00 24 44 30 42 31 20 20 20 30 33   ?Zu??~$D0B1   03
32 00 00 3E 7B 5A 75 3F 3F 00 62 44 30 42 31 37   2~~>{Zu??~bD0B17
30 20 47 44 43 00 00 10 3F 5A 75 3F 3F 00 38 44   0 GDC~~~?Zu??~8D
30 42 31 37 35 20 41 44 56 00 09 4E 3F 5A 75 3F   0B175 ADV~~N?Zu?
3F 00 1C 44 30 42 31 41 47 20 54 42 4B 00 00 0F   ?~~D0B1AG TBK~~~
12 5A 75 3F 3F 00 1B 44 30 42 31 35 31 20 4D 44   ~Zu??~~D0B151 MD
20 00 00 3C 3F 5A 75 3F 3F 00 53 44 30 42 31 20    ~~<?Zu??~SD0B1 
20 20 30 33 32 00 09 33 3F 5A 75 3F 3F 00 1C 44     032~~3?Zu??~~D
30 42 31 37 35 20 42 41 5A 00 00 4E 3F 5A 75 3F   0B175 BAZ~~N?Zu?
3F 00 31 44 30 42 31 20 20 20 49 53 20 00 00 44   ?~1D0B1   IS ~~D
3F 5A 75 3F 3F 00 40 44 30 42 31 20 20 20 50 30   ?Zu??~@D0B1   P0
32 00 09 4F 31 5A 75 3F 3F 00 2D 44 30 42 31 20   2~~O1Zu??~-D0B1 
20 20 39 39 39 00 00 3C 3F 5A 75 3F 3F 00 3A 44     999~~<?Zu??~:D
30 42 31 35 36 39 30 33 32 00 09 50 3F 5A 75 3F   0B1569032~~P?Zu?
3F 00 2E 44 30 42 31 38 38 20 4D 45 44 00 00 10   ?~.D0B188 MED~~~
3F 5A 75 3F 3F 00 39 44 30 42 31 37 30 20 4D 45   ?Zu??~9D0B170 ME
44 00 09 4F 31 5A 75 3F 3F 00 2D 44 30 42 31 20   D~~O1Zu??~-D0B1 
20 20 39 39 39 00 00 10 3F 5A 75 3F 3F 00 26 44     999~~~?Zu??~&D
30 42 31 36 39 20 4D 45 44 00 00 3E 7B 5A 75 3F   0B169 MED~~>{Zu?
3F 00 3F 44 30 42 32 20 20 20 47 44 43 00 00 4E   ?~?D0B2   GDC~~N
3F 5A 75 3F 3F 00 5B 44 30 42 31 20 20 20 49 53   ?Zu??~[D0B1   IS
20 00 00 3C 3F 5A 75 3F 3F 00 2D 44 30 42 31 20    ~~<?Zu??~-D0B1 
20 20 30 33 32 00 09 4F 3F 5A 75 3F 3F 00 2E 44     032~~O?Zu??~.D
30 42 31 20 20 20 39 39 39 00 09 4F 31 5A 75 3F   0B1   999~~O1Zu?
3F 00 2E 44 30 42 31 20 20 20 39 39 39 00 00 39   ?~.D0B1   999~~9
3F 5A 75 3F 3F 00 3D 44 30 45 31 20 20 20 43 4F   ?Zu??~=D0E1   CO
4D 00 00 5D 48 5A 75 3F 3F 00 54 44 30 42 31 34   M~~]HZu??~TD0B14
31 20 4B 59 50 00 00 10 3F 5A 75 3F 3F 00 6A 44   1 KYP~~~?Zu??~jD
30 42 31 20 20 20 4D 43 41 00 09 50 3F 5A 75 3F   0B1   MCA~~P?Zu?
3F 00 24 44 30 42 32 20 20 20 30 30 36 00 09 51   ?~$D0B2   006~~Q
2A 5A 75 3F 3F 00 4E 44 30 42 31 20 20 20 4D 43   *Zu??~ND0B1   MC
44 00 00 4E 3F 5A 75 3F 3F 00 14 44 30 42 32 20   D~~N?Zu??~~D0B2 
20 20 49 53 20 00 09 4E 3F 5A 75 3F 3F 00 6E 44     IS ~~N?Zu??~nD
30 42 32 20 20 20 49 52 58 00 00 10 3F 5A 75 3F   0B2   IRX~~~?Zu?
3F 00 29 44 30 42 31 20 20 20 41 44 56 00 00 2D   ?~)D0B1   ADV~~-
20 5A 75 3F 3F 00 1A 44 30 42 32 20 20 20 49 4C    Zu??~~D0B2   IL
44 00 09 4E 3F 5A 75 3F 3F 00 22 44 30 42 31 20   D~~N?Zu??~"D0B1 
20 20 54 42 4B 00 00 4E 3F 5A 75 3F 3F 00 2E 44     TBK~~N?Zu??~.D
30 42 31 20 20 20 46 43 20 00 00 3C 3F 5A 75 3F   0B1   FC ~~<?Zu?
3F 00 39 44 30 42 31 20 20 20 30 33 32 00 00 4E   ?~9D0B1   032~~N
3F 5A 75 3F 3F 00 30 44 30 42 31 20 20 20 49 53   ?Zu??~0D0B1   IS
20 00 00 3E 7B 5A 75 3F 3F 01 74 44 30 42 31 20    ~~>{Zu??~tD0B1 
20 20 47 44 43 00 00 2A 3F 5A 75 3F 3F 00 12 44     GDC~~*?Zu??~~D
30 42 31 20 20 20 43 41 53 00 00 5F 30 5A 75 3F   0B1   CAS~~_0Zu?
3F 00 54 44 30 42 32 20 20 20 30 30 30 00 00 0F   ?~TD0B2   000~~~
12 5A 75 3F 3F 00 33 44 30 42 31 20 20 20 41 34   ~Zu??~3D0B1   A4
20 00 00 3C 3F 5A 75 3F 3F 00 13 44 30 42 32 20    ~~<?Zu??~~D0B2 
20 20 30 33 32 00 09 4E 3F 5A 75 3F 3F 00 1D 44     032~~N?Zu??~~D
30 42 32 20 20 20 54 42 4B 00 00 10 3F 5A 75 3F   0B2   TBK~~~?Zu?
3F 00 25 44 30 42 31 20 20 20 4D 45 44 00 00 3D   ?~%D0B1   MED~~=
3F 5A 75 3F 3F 00 32 44 30 42 31 20 20 20 30 36   ?Zu??~2D0B1   06
30 00 00 10 32 5A 75 3F 3F 00 3F 44 30 42 31 32   0~~~2Zu??~?D0B12
35 20 20 20 20 00 00 10 3F 5A 75 3F 3F 00 35 44   5    ~~~?Zu??~5D
30 42 31 37 30 20 4D 45 44 00 00 0F 3F 5A 75 3F   0B170 MED~~~?Zu?
3F 00 2F 44 30 42 32 20 20 20 34 33 2D 00 00 10   ?~/D0B2   43-~~~
3F 5A 75 3F 3F 00 13 44 30 42 32 20 20 20 41 44   ?Zu??~~D0B2   AD
56 00 00 10 3F 5A 75 3F 3F 00 26 44 30 42 31 20   V~~~?Zu??~&D0B1 
20 20 41 44 56 00 09 4E 3F 5A 75 3F 3F 00 2E 44     ADV~~N?Zu??~.D
30 42 31 20 20 20 49 52 58 00 09 50 3F 5A 75 3F   0B1   IRX~~P?Zu?
3F 00 1A 44 30 42 31 50 45 20 4C 4F 59 00 00 0E   ?~~D0B1PE LOY~~~
01 5A 75 3F 3F 00 33 44 30 42 31 20 20 20 41 53   ~Zu??~3D0B1   AS
50 00 00 3C 3F 5A 75 3F 3F 00 4B 44 30 42 31 20   P~~<?Zu??~KD0B1 
20 20 48 54 20 00 00 10 3F 5A 75 3F 3F 00 33 44     HT ~~~?Zu??~3D
30 42 31 20 20 20 41 44 56 00 00 10 3F 5A 75 3F   0B1   ADV~~~?Zu?
3F 00 42 44 30 42 31 20 20 20 4D 45 44 00 00 5D   ?~BD0B1   MED~~]
48 5A 75 3F 3F 00 52 44 30 42 31 20 20 20 4B 59   HZu??~RD0B1   KY
50 00 00 4E 3F 5A 75 3F 3F 00 45 44 30 42 31 20   P~~N?Zu??~ED0B1 
20 20 57 47 20 00 09 4F 3F 5A 75 3F 3F 00 59 44     WG ~~O?Zu??~YD
30 42 31 20 20 20 39 39 39 00 09 50 3F 5A 75 3F   0B1   999~~P?Zu?
3F 00 31 44 30 42 31 38 38 20 4D 45 44 00 00 29   ?~1D0B188 MED~~)
53 5A 75 3F 3F 00 40 44 30 42 31 20 20 20 4F 4B   SZu??~@D0B1   OK
41 00 00 10 3F 5A 75 3F 3F 00 2C 44 30 42 31 20   A~~~?Zu??~,D0B1 
20 20 4D 45 44 00 00 10 3F 5A 75 3F 3F 00 37 44     MED~~~?Zu??~7D
30 42 31 20 20 20 4D 45 44 00 00 3E 7B 5A 75 3F   0B1   MED~~>{Zu?
3F 00 3F 44 30 42 32 20 20 20 47 44 43 00 00 10   ?~?D0B2   GDC~~~
3F 5A 75 3F 3F 00 32 44 30 42 31 20 20 20 41 44   ?Zu??~2D0B1   AD
56 00 00 2A 3F 5A 75 3F 3F 00 01 44 30 42 32 20   V~~*?Zu??~~D0B2 
20 20 43 41 53 00 09 4F 31 5A 75 3F 3F 00 3A 44     CAS~~O1Zu??~:D
30 42 31 37 39 20 39 39 39 00 00 10 3F 5A 75 3F   0B179 999~~~?Zu?
3F 00 14 44 30 42 32 20 20 20 4D 45 44 00 09 51   ?~~D0B2   MED~~Q
59 5A 75 3F 3F 00 31 44 30 42 31 20 20 20 30 33   YZu??~1D0B1   03
31 00 00 2A 3F 5A 75 3F 3F 00 12 44 30 42 31 20   1~~*?Zu??~~D0B1 
20 20 43 41 53 00 00 2A 3F 5A 75 3F 3F 00 01 44     CAS~~*?Zu??~~D
30 42 32 20 20 20 43 41 53 00 09 4E 3F 5A 75 3F   0B2   CAS~~N?Zu?
3F 00 13 44 30 42 32 20 20 20 4D 45 44 00 00 3E   ?~~D0B2   MED~~>
7B 5A 75 3F 3F 00 3F 44 30 42 31 20 20 20 47 44   {Zu??~?D0B1   GD
43 00 00 3E 7B 5A 75 3F 3F 00 3F 44 30 42 32 20   C~~>{Zu??~?D0B2 
20 20 47 44 43 00 00 2A 3F 5A 75 3F 3F 00 0B 44     GDC~~*?Zu??~~D
30 42 31 20 20 20 43 41 53 00 09 4F 3F 5A 75 3F   0B1   CAS~~O?Zu?
3F 00 4D 44 30 42 31 20 20 20 39 39 39 00 00 39   ?~MD0B1   999~~9
3F 5A 75 3F 3F 00 13 44 30 45 31 20 20 20 43 4F   ?Zu??~~D0E1   CO
4D 00 00 4C 3F 5A 75 3F 3F 00 61 44 30 42 31 20   M~~L?Zu??~aD0B1 
20 20 50 52 58 00 00 10 3F 5A 75 3F 3F 00 10 44     PRX~~~?Zu??~~D
30 42 32 20 20 20 41 44 56 00 00 10 3F 5A 75 3F   0B2   ADV~~~?Zu?
3F 00 39 44 30 42 31 20 20 20 4D 45 44 00 00 2A   ?~9D0B1   MED~~*
3F 5A 75 3F 3F 00 01 44 30 42 32 20 20 20 43 41   ?Zu??~~D0B2   CA
53 00 09 4E 3F 5A 75 3F 3F 00 11 44 30 42 32 20   S~~N?Zu??~~D0B2 
20 20 4D 45 44 00 00 4E 3F 5A 75 3F 3F 00 43 44     MED~~N?Zu??~CD
30 42 31 20 20 20 57 47 20 00 09 4E 3F 5A 75 3F   0B1   WG ~~N?Zu?
3F 00 29 44 30 42 31 20 20 20 54 42 4B 00 09 50   ?~)D0B1   TBK~~P
3F 5A 75 3F 3F 00 33 44 30 42 31 20 20 20 34 37   ?Zu??~3D0B1   47
34 00 09 51 2A 5A 75 3F 3F 00 32 44 30 42 31 20   4~~Q*Zu??~2D0B1 
20 20 4E 56 54 00 09 4E 3F 5A 75 3F 3F 00 2B 44     NVT~~N?Zu??~+D
30 42 31 20 20 20 54 42 4B 00 09 4E 3F 5A 75 3F   0B1   TBK~~N?Zu?
3F 00 28 44 30 42 31 37 39 20 54 42 4B 00 09 4E   ?~(D0B179 TBK~~N
3F 5A 75 3F 3F 00 5B 44 30 42 32 20 20 20 49 52   ?Zu??~[D0B2   IR
58 00 09 51 1F 5A 75 3F 3F 00 1A 44 30 42 32 20   X~~Q~Zu??~~D0B2 
20 20 41 44 56 00 00 3C 3F 5A 75 3F 3F 00 60 44     ADV~~<?Zu??~`D
30 42 31 20 20 20 30 33 32 00 09 50 3F 5A 75 3F   0B1   032~~P?Zu?
3F 00 43 44 30 42 31 20 20 20 50 44 50 00 00 3E   ?~CD0B1   PDP~~>
7B 5A 75 3F 3F 00 3F 44 30 42 31 20 20 20 47 44   {Zu??~?D0B1   GD
43 00 09 50 3F 5A 75 3F 3F 00 4E 44 30 42 31 41   C~~P?Zu??~ND0B1A
47 20 20 20 20 00 09 4F 4F 5A 75 3F 3F 00 3B 44   G    ~~OOZu??~;D
30 42 31 20 20 20 30 32 33 00 00 2D 20 5A 75 3F   0B1   023~~- Zu?
3F 00 4E 44 30 42 31 20 20 20 42 43 54 00 00 13   ?~ND0B1   BCT~~~
33 5A 75 3F 3F 00 3B 44 30 42 31 37 30 20 20 20   3Zu??~;D0B170   
20 00 09 50 3F 5A 75 3F 3F 00 29 44 30 42 31 35    ~~P?Zu??~)D0B15
32 20 34 34 34 00 00 3E 7B 5A 75 3F 3F 00 3F 44   2 444~~>{Zu??~?D
30 42 32 20 20 20 47 44 43 00 00 0F 3F 5A 75 3F   0B2   GDC~~~?Zu?
3F 00 48 44 30 42 31 20 20 20 34 33 2D 00 09 4F   ?~HD0B1   43-~~O
4F 5A 75 3F 3F 00 36 44 30 42 31 20 20 20 30 32   OZu??~6D0B1   02
33 00 00 3E 7B 5A 75 3F 3F 00 3F 44 30 42 32 20   3~~>{Zu??~?D0B2 
20 20 47 44 43 00 00 10 3F 5A 75 3F 3F 00 41 44     GDC~~~?Zu??~AD
30 42 31 20 20 20 4D 45 44 00 00 58 3F 5A 75 3F   0B1   MED~~X?Zu?
3F 00 3F 44 30 42 31 20 20 20 36 33 33 00 00 3E   ?~?D0B1   633~~>
7B 5A 75 3F 3F 00 3F 44 30 42 31 20 20 20 47 44   {Zu??~?D0B1   GD
43 00 09 4F 3F 5A 75 3F 3F 00 01 44 30 42 31 38   C~~O?Zu??~~D0B18
38 20 46 45 50 00 09 4E 3F 5A 75 3F 3F 00 2F 44   8 FEP~~N?Zu??~/D
30 42 31 37 36 20 4D 45 44 00 00 3C 3F 5A 75 3F   0B176 MED~~<?Zu?
3F 00 30 44 30 42 31 20 20 20 30 33 32 00 00 3C   ?~0D0B1   032~~<
3F 5A 75 3F 3F 00 70 44 30 42 31 20 20 20 30 33   ?Zu??~pD0B1   03
32 00 00 4E 3F 5A 75 3F 3F 00 3D 44 30 42 31 20   2~~N?Zu??~=D0B1 
20 20 57 47 20 00 00 3E 7B 5A 75 3F 3F 01 3F 44     WG ~~>{Zu??~?D
30 42 31 20 20 20 47 44 43 00 00 3C 3F 5A 75 3F   0B1   GDC~~<?Zu?
3F 00 1B 44 30 42 32 20 20 20 30 33 32 00 00 10   ?~~D0B2   032~~~
3F 5A 75 3F 3F 00 28 44 30 42 31 20 20 20 4D 45   ?Zu??~(D0B1   ME
44 00 00 10 3F 5A 75 3F 3F 00 27 44 30 42 31 20   D~~~?Zu??~'D0B1 
20 20 41 44 56 00 00 3C 3F 5A 75 3F 3F 00 18 44     ADV~~<?Zu??~~D
30 42 32 20 20 20 30 33 32 00 00 10 3F 5A 75 3F   0B2   032~~~?Zu?
3F 00 13 44 30 42 32 20 20 20 4D 45 44 00 00 10   ?~~D0B2   MED~~~
3F 5A 75 3F 3F 00 2D 44 30 42 31 20 20 20 41 44   ?Zu??~-D0B1   AD
56 00 09 4F 08 5A 75 3F 3F 00 24 44 30 42 32 20   V~~O~Zu??~$D0B2 
20 20 43 4F 50 00 00 4E 3F 5A 75 3F 3F 00 08 44     COP~~N?Zu??~~D
30 42 32 20 20 20 49 53 20 00 00 3E 7B 5A 75 3F   0B2   IS ~~>{Zu?
3F 01 3F 44 30 42 31 20 20 20 47 44 43 00 09 4F   ?~?D0B1   GDC~~O
31 5A 75 3F 3F 00 49 44 30 42 31 20 20 20 39 39   1Zu??~ID0B1   99
39 00 09 4E 3F 5A 75 3F 3F 00 33 44 30 42 31 20   9~~N?Zu??~3D0B1 
20 20 54 42 4B 00 00 17 3B 5A 75 3F 3F 00 14 44     TBK~~~;Zu??~~D
30 42 32 20 20 20 43 4C 41 00 00 2A 3F 5A 75 3F   0B2   CLA~~*?Zu?
3F 00 01 44 30 42 32 20 20 20 43 41 53 00 00 10   ?~~D0B2   CAS~~~
3F 5A 75 3F 3F 00 22 44 30 42 32 20 20 20 41 44   ?Zu??~"D0B2   AD
56 00 00 3C 3F 5A 75 3F 3F 00 22 44 30 42 31 35   V~~<?Zu??~"D0B15
36 39 30 33 32 00 00 61 38 5A 75 3F 3F 00 18 44   69032~~a8Zu??~~D
30 42 32 20 20 20 36 38 33 00 09 4E 3F 5A 75 3F   0B2   683~~N?Zu?
3F 00 23 44 30 42 31 32 31 20 49 52 58 00 09 51   ?~#D0B121 IRX~~Q
1F 5A 75 3F 3F 00 27 44 30 42 31 36 39 20 41 44   ~Zu??~'D0B169 AD
56 00 09 50 3F 5A 75 3F 3F 00 1A 44 30 42 32 20   V~~P?Zu??~~D0B2 
20 20 34 36 34 00 00 10 3F 5A 75 3F 3F 00 2F 44     464~~~?Zu??~/D
30 42 31 20 20 20 41 44 56 00 09 50 3F 5A 75 3F   0B1   ADV~~P?Zu?
3F 00 59 44 30 42 31 20 20 20 34 39 34 00 09 4E   ?~YD0B1   494~~N
3F 5A 75 3F 3F 00 34 44 30 42 31 20 20 20 49 52   ?Zu??~4D0B1   IR
58 00 09 4E 3F 5A 75 3F 3F 00 0D 44 30 42 32 20   X~~N?Zu??~~D0B2 
20 20 49 52 58 00 00 3E 7B 5A 75 3F 3F 00 3F 44     IRX~~>{Zu??~?D
30 42 32 20 20 20 47 44 43 00 00 3E 7B 5A 75 3F   0B2   GDC~~>{Zu?
3F 00 3F 44 30 42 32 20 20 20 47 44 43 00 00 10   ?~?D0B2   GDC~~~
3F 5A 75 3F 3F 00 0F 44 30 42 32 20 20 20 41 44   ?Zu??~~D0B2   AD
56 00 00 10 3F 5A 75 3F 3F 00 26 44 30 42 31 30   V~~~?Zu??~&D0B10
39 20 41 44 56 00 00 10 3F 5A 75 3F 3F 00 27 44   9 ADV~~~?Zu??~'D
30 42 31 37 35 20 4D 43 41 00 00 10 3F 5A 75 3F   0B175 MCA~~~?Zu?
3F 00 28 44 30 42 31 20 20 20 4D 45 44 00 00 2D   ?~(D0B1   MED~~-
20 5A 75 3F 3F 00 40 44 30 42 31 20 20 20 42 43    Zu??~@D0B1   BC
54 00 00 10 3F 5A 75 3F 3F 00 3A 44 30 42 31 20   T~~~?Zu??~:D0B1 
20 20 4D 45 44 00 00 0F 12 5A 75 3F 3F 00 24 44     MED~~~~Zu??~$D
30 42 31 37 39 20 41 34 20 00 00 55 41 5A 75 3F   0B179 A4 ~~UAZu?
3F 00 2E 44 30 42 31 20 20 20 49 52 58 00 00 3C   ?~.D0B1   IRX~~<
3F 5A 75 3F 3F 00 36 44 30 42 31 20 20 20 30 33   ?Zu??~6D0B1   03
32 00 09 51 21 5A 75 3F 3F 00 2F 44 30 42 31 37   2~~Q!Zu??~/D0B17
30 20 50 48 50 00 09 4E 3F 5A 75 3F 3F 00 59 44   0 PHP~~N?Zu??~YD
30 42 32 20 20 20 49 52 58 00 00 5D 48 5A 75 3F   0B2   IRX~~]HZu?
3F 00 51 44 30 42 31 20 20 20 4B 59 50 00 00 10   ?~QD0B1   KYP~~~
3F 5A 75 3F 3F 00 0D 44 30 42 32 20 20 20 4D 45   ?Zu??~~D0B2   ME
44 00 09 50 3F 5A 75 3F 3F 00 51 44 30 42 31 20   D~~P?Zu??~QD0B1 
20 20 30 30 36 00 00 32 21 5A 75 3F 3F 00 3A 44     006~~2!Zu??~:D
30 42 31 20 20 20 46 4C 42 00 00 10 3F 5A 75 3F   0B1   FLB~~~?Zu?
3F 00 34 44 30 42 31 20 20 20 4D 45 44 00 00 3E   ?~4D0B1   MED~~>
7B 5A 75 3F 3F 00 3F 44 30 42 31 20 20 20 47 44   {Zu??~?D0B1   GD
43 00 00 2A 3F 5A 75 3F 3F 00 08 44 30 42 32 20   C~~*?Zu??~~D0B2 
20 20 43 41 53 00 00 10 3F 5A 75 3F 3F 00 30 44     CAS~~~?Zu??~0D
30 42 31 37 36 20 41 44 56 00 00 3C 3F 5A 75 3F   0B176 ADV~~<?Zu?
3F 00 25 44 30 42 31 20 20 20 30 33 32 00 00 3E   ?~%D0B1   032~~>
7B 5A 75 3F 3F 00 3F 44 30 42 31 20 20 20 47 44   {Zu??~?D0B1   GD
43 00 00 3D 3F 5A 75 3F 3F 00 24 44 30 42 31 36   C~~=?Zu??~$D0B16
35 20 30 36 30 00 00 10 3F 5A 75 3F 3F 00 1E 44   5 060~~~?Zu??~~D
30 42 31 34 31 20 4D 43 41 00 09 4E 3F 5A 75 3F   0B141 MCA~~N?Zu?
3F 00 2C 44 30 42 31 20 20 20 4D 45 44 00 09 50   ?~,D0B1   MED~~P
3F 5A 75 3F 3F 00 46 44 30 42 31 20 20 20 30 30   ?Zu??~FD0B1   00
36 00 00 3E 7B 5A 75 3F 3F 00 3F 44 30 42 31 20   6~~>{Zu??~?D0B1 
20 20 47 44 43 00 09 50 3F 5A 75 3F 3F 00 2D 44     GDC~~P?Zu??~-D
30 42 31 41 47 20 4D 45 44 00 00 39 3F 5A 75 3F   0B1AG MED~~9?Zu?
3F 00 28 44 30 45 31 20 20 20 43 4F 4D 00 00 3C   ?~(D0E1   COM~~<
3F 5A 75 3F 3F 00 46 44 30 42 31 20 20 20 30 33   ?Zu??~FD0B1   03
32 00 09 51 1F 5A 75 3F 3F 00 31 44 30 42 31 20   2~~Q~Zu??~1D0B1 
20 20 41 44 56 00 00 10 3F 5A 75 3F 3F 00 38 44     ADV~~~?Zu??~8D
30 42 31 20 20 20 4D 45 44 00 09 4F 31 5A 75 3F   0B1   MED~~O1Zu?
3F 00 18 44 30 42 32 20 20 20 39 39 39 00 00 3C   ?~~D0B2   999~~<
3F 5A 75 3F 3F 00 15 44 30 42 32 38 37 20 30 33   ?Zu??~~D0B287 03
32 00 00 0F 12 5A 75 3F 3F 00 22 44 30 42 31 36   2~~~~Zu??~"D0B16
35 20 4D 41 20 00 00 2D 20 5A 75 3F 3F 00 3A 44   5 MA ~~- Zu??~:D
30 42 31 39 34 33 42 43 54 00 09 50 3F 5A 75 3F   0B1943BCT~~P?Zu?
3F 00 78 44 30 42 31 20 20 20 30 30 36 00 00 10   ?~xD0B1   006~~~
3F 5A 75 3F 3F 00 35 44 30 42 31 20 20 20 4D 45   ?Zu??~5D0B1   ME
44 00 00 10 3F 5A 75 3F 3F 00 45 44 30 42 31 47   D~~~?Zu??~ED0B1G
46 20 54 45 4C 00 00 30 18 5A 75 3F 3F 00 3F 44   F TEL~~0~Zu??~?D
30 42 31 20 20 20 50 41 52 00 00 3E 7B 5A 75 3F   0B1   PAR~~>{Zu?
3F 00 3F 44 30 42 32 20 20 20 47 44 43 00 09 50   ?~?D0B2   GDC~~P
3F 5A 75 3F 3F 00 2B 44 30 42 31 37 39 20 4D 45   ?Zu??~+D0B179 ME
44 00 09 4F 31 5A 75 3F 3F 00 42 44 30 42 31 20   D~~O1Zu??~BD0B1 
20 20 39 39 39 00 00 3E 7B 5A 75 3F 3F 01 3F 44     999~~>{Zu??~?D
30 42 31 20 20 20 47 44 43 00 00 2D 20 5A 75 3F   0B1   GDC~~- Zu?
3F 00 3B 44 30 42 31 39 34 33 42 43 54 00 00 4E   ?~;D0B1943BCT~~N
3F 5A 75 3F 3F 00 12 44 30 42 32 20 20 20 57 47   ?Zu??~~D0B2   WG
20 00 00 39 3F 5A 75 3F 3F 00 2B 44 30 45 31 4D    ~~9?Zu??~+D0E1M
36 20 43 4F 4D 00 09 50 3F 5A 75 3F 3F 00 28 44   6 COM~~P?Zu??~(D
30 42 31 20 20 20 4D 45 44 00 09 4F 31 5A 75 3F   0B1   MED~~O1Zu?
3F 00 45 44 30 42 31 20 20 20 39 39 39 00 00 10   ?~ED0B1   999~~~
3F 5A 75 3F 3F 00 28 44 30 42 31 20 20 20 41 44   ?Zu??~(D0B1   AD
56 00 09 51 2A 5A 75 3F 3F 00 5A 44 30 42 31 20   V~~Q*Zu??~ZD0B1 
20 20 4E 56 54 00 09 4E 3F 5A 75 3F 3F 00 38 44     NVT~~N?Zu??~8D
30 42 31 37 30 20 20 20 20 00 00 10 3F 5A 75 3F   0B170    ~~~?Zu?
3F 00 3C 44 30 42 31 20 20 20 4D 45 44 00 00 10   ?~<D0B1   MED~~~
3F 5A 75 3F 3F 00 2D 44 30 42 31 20 20 20 4D 45   ?Zu??~-D0B1   ME
44 00 00 42 72 5A 75 3F 3F 00 48 44 30 42 32 20   D~~BrZu??~HD0B2 
20 20 43 49 4D 00 09 4E 3F 5A 75 3F 3F 00 5B 44     CIM~~N?Zu??~[D
30 42 31 37 35 20 54 42 4B 00 09 4F 31 5A 75 3F   0B175 TBK~~O1Zu?
3F 00 49 44 30 42 31 37 30 20 39 39 39 00 09 51   ?~ID0B170 999~~Q
2A 5A 75 3F 3F 00 31 44 30 42 31 20 20 20 4E 56   *Zu??~1D0B1   NV
54 00 00 0F 12 5A 75 3F 3F 00 4F 44 30 42 31 20   T~~~~Zu??~OD0B1 
20 20 41 34 20 00 00 42 72 5A 75 3F 3F 00 3F 44     A4 ~~BrZu??~?D
30 42 31 37 30 20 43 49 4D 00 00 10 3F 5A 75 3F   0B170 CIM~~~?Zu?
3F 00 22 44 30 42 31 58 32 20 54 45 4C 00 00 2D   ?~"D0B1X2 TEL~~-
20 5A 75 3F 3F 00 45 44 30 42 31 20 20 20 31 32    Zu??~ED0B1   12
31 00 00 3E 7B 5A 75 3F 3F 00 3F 44 30 42 31 20   1~~>{Zu??~?D0B1 
20 20 47 44 43 00 00 10 3F 5A 75 3F 3F 00 3A 44     GDC~~~?Zu??~:D
30 42 31 37 39 20 4D 43 41 00 00 29 53 5A 75 3F   0B179 MCA~~)SZu?
3F 00 7F 44 30 42 31 20 20 20 4F 4B 41 00 00 10   ?~~D0B1   OKA~~~
3F 5A 75 3F 3F 00 33 44 30 42 31 20 20 20 41 44   ?Zu??~3D0B1   AD
56 00 00 2A 3F 5A 75 3F 3F 00 06 44 30 42 32 20   V~~*?Zu??~~D0B2 
20 20 43 41 53 00 00 10 3F 5A 75 3F 3F 00 2E 44     CAS~~~?Zu??~.D
30 42 31 20 20 20 41 44 56 00 09 51 2A 5A 75 3F   0B1   ADV~~Q*Zu?
3F 00 3B 44 30 42 31 20 20 20 4E 56 54 00 09 51   ?~;D0B1   NVT~~Q
3F 5A 75 3F 3F 00 3F 44 30 42 31 37 39 20 43 52   ?Zu??~?D0B179 CR
58 00 00 3C 3F 5A 75 3F 3F 00 2C 44 30 42 31 30   X~~<?Zu??~,D0B10
34 20 30 33 32 00 09 4E 3F 5A 75 3F 3F 00 11 44   4 032~~N?Zu??~~D
30 42 32 20 20 20 54 42 4B 00 00 3C 3F 5A 75 3F   0B2   TBK~~<?Zu?
3F 00 3E 44 30 42 31 20 20 20 30 33 32 00 00 10   ?~>D0B1   032~~~
3F 5A 75 3F 3F 00 25 44 30 42 31 20 20 20 4D 45   ?Zu??~%D0B1   ME
03                                                ~